200 2000
28
88
104
83
61
116
29
27
37
74
87
101
40
36
35
46
89
28
81
68
62
32
43
86
99
113
25
58
89
54
52
49
22
36
64
64
33
26
23
50
80
90
31
53
106
98
79
27
106
41
75
49
105
98
115
36
44
72
26
65
107
58
46
61
75
91
105
88
97
60
70
109
83
33
42
21
112
102
29
50
75
84
79
112
115
27
28
91
79
86
88
118
25
114
112
80
85
97
100
114
90
50
104
53
63
26
54
107
60
63
38
67
80
49
111
27
56
71
98
68
38
66
66
43
112
58
103
78
88
83
72
58
65
108
91
60
67
77
48
107
21
118
107
33
47
98
40
84
50
70
32
68
68
30
43
60
69
26
70
89
41
23
79
86
63
102
78
110
59
106
98
60
56
37
73
84
115
45
100
97
95
112
97
43
74
20
36
75
78
86
44
51
89
55
69
85
37
28
75
77
122 123
83 118
67 144
2 184
81 135
80 189
24 154
101 124
72 83
11 171
115 127
175 185
9 21
126 197
49 129
123 140
4 11
149 158
78 161
85 165
26 194
100 197
3 122
1 86
164 194
57 74
79 194
1 52
3 128
2 4
9 142
79 166
37 153
67 183
104 150
96 101
98 130
133 196
149 172
167 171
28 113
144 193
146 174
177 197
26 199
133 188
12 93
154 199
2 173
104 134
35 77
7 153
86 149
58 93
51 64
164 177
45 170
19 109
58 117
95 149
57 82
83 150
37 47
49 101
10 36
39 105
58 71
157 199
44 160
11 16
108 193
105 127
36 116
77 185
26 46
80 103
60 164
6 107
59 153
108 116
95 166
155 167
24 106
76 136
44 150
11 99
27 190
106 116
15 193
43 62
19 123
32 117
39 75
139 145
0 135
61 182
166 168
149 190
75 178
79 177
22 178
12 188
105 157
70 125
50 113
22 187
56 189
54 180
84 193
125 171
138 193
111 153
55 107
102 134
133 185
7 111
63 100
21 172
157 194
7 98
37 60
29 49
35 93
129 181
107 181
52 126
6 45
38 104
13 92
38 198
25 150
40 157
2 129
13 159
111 124
118 184
100 148
185 194
118 135
116 123
25 176
23 43
81 134
127 147
166 173
97 150
54 68
70 190
4 184
60 181
99 115
64 196
133 199
10 135
51 133
29 51
46 61
52 147
127 179
46 52
97 143
2 165
145 198
134 187
149 168
16 194
68 142
32 67
42 75
126 154
128 158
141 155
4 159
84 89
135 139
136 188
31 91
29 106
93 188
137 163
62 109
82 105
51 138
101 126
56 132
4 60
14 112
18 154
43 71
54 162
130 191
113 151
34 57
142 174
57 102
63 164
169 198
58 100
95 191
52 156
3 170
157 164
140 187
152 195
35 150
101 138
124 148
43 110
12 98
100 161
19 129
81 127
140 188
36 179
131 135
40 86
4 57
143 196
93 97
35 183
132 146
56 111
9 127
21 179
102 122
3 198
139 181
143 161
26 127
48 167
58 113
109 123
8 66
57 105
41 112
58 92
125 155
52 67
88 116
31 38
142 182
123 193
89 121
0 36
85 115
167 180
42 143
89 103
60 147
160 172
4 188
31 113
50 111
27 165
90 148
17 32
10 130
3 155
51 144
3 119
29 122
99 124
116 141
177 179
88 139
28 149
95 132
6 141
58 182
72 185
2 158
41 104
12 164
16 44
0 156
87 137
74 186
61 191
127 192
167 168
69 131
178 195
2 88
136 184
98 169
9 57
65 123
87 98
29 94
55 185
94 142
74 169
81 87
112 160
32 79
128 162
75 101
55 140
76 164
62 192
1 197
71 120
18 121
48 160
16 167
62 185
60 110
143 183
47 147
103 179
79 183
141 181
59 82
23 36
28 158
37 108
61 181
28 152
140 182
0 150
108 185
165 170
97 113
148 168
27 76
152 169
11 160
51 197
162 186
23 177
70 111
36 50
19 63
15 191
51 121
38 152
21 150
86 139
39 199
27 54
66 158
27 196
0 169
155 176
114 153
131 184
31 186
138 177
12 46
28 199
1 50
101 141
52 87
94 180
47 79
27 52
26 174
2 27
81 93
12 107
77 124
16 132
70 107
154 193
82 174
85 153
6 175
15 26
58 159
89 109
113 158
116 184
87 96
138 169
45 189
19 181
65 121
29 35
136 180
170 183
88 154
7 82
94 186
49 104
145 158
103 193
71 109
87 111
157 177
80 99
13 22
96 118
79 153
125 167
60 85
40 137
97 100
74 146
83 123
28 50
33 43
56 131
104 170
14 167
99 199
113 121
31 165
44 169
94 136
21 163
100 106
6 13
39 149
32 104
154 162
143 149
4 6
164 172
85 123
38 88
7 68
84 156
47 102
160 177
99 143
49 119
23 182
81 97
94 130
44 79
0 37
37 103
9 124
19 199
57 94
87 114
70 119
0 170
21 79
143 150
70 77
104 174
104 126
171 198
135 187
171 173
47 90
62 182
29 46
85 119
136 143
8 166
55 130
87 166
61 152
37 174
138 163
17 78
28 67
155 188
16 111
58 80
14 111
120 157
43 192
139 195
128 155
57 184
23 86
71 190
36 60
126 164
24 195
43 143
83 175
191 198
30 195
50 58
45 122
40 167
114 162
43 131
118 188
27 156
50 163
146 199
62 110
86 126
9 69
130 185
80 153
100 176
111 178
110 156
77 101
15 196
40 128
58 110
37 68
32 66
12 87
31 150
26 157
21 166
47 84
136 197
110 176
46 66
77 123
14 44
94 115
25 103
140 163
91 195
55 180
130 178
82 88
118 166
67 133
91 103
88 132
39 42
16 37
45 60
26 112
28 90
121 145
5 84
37 49
17 31
9 104
138 147
97 114
8 116
19 131
10 140
108 125
137 199
106 112
163 196
84 92
120 130
103 146
3 148
95 113
93 162
102 161
79 160
50 153
43 45
13 168
12 154
60 105
69 124
8 16
101 105
66 178
12 183
81 131
167 194
61 179
109 140
115 188
68 101
144 190
3 114
20 65
168 170
80 92
40 191
49 61
93 127
91 108
8 59
55 187
72 164
127 187
28 104
55 94
121 125
50 190
18 141
21 112
56 62
13 75
105 106
84 154
46 183
191 192
47 57
129 130
11 57
67 116
38 123
115 162
45 164
105 186
134 169
148 160
25 173
24 82
80 130
15 166
159 176
6 33
136 158
114 170
30 145
183 189
106 151
98 151
67 155
89 153
49 125
102 150
78 175
7 33
8 151
22 137
110 180
69 170
13 191
19 180
125 149
28 103
118 155
57 80
119 159
46 182
167 189
5 197
27 119
86 181
57 159
46 193
41 65
126 190
162 191
171 189
65 96
89 122
128 161
33 63
7 174
13 30
10 192
35 152
19 37
65 179
172 183
109 131
74 114
71 104
88 197
87 152
81 163
0 196
144 159
126 171
47 124
117 180
15 57
21 77
4 152
142 187
25 77
48 191
51 119
47 49
0 160
88 123
81 88
71 177
42 199
103 124
41 83
99 193
14 50
55 176
70 118
42 195
43 48
99 139
114 186
74 148
138 188
19 197
69 76
76 148
52 63
105 152
87 145
4 138
111 132
29 145
139 154
2 177
68 182
97 102
2 54
171 193
121 191
19 164
65 190
5 47
117 199
62 156
18 144
150 191
37 105
131 166
107 113
34 161
40 162
134 164
107 185
7 102
126 149
167 174
17 125
40 70
35 87
77 138
66 78
161 195
32 54
18 27
16 189
59 132
44 75
39 82
117 146
31 65
91 138
17 101
107 142
39 94
116 181
11 32
135 179
119 125
34 152
2 138
141 149
125 145
3 44
35 42
109 134
11 125
32 103
94 105
38 126
10 111
49 97
90 126
17 76
78 107
78 172
56 164
1 141
89 144
132 197
107 131
8 18
73 118
40 175
119 167
13 129
14 30
27 72
141 196
19 149
111 143
84 144
64 185
62 181
64 117
87 169
39 73
65 112
14 79
179 184
161 166
140 193
39 134
106 191
49 167
54 111
86 118
19 97
166 180
35 101
6 60
70 92
106 126
62 102
37 63
29 31
68 155
91 117
8 23
34 175
25 88
39 63
6 88
82 139
6 69
164 192
85 130
8 35
137 143
70 181
99 152
107 164
81 119
127 150
34 103
24 94
97 182
179 182
73 140
0 66
105 130
140 151
94 138
9 77
27 181
60 191
25 38
114 174
116 150
8 165
132 142
6 96
83 96
24 140
27 175
80 165
21 109
1 126
90 139
178 192
17 71
130 168
51 142
119 197
92 157
84 176
52 180
134 135
77 158
27 56
85 107
21 59
16 100
58 60
52 191
36 62
22 156
73 144
50 93
94 145
70 103
10 157
39 190
17 115
95 153
68 76
12 92
24 120
102 111
28 138
46 70
76 96
163 173
166 190
2 12
69 164
11 169
3 37
98 180
56 190
119 154
39 100
2 130
151 158
76 92
138 161
98 189
34 62
162 176
116 180
2 189
81 158
13 84
194 195
135 137
21 45
105 196
132 198
25 93
34 123
137 196
99 118
88 112
120 145
85 199
182 194
31 117
34 84
123 175
137 168
149 194
33 117
142 192
78 81
155 156
7 60
73 124
48 145
47 70
52 182
14 193
77 121
5 137
33 83
76 139
17 127
109 145
17 81
100 141
125 176
17 24
22 87
4 23
91 169
18 164
18 46
3 160
77 107
109 191
0 62
19 190
17 80
50 87
49 139
25 143
64 161
50 86
0 25
42 92
13 194
56 193
31 169
91 196
46 106
34 60
53 58
2 76
85 89
78 134
22 28
44 159
161 183
82 183
125 139
27 133
84 138
121 126
53 75
51 164
181 198
111 191
19 40
98 155
136 174
86 120
103 180
15 199
38 138
66 92
24 182
20 25
158 170
126 135
166 169
19 43
93 179
139 179
111 194
126 130
33 69
51 170
93 152
153 195
8 60
173 180
83 170
28 185
79 107
122 195
40 126
66 101
12 171
12 101
91 197
61 122
1 14
163 174
13 88
154 183
56 171
109 127
6 85
16 32
128 142
72 181
43 160
125 193
36 96
19 122
98 171
64 186
141 192
73 113
0 22
69 190
84 134
67 93
45 88
61 170
49 185
92 156
15 147
11 94
140 196
49 78
137 193
2 151
104 194
31 176
110 118
53 197
3 146
0 64
170 172
14 127
26 128
22 30
38 122
39 170
60 152
33 55
14 179
143 159
10 70
61 63
19 64
83 162
64 197
113 186
169 192
1 49
18 183
56 71
57 194
9 96
6 81
20 64
60 176
22 163
25 46
17 86
41 48
52 106
165 197
92 166
45 109
128 167
180 190
37 184
32 184
190 198
15 113
125 163
126 191
148 189
6 145
34 58
3 31
47 176
85 149
93 116
13 25
106 150
15 43
13 134
0 185
148 180
27 73
82 160
107 166
177 182
76 105
30 177
75 142
93 108
100 152
58 67
144 147
33 132
13 144
33 70
12 185
143 145
3 94
64 74
48 193
8 125
38 98
40 102
65 148
118 148
52 158
185 199
18 55
83 199
32 68
21 169
66 127
82 120
1 120
9 75
45 125
0 100
65 118
18 48
52 183
129 169
3 184
123 135
107 157
92 187
74 159
114 146
67 193
66 69
29 112
29 146
16 164
46 164
30 35
16 116
19 151
90 100
57 187
164 166
10 144
18 104
115 164
67 136
82 95
11 96
99 142
86 175
124 143
75 154
54 114
118 123
36 41
88 138
46 192
108 168
73 162
0 83
19 56
19 103
53 115
66 152
10 41
86 190
136 144
50 162
32 150
144 173
13 68
66 82
157 190
34 120
15 117
23 72
88 92
78 142
46 121
37 137
8 73
122 133
36 75
49 154
174 180
14 192
156 172
27 44
96 124
68 99
160 185
127 178
72 122
173 193
60 162
1 85
48 123
84 161
29 162
16 155
128 182
127 138
14 96
23 165
8 114
77 92
87 149
13 166
95 178
48 127
16 175
124 177
11 105
27 91
19 61
9 161
72 100
88 168
66 111
85 180
72 163
24 159
64 143
111 172
100 121
89 160
27 84
39 66
109 189
2 66
28 81
153 163
3 80
73 146
115 159
79 187
103 122
98 138
71 198
50 72
10 123
150 161
46 180
141 187
170 190
105 188
68 75
109 149
166 176
45 108
163 182
13 101
99 120
84 170
159 171
132 133
62 130
3 65
118 154
60 163
77 103
152 165
26 123
53 90
2 161
87 117
143 188
16 131
15 88
11 186
71 127
96 189
1 161
71 144
60 68
97 131
97 163
49 87
55 75
78 129
16 168
112 195
126 157
80 197
18 94
8 21
57 89
43 162
18 106
38 114
46 118
82 135
95 137
121 170
2 192
44 170
24 127
104 122
16 124
75 85
164 189
142 151
7 112
10 74
128 151
38 120
15 162
35 175
119 137
37 138
8 32
8 134
56 135
12 65
14 97
39 56
64 166
54 138
8 10
45 123
20 177
114 158
92 148
52 76
108 186
84 195
149 195
7 20
89 104
34 146
95 152
162 199
32 52
41 53
116 191
23 26
57 115
62 174
34 191
0 27
37 177
15 18
2 94
116 189
30 154
187 188
34 194
48 180
44 96
67 191
1 122
49 182
15 125
15 83
113 153
82 163
103 130
52 197
121 132
39 186
151 175
26 138
6 169
13 186
54 130
33 128
98 177
13 93
46 113
28 78
80 181
132 159
43 178
5 117
82 157
44 60
95 165
18 33
72 130
115 163
1 198
130 179
24 96
143 162
22 142
3 102
53 186
97 134
3 192
101 131
47 192
12 148
10 133
35 94
49 58
36 199
166 189
13 48
10 110
35 84
104 137
39 158
75 125
7 19
90 128
120 127
34 68
154 186
3 32
20 44
33 154
2 186
46 48
81 164
69 84
124 170
27 197
49 186
17 130
76 89
57 111
110 149
64 108
135 140
67 131
21 160
98 164
24 162
99 140
183 195
9 117
59 188
109 114
83 174
3 39
96 173
83 114
174 197
84 147
66 166
15 178
131 187
76 163
40 104
63 65
122 157
54 72
31 180
22 155
80 183
49 71
68 163
23 110
76 120
16 19
52 96
47 53
107 161
119 144
27 39
23 167
38 107
24 71
48 58
133 163
89 162
84 109
88 178
109 157
84 137
27 97
123 150
75 84
9 146
147 173
23 33
48 137
56 196
48 141
89 159
103 195
81 150
83 107
143 173
0 192
67 94
75 103
22 103
83 103
147 183
79 132
116 188
127 130
16 28
67 167
26 59
162 184
154 170
0 12
103 140
176 186
133 158
37 159
18 79
6 116
43 148
88 176
60 122
27 151
141 162
53 103
24 146
9 83
9 13
95 106
64 81
22 82
41 166
12 184
72 128
143 172
31 172
100 184
52 153
11 46
16 166
101 113
110 192
148 158
64 135
76 146
110 194
122 139
163 179
2 122
126 136
36 105
11 110
40 73
7 57
90 159
34 72
20 21
93 192
8 15
28 91
90 154
45 85
9 167
90 97
93 196
4 85
7 126
16 77
109 175
106 197
50 81
42 48
59 70
139 165
113 176
77 163
124 145
35 44
21 90
106 183
46 190
75 184
7 21
134 147
53 130
83 163
55 125
11 114
102 148
32 61
79 195
24 138
119 135
11 92
25 195
23 198
96 98
45 156
87 183
50 66
2 106
14 144
92 172
4 116
147 153
43 151
70 123
135 178
155 162
82 113
130 171
29 48
4 68
26 51
43 77
46 69
13 135
105 128
10 64
15 28
54 151
86 184
0 38
72 92
22 65
44 113
3 112
30 70
65 115
59 184
75 198
55 101
156 165
66 184
120 181
19 87
56 126
100 171
37 198
42 123
78 102
106 124
21 108
119 190
53 158
113 156
129 167
11 85
29 84
65 69
101 156
36 158
34 160
33 58
133 149
27 51
12 86
72 176
59 166
17 192
105 171
100 125
72 89
157 185
6 118
20 174
163 178
75 197
182 188
24 122
75 162
48 86
3 158
107 121
77 150
8 93
2 193
80 91
131 189
137 162
116 182
52 79
2 112
52 154
130 184
98 126
12 157
146 161
6 171
34 73
83 127
37 81
73 114
81 156
43 55
93 171
25 98
2 89
100 108
36 141
38 68
135 196
32 33
109 155
39 143
29 74
23 62
48 64
145 176
49 188
155 165
110 147
6 199
18 99
9 36
5 152
114 156
107 196
9 136
22 32
86 151
36 183
63 171
19 38
88 137
94 129
99 137
125 194
108 113
48 113
4 65
173 179
141 152
61 175
125 164
13 158
44 197
107 146
120 136
9 126
7 74
55 163
1 107
15 40
88 115
81 132
45 57
71 153
79 172
35 185
79 189
72 113
16 98
71 73
13 180
53 73
140 195
28 141
33 72
41 82
30 194
2 153
25 188
14 140
26 68
55 150
81 174
49 120
24 193
37 121
146 173
90 121
38 183
168 190
144 199
97 137
153 162
45 86
106 177
72 79
105 113
5 33
29 155
76 179
60 174
12 25
43 127
11 74
19 69
10 158
116 121
154 161
50 60
81 185
91 125
86 159
46 67
90 122
37 194
48 97
60 172
134 151
105 120
79 114
174 182
128 152
2 143
129 141
35 66
121 172
18 177
67 140
140 177
62 140
0 166
37 86
69 157
144 183
117 140
13 198
91 94
2 87
84 142
107 176
71 121
97 116
68 107
63 144
85 154
98 101
20 42
138 168
167 182
29 151
45 58
158 168
111 113
56 195
7 115
79 171
36 87
128 143
155 192
61 87
77 140
49 112
80 182
117 187
138 199
58 146
56 183
46 178
34 121
41 129
149 164
8 185
3 136
80 110
80 167
109 172
36 108
68 98
68 159
37 57
56 114
19 187
12 43
116 192
76 177
130 180
10 165
43 197
15 130
3 18
71 80
105 139
17 49
78 115
26 49
69 103
13 190
96 143
61 123
106 166
58 188
117 133
136 178
58 87
50 99
52 61
68 139
94 167
70 140
115 154
90 129
96 138
19 24
82 151
9 137
70 79
48 158
118 122
61 169
113 184
75 189
36 81
151 168
122 151
32 193
18 131
57 190
44 127
10 150
10 75
41 60
69 130
116 131
51 52
44 193
77 79
47 181
84 181
121 174
92 117
58 174
82 140
113 161
75 136
11 63
76 86
5 107
6 73
10 190
77 187
3 156
64 184
29 68
20 137
30 121
111 155
170 177
59 69
4 84
22 42
27 160
119 150
52 140
79 129
84 86
68 144
189 194
23 88
26 161
97 191
4 89
66 114
73 125
65 147
70 127
60 179
61 70
83 99
93 174
15 25
68 138
117 193
82 122
101 148
73 147
57 124
141 172
51 128
69 109
44 140
46 108
143 192
21 36
169 188
56 107
174 181
63 141
89 96
116 195
40 114
53 87
133 182
121 154
46 60
120 165
66 112
33 96
54 153
35 141
82 127
50 175
124 167
38 170
7 175
77 141
