50 250
63
38
106
42
63
40
79
86
36
78
86
101
41
33
55
81
84
28
35
99
69
102
44
53
52
41
119
58
28
21
27
71
39
65
94
34
85
105
101
53
116
119
86
89
85
21
50
101
29
117
32 44
11 32
13 26
32 37
25 29
21 37
30 39
36 38
4 11
31 48
20 35
8 9
5 39
37 43
10 44
27 40
40 42
8 18
1 28
9 35
22 24
7 48
8 36
12 18
18 49
30 40
8 29
15 21
14 18
11 29
2 44
23 34
20 33
14 23
18 23
42 48
5 22
0 10
14 25
30 45
14 21
24 25
2 47
21 39
1 13
2 7
5 27
25 44
8 13
1 33
1 32
6 26
8 26
16 35
43 47
7 30
8 20
22 31
7 22
20 43
25 47
27 30
8 24
32 40
9 23
12 16
22 49
20 28
21 38
30 37
8 45
13 30
2 35
25 26
11 25
5 41
2 31
1 44
12 13
18 30
19 24
43 49
33 39
2 41
17 34
24 39
2 3
14 16
19 27
9 32
2 11
15 26
23 46
47 48
2 18
17 44
46 47
31 40
35 44
19 22
12 48
8 17
0 24
28 33
42 43
10 47
5 38
13 29
12 35
3 29
16 23
14 22
12 21
6 45
9 19
23 28
18 38
18 40
13 25
8 48
6 25
21 49
6 34
33 35
0 39
10 11
14 32
11 26
37 40
10 48
0 9
17 27
30 46
28 36
21 27
7 27
13 43
2 14
27 43
9 15
11 43
1 20
2 30
22 40
1 31
22 42
3 19
35 39
16 17
33 44
7 17
26 31
11 21
19 32
4 22
3 23
7 45
10 43
26 38
31 32
7 21
18 25
41 42
15 35
26 34
4 45
8 15
26 37
10 15
13 20
17 22
8 32
43 48
16 26
8 39
33 45
0 18
15 34
15 20
2 23
28 48
23 27
23 48
38 47
15 48
11 31
39 47
5 37
34 40
37 41
27 41
2 13
26 29
9 11
22 39
14 37
37 47
2 45
2 26
15 49
5 26
6 13
41 47
17 32
9 17
0 47
8 41
5 32
2 29
7 15
4 19
9 18
27 28
3 28
2 25
36 47
33 48
5 6
16 18
5 8
32 39
9 47
17 46
18 19
24 38
1 3
16 30
6 20
7 13
8 12
19 29
15 47
23 37
2 19
11 14
0 30
7 32
34 39
7 10
25 27
31 37
21 46
12 15
38 49
12 41
17 45
31 47
14 45
6 36
0 16
