150 250
96
102
104
50
91
30
51
41
71
57
107
83
105
31
112
56
28
95
106
112
99
49
75
41
38
50
68
40
119
82
91
48
116
75
78
87
37
62
108
89
51
95
104
89
58
49
25
67
76
111
111
55
41
67
29
111
49
77
31
49
91
54
77
87
109
87
54
79
29
94
100
113
22
36
82
60
65
87
107
73
78
51
109
51
98
70
42
79
79
106
108
50
40
117
69
82
37
55
41
98
29
21
91
31
89
53
72
35
72
111
88
83
42
29
114
72
31
89
32
90
75
72
72
47
22
21
109
39
56
82
117
118
35
41
29
105
74
33
72
27
25
40
42
99
102
36
104
65
57
68
42 71
43 131
74 76
3 7
77 105
106 135
66 93
0 149
50 104
13 114
64 107
72 103
50 100
44 61
99 147
72 121
43 115
102 120
91 105
29 98
66 84
28 54
54 132
80 84
8 45
98 124
20 54
5 77
23 123
22 118
25 40
68 143
57 147
51 90
5 119
89 149
36 54
19 70
10 100
5 70
5 145
44 101
24 25
106 148
99 127
21 124
66 69
95 127
35 64
28 121
57 79
60 145
35 80
45 65
30 122
17 77
114 127
3 80
37 138
53 139
66 126
16 135
43 111
9 112
42 48
105 130
40 122
59 100
22 68
7 104
24 40
70 83
14 138
28 73
28 103
18 19
5 34
4 100
19 47
95 109
113 141
103 137
83 105
47 106
54 75
60 116
46 78
88 119
60 63
65 147
15 91
84 96
101 140
46 148
9 57
25 146
1 48
12 132
59 106
32 140
102 113
50 94
138 148
63 110
51 112
25 44
11 30
131 141
2 89
32 63
28 49
88 149
29 101
33 37
10 23
26 121
21 28
22 78
61 137
14 39
64 99
59 129
102 128
111 130
45 93
43 142
73 132
4 142
25 83
93 145
65 101
73 129
95 138
57 102
82 148
84 116
77 115
63 93
76 81
25 73
18 121
69 96
0 113
2 135
41 96
33 44
63 106
51 75
104 132
3 36
22 33
22 148
1 86
83 91
64 66
10 36
84 131
34 137
37 147
24 38
35 57
98 134
14 59
51 118
93 107
56 126
79 129
32 124
67 117
17 33
27 85
20 69
6 61
58 59
83 95
130 148
132 141
57 78
41 129
77 134
35 86
13 117
16 137
52 135
7 69
19 92
140 149
14 60
125 146
20 91
18 59
71 102
51 52
61 145
83 138
19 129
75 142
39 92
32 91
77 91
10 148
61 85
2 139
121 135
43 127
88 129
61 102
15 40
4 101
10 87
42 141
8 67
47 86
9 20
40 138
103 111
99 137
14 28
38 101
13 130
44 81
45 69
11 147
53 60
15 123
6 42
15 50
73 101
0 134
92 122
25 135
45 64
60 84
87 92
0 7
68 81
52 137
101 126
50 89
4 65
46 62
72 77
47 148
80 148
84 104
11 143
38 90
75 76
0 69
0 14
