50 750
72
44
25
71
101
73
23
42
57
93
80
36
24
92
22
37
85
112
45
41
110
93
101
81
73
104
50
47
41
110
53
94
34
58
97
115
64
100
90
101
26
50
117
82
75
119
99
40
112
77
17 45
28 45
20 36
11 48
7 26
5 44
15 36
17 37
40 44
17 26
37 39
8 22
16 39
12 40
18 33
2 3
0 13
33 49
22 44
1 48
20 39
6 31
12 26
23 39
10 17
13 26
2 28
18 43
35 36
39 46
48 49
1 22
18 20
1 20
8 19
9 17
29 48
17 41
26 43
30 46
5 45
24 34
42 47
27 34
25 31
26 32
23 48
33 45
17 36
17 38
34 45
26 49
19 35
13 17
0 12
3 45
28 32
9 29
5 7
32 41
6 27
25 27
15 45
10 13
15 31
16 36
6 34
30 48
6 41
3 17
21 27
0 5
3 30
13 16
9 37
36 45
20 25
2 22
14 36
1 3
22 39
4 7
15 37
4 45
20 24
29 33
42 46
5 43
40 43
12 20
3 48
13 20
22 42
26 29
11 36
15 48
27 32
37 48
25 46
32 42
22 27
12 34
7 25
35 37
5 40
2 27
24 33
5 14
15 28
2 26
18 26
4 11
18 48
17 31
15 32
4 9
23 42
28 30
6 37
8 18
1 16
21 34
18 49
0 22
26 28
39 40
11 32
15 39
22 28
30 37
23 28
12 19
42 43
47 49
16 30
9 49
19 44
20 45
12 23
4 47
14 31
6 15
45 47
27 30
8 34
2 47
30 47
29 40
22 48
7 47
19 23
3 44
8 49
14 22
13 24
29 41
46 47
44 47
27 42
23 26
28 37
19 25
17 25
23 49
9 28
26 35
0 11
31 41
2 38
28 49
22 32
8 28
0 18
26 36
13 37
38 43
37 38
20 35
3 4
6 12
33 40
3 32
7 14
20 44
5 9
16 37
1 5
43 45
14 38
2 33
20 26
24 29
7 43
29 42
9 18
37 40
3 46
10 35
37 41
13 30
29 38
20 21
31 46
6 44
21 39
13 28
7 21
25 43
15 30
28 33
3 13
13 23
6 42
24 37
18 44
18 45
2 41
8 12
19 33
40 49
11 12
34 47
7 24
14 37
39 48
2 17
3 31
28 46
20 34
15 35
2 37
9 16
28 47
1 46
12 18
11 17
18 47
13 41
8 32
13 25
15 46
34 37
19 32
5 36
2 8
17 18
16 33
24 36
8 45
22 45
14 30
10 29
28 44
10 19
16 26
27 46
0 42
5 42
2 23
41 49
11 23
19 45
17 19
15 33
0 27
22 36
12 35
4 17
4 36
41 42
7 16
10 31
8 42
4 33
23 40
5 6
2 30
22 41
3 28
9 39
16 43
1 10
0 28
30 38
14 24
28 35
16 38
11 18
22 25
4 15
8 16
21 26
5 32
10 33
3 15
32 44
5 12
15 34
8 36
24 30
18 39
9 40
35 47
3 18
9 11
0 21
26 27
11 31
30 49
4 29
4 43
46 49
5 30
10 40
28 29
35 45
22 24
29 35
29 32
7 27
4 6
19 48
4 18
35 49
0 4
9 32
30 44
1 12
25 47
19 26
1 35
8 44
29 37
13 48
18 35
16 18
17 27
19 36
2 45
32 46
11 45
7 15
39 42
36 49
2 15
18 36
16 23
36 40
44 48
25 32
27 45
14 42
23 44
25 41
9 26
26 46
14 44
29 31
7 12
13 42
33 46
38 46
3 27
0 32
25 28
6 11
23 37
7 32
15 41
10 39
4 14
24 43
10 48
2 44
0 44
23 34
3 16
23 33
34 41
17 39
6 7
21 48
10 22
8 26
26 38
0 45
5 33
1 44
35 40
17 43
3 42
29 47
20 28
2 14
20 32
18 34
15 29
12 41
9 19
15 42
6 30
6 9
27 31
20 31
20 43
11 29
37 42
1 14
21 25
15 38
0 6
13 44
4 32
14 43
12 43
25 42
14 39
2 49
34 40
33 48
8 43
11 21
27 36
0 34
20 47
6 13
40 48
32 33
3 26
0 2
1 45
38 45
2 20
9 23
0 47
8 20
1 21
11 14
7 42
6 14
7 19
8 9
14 46
2 10
33 41
4 16
10 44
27 41
11 35
13 14
6 47
30 36
22 46
32 47
13 38
40 47
8 46
21 46
1 40
6 48
5 21
4 25
14 28
12 13
10 11
3 21
1 9
10 42
41 46
0 20
40 46
36 39
16 46
0 37
3 43
16 31
29 45
41 48
3 6
12 15
28 48
0 48
11 40
36 43
15 21
0 15
18 27
25 33
5 23
5 38
21 40
33 39
3 25
24 49
16 35
10 12
1 18
35 41
6 23
15 18
23 36
0 39
14 27
14 41
21 29
41 47
18 22
23 29
12 31
2 35
18 38
5 8
43 44
0 38
31 45
3 41
9 41
30 40
23 27
1 31
25 45
33 44
28 42
24 38
9 24
9 25
10 20
38 42
12 45
24 40
19 46
23 47
27 43
7 8
38 47
2 31
14 25
36 48
10 26
14 21
16 42
12 44
19 24
5 28
15 27
25 49
7 11
39 45
17 46
30 35
31 43
12 42
5 49
21 47
13 45
3 20
17 49
19 42
13 49
1 13
10 45
6 40
42 49
3 23
5 29
27 48
45 48
21 38
11 16
17 28
9 42
22 33
10 21
25 30
4 42
21 44
23 24
1 33
29 46
9 13
21 35
31 44
1 11
1 41
13 34
30 45
20 41
26 42
1 25
2 34
4 27
5 24
21 24
12 25
3 34
3 8
4 31
10 15
18 40
3 33
24 25
5 39
21 49
20 22
7 46
6 10
32 34
1 34
2 46
18 46
15 17
25 38
10 32
24 27
13 32
0 1
26 47
39 43
13 27
8 35
36 44
36 41
12 22
7 41
27 49
31 47
7 18
12 14
3 37
3 19
2 9
3 9
24 44
14 40
11 28
17 34
6 22
22 38
42 45
23 41
15 43
20 23
7 34
19 29
15 25
1 4
26 45
7 17
1 8
44 49
34 44
31 37
30 43
24 47
3 14
26 33
28 36
25 34
14 32
28 40
4 23
1 28
0 7
12 49
10 27
5 11
26 37
6 24
4 34
12 24
10 14
27 44
4 12
30 32
30 39
17 48
15 16
9 47
9 38
30 34
45 49
18 25
0 8
19 20
17 40
11 27
24 26
13 19
3 29
0 24
27 29
30 31
11 22
20 29
7 45
21 43
3 10
5 20
37 44
10 18
8 27
3 5
29 36
47 48
33 35
45 46
34 36
5 10
2 25
38 40
11 25
23 38
23 25
15 20
13 36
3 22
1 27
8 48
9 35
12 38
27 37
9 46
23 46
32 49
4 20
21 32
6 18
20 33
10 49
11 47
34 46
4 28
5 17
21 45
2 18
13 46
34 42
18 29
13 33
44 45
10 24
5 31
44 46
17 30
14 48
5 46
2 48
8 40
24 35
4 8
