250 1000
43
24
72
117
102
49
29
104
109
59
80
67
112
112
90
113
105
30
100
70
47
40
106
57
35
55
95
31
100
58
95
23
62
99
72
96
80
34
81
69
25
93
68
69
85
90
63
71
100
95
73
80
115
111
69
82
98
45
46
30
35
21
85
78
52
90
106
112
56
67
113
61
40
61
111
58
31
106
61
63
81
66
23
28
110
25
42
40
102
68
103
117
21
68
27
53
90
114
45
26
61
38
68
34
31
111
24
42
49
117
86
110
63
41
70
105
46
92
26
28
93
61
26
46
109
33
80
32
79
57
38
21
28
38
87
39
29
91
62
110
40
80
52
83
101
102
21
28
27
79
88
52
20
94
78
61
60
90
73
119
80
92
72
88
62
91
107
24
114
101
114
34
113
47
50
95
81
51
55
88
110
23
72
62
50
31
103
42
53
57
93
113
81
98
81
23
69
21
27
64
54
74
78
48
101
108
75
62
91
62
83
33
117
35
75
99
98
111
21
32
100
47
25
61
77
87
116
26
40
76
22
74
30
81
102
63
21
109
57
45
51
20
58
49
88
66
28
66
57
82
32 94
82 211
163 176
82 237
225 229
71 187
39 80
36 138
111 154
198 231
20 235
9 108
89 139
87 155
143 144
27 60
90 142
90 118
78 158
201 235
124 159
172 198
57 208
86 168
68 112
199 218
80 190
58 79
21 65
18 164
61 79
44 152
73 134
20 83
64 73
68 223
92 198
5 172
50 110
14 25
30 95
214 221
124 175
152 197
171 189
1 213
7 102
5 27
25 244
58 213
133 201
1 32
56 226
26 108
166 235
143 197
80 107
20 108
172 231
22 157
93 120
47 125
130 230
177 224
8 140
32 209
23 166
62 249
170 222
128 139
21 155
87 188
208 230
63 195
102 130
76 85
75 211
55 225
91 152
131 201
144 163
12 168
74 80
19 52
244 249
43 149
83 122
89 102
34 41
17 24
103 239
64 202
166 177
109 119
102 182
61 76
15 73
96 197
148 218
102 244
217 247
90 246
81 85
44 122
62 119
108 248
17 200
24 183
128 143
42 60
97 205
113 238
29 85
29 162
53 116
23 122
114 121
195 212
109 206
169 178
23 168
40 138
118 163
75 98
117 158
6 158
175 249
56 221
84 133
85 239
0 210
111 114
82 176
140 161
80 137
68 160
59 248
200 219
127 222
67 130
78 96
21 136
77 107
13 77
14 93
2 93
77 215
11 59
220 243
130 151
72 152
40 151
92 131
103 222
39 219
66 85
74 117
189 194
17 33
126 207
31 61
71 108
129 232
119 122
54 123
3 207
43 195
76 210
182 238
31 207
218 221
125 191
42 65
76 135
184 195
54 215
108 126
176 237
147 210
15 110
20 113
67 222
8 182
98 143
26 216
39 158
33 245
139 230
200 218
134 215
15 20
123 202
128 248
208 213
73 127
148 223
38 47
148 215
81 211
47 247
89 155
84 87
40 169
224 241
41 137
152 227
163 179
26 161
159 239
37 222
47 164
37 202
2 95
176 202
65 199
76 155
163 206
91 247
82 167
72 90
67 209
122 224
0 247
8 136
91 108
45 107
82 155
102 161
114 187
2 29
165 207
122 157
101 120
54 119
18 209
227 228
128 203
125 202
55 88
147 236
48 133
55 106
18 216
5 158
39 132
47 109
17 246
169 218
118 140
124 238
103 201
80 216
20 56
57 213
43 210
8 212
29 69
97 165
73 87
102 219
211 214
62 118
80 140
30 50
7 132
39 84
107 110
16 18
127 175
87 231
46 71
100 197
112 115
197 202
38 49
2 23
112 141
45 167
31 197
95 164
56 236
100 166
93 218
36 72
120 143
66 159
166 208
31 166
71 113
85 211
14 108
65 229
232 249
24 133
32 221
88 149
101 208
51 107
69 245
64 124
115 135
131 133
149 196
16 119
101 115
80 231
209 247
61 210
86 230
46 114
47 58
16 202
148 161
69 169
145 157
124 235
116 133
8 79
16 24
131 198
130 228
39 112
202 209
11 248
69 73
26 147
147 187
39 209
196 216
104 202
71 237
170 181
38 168
116 205
35 169
134 246
75 226
27 161
172 185
9 128
25 94
133 137
173 176
92 241
49 225
45 46
138 216
57 79
4 34
25 26
124 172
12 247
100 173
126 137
4 197
143 146
33 132
27 157
62 221
0 37
20 46
11 185
12 14
68 118
150 195
72 144
8 69
21 171
48 181
129 159
52 157
36 124
43 151
105 193
46 225
244 245
92 179
6 104
45 176
74 195
71 224
18 145
79 189
11 167
89 178
242 244
116 187
30 230
76 120
95 187
122 181
192 214
51 212
7 170
79 96
53 203
73 167
199 247
114 218
110 204
102 248
50 185
70 80
42 166
8 103
232 239
137 182
99 196
85 218
107 164
162 167
70 84
87 121
53 81
7 191
145 189
159 226
68 240
110 244
98 100
83 100
87 134
38 131
71 100
87 247
119 159
9 203
98 130
35 152
71 78
11 112
76 171
89 144
13 83
106 113
33 58
120 196
78 192
11 115
8 30
149 203
20 212
102 118
195 239
16 20
134 170
231 246
55 70
68 140
5 246
141 181
55 230
99 113
58 124
190 215
20 133
89 153
43 84
21 29
33 144
148 203
28 129
185 199
51 191
105 158
138 187
49 94
28 46
11 37
170 218
57 133
175 217
101 197
236 247
193 247
41 73
92 228
8 29
33 215
72 187
89 103
19 222
2 65
0 39
178 219
61 62
128 237
130 229
36 229
67 229
108 226
154 204
52 162
85 187
125 127
83 112
131 214
55 216
48 157
107 226
126 169
5 37
19 157
45 86
6 249
25 225
179 216
19 32
117 194
58 173
170 242
6 58
51 163
99 126
71 234
49 177
66 153
156 162
86 243
85 208
85 101
67 162
116 194
162 188
62 247
86 156
19 194
67 173
108 193
22 31
52 177
80 183
118 237
197 204
141 183
54 92
61 102
143 248
162 223
161 242
11 171
208 238
66 184
59 181
97 211
29 111
81 144
16 91
36 98
29 99
43 133
83 236
104 184
180 231
96 223
17 91
49 234
21 107
141 217
80 166
43 102
98 196
12 41
15 140
42 148
36 125
236 242
59 217
8 172
42 116
27 127
17 87
150 235
228 230
3 182
23 51
30 147
71 218
160 233
100 131
118 179
91 92
117 187
201 230
78 233
0 109
9 165
87 245
91 177
114 244
113 207
131 212
23 195
77 195
147 179
109 149
52 91
60 86
3 168
43 183
27 44
138 201
196 233
176 229
124 195
171 183
59 235
64 184
111 181
110 114
75 110
9 54
127 197
114 232
116 158
165 245
54 116
37 236
165 215
141 214
13 237
72 74
222 241
5 108
74 102
65 217
78 149
119 128
26 233
128 243
149 239
96 225
11 187
3 43
152 158
92 227
64 82
70 190
70 172
117 139
16 89
208 218
244 247
44 107
37 90
87 181
184 187
9 226
52 195
81 98
62 173
144 177
99 237
84 159
53 123
49 213
17 70
169 171
67 113
55 128
105 216
144 236
150 245
95 120
149 201
45 211
74 124
105 213
42 173
47 123
24 95
10 17
33 143
108 186
65 101
58 163
31 149
181 202
174 247
128 146
26 227
101 108
65 100
126 166
107 141
25 55
137 165
72 160
22 111
18 225
33 176
33 59
87 183
92 180
11 220
90 178
98 138
204 210
163 177
54 101
70 119
143 191
29 213
106 150
32 189
74 183
193 218
14 35
0 25
107 179
116 206
159 169
7 225
36 221
73 241
61 192
44 133
175 204
60 198
75 239
111 194
137 166
79 180
24 182
57 234
25 213
132 190
49 185
8 108
99 187
81 129
160 227
114 217
62 153
129 228
154 176
70 191
123 165
0 42
55 57
18 26
83 216
120 150
110 117
156 230
35 74
1 141
41 44
22 165
69 125
50 66
216 241
41 93
8 96
3 34
114 188
102 117
58 71
38 79
141 227
114 202
196 215
108 115
30 240
217 232
33 202
136 193
101 177
139 211
24 142
97 240
80 199
209 240
39 122
99 130
180 185
65 247
131 180
105 223
62 87
14 191
179 222
60 73
106 199
136 232
193 233
23 223
34 182
115 156
73 245
3 107
32 172
0 163
204 207
17 239
32 147
31 119
193 211
45 169
181 244
152 187
165 227
51 62
11 177
25 167
57 190
90 191
44 73
62 148
45 61
94 195
17 157
62 240
76 235
80 95
24 112
57 87
164 171
116 224
6 243
141 196
51 231
226 239
128 240
38 189
137 234
154 236
79 141
68 69
64 164
150 190
59 128
42 129
230 246
16 88
91 158
137 142
126 241
118 119
8 116
4 161
242 249
10 235
78 79
55 244
95 205
185 223
64 116
16 97
134 162
4 185
144 174
136 248
51 219
19 107
18 227
72 125
120 136
57 198
67 112
162 193
169 230
36 237
105 146
22 240
165 236
15 197
100 122
82 234
119 212
97 100
34 220
85 193
21 152
56 214
77 166
5 46
192 215
111 200
103 203
18 223
170 189
136 164
120 122
241 246
96 184
25 169
14 42
172 177
6 195
101 154
67 201
62 96
92 117
56 70
12 206
220 236
215 228
165 168
36 186
152 194
223 228
86 176
21 27
222 240
86 94
136 214
3 138
56 209
59 171
17 132
98 237
14 115
8 152
51 54
54 131
27 82
48 217
59 211
122 158
8 248
122 136
11 30
173 197
201 215
55 211
5 115
129 198
121 206
24 31
10 187
140 156
121 225
40 83
35 163
135 241
23 215
21 35
71 245
60 197
115 138
3 10
208 222
93 133
16 17
118 129
56 126
19 177
101 162
10 238
103 177
123 200
68 247
64 87
68 147
113 206
114 123
61 87
46 183
32 200
63 150
80 119
128 201
82 148
159 215
142 172
114 148
93 183
32 145
65 99
32 64
123 146
85 222
118 231
146 173
105 120
117 249
15 158
124 183
26 105
118 141
3 211
0 176
25 96
65 128
40 89
24 128
77 110
58 100
80 125
56 200
173 230
51 241
188 234
67 115
90 233
93 208
47 236
94 143
11 113
