150 2000
75
119
70
100
99
99
28
43
77
51
97
29
67
53
40
34
29
71
55
65
21
72
82
29
28
39
75
113
89
110
116
96
109
118
76
88
97
84
111
106
68
41
116
67
74
36
33
35
39
21
80
40
73
43
49
81
114
57
27
35
47
75
111
89
73
68
57
50
84
101
89
84
22
85
32
28
53
45
43
72
98
56
93
52
79
74
65
25
63
72
41
43
27
32
112
32
32
49
115
49
82
84
113
36
101
25
96
34
103
20
38
33
108
63
65
67
118
63
72
113
67
45
36
27
110
28
39
74
110
86
103
24
50
97
41
31
54
117
97
89
69
116
103
57
59
100
56
109
43
61
72 123
18 83
94 117
34 102
31 35
30 139
4 74
101 124
22 33
11 71
27 65
75 135
59 121
26 147
79 99
73 90
11 104
49 58
11 128
65 135
26 94
0 147
3 122
36 101
14 144
74 107
79 144
51 102
53 78
2 54
59 92
29 66
87 103
17 133
0 54
101 146
80 98
83 146
122 149
21 117
13 128
93 144
24 46
77 97
26 99
33 138
62 93
54 99
52 123
104 134
27 85
3 107
86 149
58 93
51 114
64 77
20 145
19 59
58 67
145 149
7 32
100 133
37 147
49 101
10 86
55 89
21 58
99 107
94 110
11 16
105 127
16 36
27 135
26 146
3 130
110 114
6 107
9 53
58 116
16 95
55 117
56 74
86 126
0 44
111 149
40 127
56 66
65 93
73 119
117 132
25 89
45 89
35 50
11 32
66 118
140 149
25 28
77 129
72 128
38 112
7 105
70 125
13 100
37 122
56 139
104 130
43 134
25 71
88 93
61 103
5 57
52 134
83 85
7 61
100 113
22 121
107 144
57 148
60 87
29 49
35 143
29 81
107 131
2 126
45 106
4 38
13 142
98 138
50 75
7 90
29 52
9 113
24 111
84 118
48 50
35 94
18 85
66 123
125 126
43 73
81 134
77 147
66 73
50 147
4 18
70 140
34 104
110 131
65 99
96 114
33 149
85 110
51 83
1 79
96 111
2 147
27 79
2 46
43 47
52 65
48 95
37 134
18 49
16 94
92 118
32 117
125 142
26 104
8 128
105 141
9 104
34 139
35 89
36 38
131 141
6 29
43 138
13 37
9 62
82 105
101 138
76 101
32 56
4 10
12 64
18 54
21 43
12 104
130 141
13 51
34 57
42 74
2 107
13 64
116 118
48 119
0 8
41 45
56 102
103 120
7 114
37 40
102 145
50 135
38 101
124 148
60 93
48 62
50 61
29 69
77 81
38 90
129 136
35 131
136 140
57 104
0 144
43 96
47 93
85 133
96 132
6 111
9 127
79 121
52 122
53 148
31 89
11 143
26 127
98 117
13 58
59 123
16 58
5 7
12 41
92 108
75 105
17 52
16 138
131 138
32 92
93 123
121 139
0 36
15 135
80 117
43 142
3 139
47 60
10 72
4 88
13 31
11 100
98 140
67 82
10 130
3 55
51 144
3 119
22 129
49 74
66 91
127 129
138 139
49 128
45 132
56 141
82 108
72 135
52 108
4 141
112 114
16 144
50 106
37 137
86 124
41 61
27 92
18 67
81 119
28 45
88 102
84 86
69 98
9 57
23 65
48 137
79 94
35 55
92 144
74 119
37 81
10 62
129 132
78 112
25 101
105 140
114 126
42 62
51 97
21 120
18 121
10 98
66 117
35 112
60 110
43 133
97 147
29 53
33 79
31 141
59 132
23 136
28 108
108 137
61 131
52 78
32 140
0 108
15 35
47 70
50 113
97 148
68 126
77 102
10 19
1 11
86 147
12 77
73 120
36 111
69 91
65 121
2 101
21 38
50 89
36 49
104 139
66 77
96 108
77 119
0 126
55 64
31 53
34 66
36 67
38 131
46 127
62 78
49 100
1 91
37 102
44 80
29 147
2 27
24 126
27 102
131 143
12 57
27 124
116 132
7 20
54 93
74 82
85 103
6 75
15 26
9 108
39 59
58 113
137 146
38 119
95 139
69 131
15 121
35 129
30 36
20 33
38 104
7 82
44 86
54 149
58 95
3 93
9 21
37 61
57 127
30 99
63 72
18 96
53 79
17 75
10 135
37 90
97 100
46 74
33 73
100 128
33 43
106 131
70 104
17 64
13 99
21 65
19 31
136 144
63 94
6 121
99 106
54 89
12 132
4 110
97 99
54 143
106 115
64 73
85 138
18 138
7 34
27 97
10 99
19 43
49 132
31 73
47 130
44 144
37 79
87 100
3 74
9 119
49 94
37 107
14 115
70 123
70 119
0 129
43 71
50 120
77 124
26 54
98 104
21 85
37 121
23 40
32 97
62 146
19 29
43 85
36 58
5 16
16 30
87 111
38 124
28 113
67 117
28 138
55 66
11 130
8 11
64 70
7 93
142 145
28 39
105 107
34 136
71 123
60 114
24 76
43 45
125 143
48 83
41 95
50 80
8 145
22 67
14 140
62 81
18 43
38 77
56 63
46 50
49 110
62 126
9 36
19 30
103 135
26 130
61 100
10 128
1 56
46 77
15 140
58 128
60 68
37 116
87 132
12 31
100 126
7 136
79 136
16 121
84 147
110 126
16 96
23 127
44 114
65 144
103 125
63 140
45 91
5 130
80 128
38 132
83 117
103 141
132 138
39 92
16 37
10 45
26 112
28 90
21 95
55 84
49 137
31 117
9 54
47 88
47 114
66 108
19 99
81 140
75 110
6 137
12 13
92 96
34 93
20 147
46 80
48 103
3 113
95 143
62 111
102 129
60 103
43 50
63 145
54 118
105 112
60 124
58 119
1 116
128 133
12 81
31 67
29 44
9 61
65 140
51 138
18 90
14 94
3 115
18 120
30 70
91 142
111 140
43 49
27 77
26 141
58 108
55 59
22 87
87 104
105 128
44 125
21 100
90 141
62 118
12 21
25 105
4 106
34 133
142 146
41 107
30 47
111 129
66 107
117 138
12 73
15 95
14 105
34 86
10 69
98 125
73 124
30 132
26 65
9 106
108 133
14 136
70 145
80 89
56 133
101 148
1 17
5 139
75 103
52 149
50 125
33 78
57 108
101 122
37 110
20 130
18 69
41 87
13 69
49 130
125 134
28 47
53 105
7 18
30 69
39 96
55 67
19 147
27 86
31 59
77 96
43 91
15 76
140 141
89 112
15 71
89 96
22 28
61 133
7 63
74 130
63 124
51 142
60 135
52 69
129 137
15 83
31 122
9 14
74 121
47 104
38 102
113 137
100 131
44 96
76 124
107 117
27 54
42 102
127 137
48 125
101 141
110 149
38 100
73 81
71 138
27 49
92 103
24 41
50 149
26 114
105 118
92 120
95 148
43 139
99 114
98 136
74 138
38 147
26 69
69 148
63 76
2 102
105 137
45 104
38 61
32 45
29 54
27 39
52 82
2 68
47 54
2 121
41 43
14 21
90 119
65 97
17 55
62 99
56 144
68 94
55 100
41 137
5 81
57 66
13 134
111 112
90 114
35 84
7 57
26 102
17 149
54 124
34 125
90 117
35 120
77 87
38 128
95 116
32 111
16 68
9 139
32 125
44 89
132 146
17 131
65 141
1 88
92 139
44 81
66 82
85 111
79 125
19 134
2 88
52 141
84 149
19 95
53 75
35 59
25 84
55 132
26 144
38 60
11 149
47 90
26 67
28 126
28 57
56 72
14 91
1 89
47 144
32 81
18 107
8 18
23 140
17 125
80 129
27 64
72 91
49 146
53 119
93 129
11 144
34 64
81 135
17 112
64 69
73 87
12 139
114 115
29 34
29 61
16 93
89 140
56 138
91 117
4 149
86 111
68 97
16 35
1 6
10 42
70 126
2 6
62 87
63 79
31 105
18 117
58 91
23 84
25 75
39 88
6 63
89 106
69 142
14 80
35 85
93 108
20 87
31 52
7 19
0 81
7 77
84 103
74 134
44 47
82 132
29 123
0 90
105 116
1 80
38 40
94 127
27 59
60 81
88 141
125 132
59 88
74 132
64 116
50 108
32 65
92 146
6 33
24 146
40 77
25 80
21 115
76 109
40 101
21 128
67 118
80 101
42 47
92 119
26 52
30 84
27 108
6 35
107 121
66 109
60 100
8 41
2 136
62 122
6 44
73 100
51 94
120 129
10 103
90 107
65 89
95 117
3 126
112 118
42 120
74 102
73 88
2 146
20 76
13 96
40 73
52 116
62 69
19 114
53 61
80 137
140 148
19 56
0 4
130 139
1 102
111 126
48 88
34 89
12 62
80 126
39 116
52 81
45 134
35 44
2 87
54 91
3 95
71 105
82 96
38 43
23 34
73 137
46 49
12 68
88 120
49 145
32 135
81 94
67 84
25 87
118 149
133 142
78 92
31 115
6 112
5 60
73 107
98 124
95 120
132 147
2 143
64 121
50 77
5 46
66 137
33 39
27 126
59 117
45 131
50 117
41 126
25 67
22 74
37 123
4 91
19 68
10 118
3 7
59 77
12 141
0 19
40 117
130 137
0 149
89 93
114 125
11 50
100 136
42 75
42 94
6 13
93 131
69 96
41 146
6 84
58 60
2 103
26 135
78 139
78 134
22 109
33 94
61 132
39 133
25 77
38 133
76 84
3 71
14 75
51 81
98 111
41 103
114 119
5 140
48 124
70 136
80 136
99 103
115 138
42 138
24 66
52 132
100 105
25 107
8 120
21 50
126 135
19 116
43 119
29 143
39 129
11 44
126 130
33 119
1 70
52 143
53 145
8 10
30 73
70 133
0 91
28 85
7 129
22 145
40 126
16 51
62 71
51 112
47 91
11 72
48 117
64 101
113 124
13 88
4 83
56 71
56 85
66 132
42 78
22 31
93 110
93 125
46 86
22 119
71 98
64 86
74 101
38 88
42 91
13 73
0 72
40 119
67 95
11 38
70 85
92 149
97 106
65 94
11 140
78 137
1 143
52 144
3 118
103 147
46 64
85 100
20 127
72 127
14 28
122 138
70 122
89 102
83 110
5 64
59 129
110 143
20 111
69 113
62 64
14 133
13 147
69 86
42 101
18 149
83 121
94 96
59 106
64 81
20 60
13 26
46 72
36 125
17 91
52 98
106 147
42 65
9 66
45 117
28 30
34 140
84 137
32 98
40 113
65 113
75 91
126 148
3 39
34 56
34 95
103 108
31 76
47 149
85 93
113 116
25 106
50 65
93 134
13 35
0 130
75 148
27 71
73 110
82 107
16 79
27 43
32 126
5 80
27 142
75 143
8 100
2 58
67 147
94 133
32 94
83 113
20 35
12 93
94 145
64 103
24 48
108 143
25 148
38 52
98 148
2 18
85 108
105 149
68 83
32 49
68 121
80 119
16 65
70 77
101 132
20 125
45 59
0 25
0 68
15 98
33 118
2 129
84 89
35 136
23 107
7 142
37 124
9 114
116 117
19 79
12 96
64 79
66 146
35 64
30 66
51 66
0 119
7 140
66 87
94 114
54 110
21 68
14 18
38 65
131 136
46 82
43 54
25 64
54 68
123 141
36 88
138 146
108 142
18 62
83 123
6 100
69 119
53 103
15 16
52 110
40 91
36 136
12 94
50 100
73 132
18 94
63 82
40 84
20 65
17 22
123 138
128 142
42 59
144 146
71 137
37 58
23 33
25 122
104 136
80 99
24 64
64 142
6 22
77 94
124 146
27 128
23 122
43 110
101 112
35 48
61 73
34 79
16 62
5 28
132 148
50 138
14 123
14 65
108 127
37 142
16 99
45 113
28 127
48 116
24 25
27 111
5 141
11 127
19 109
61 122
0 38
18 66
11 135
22 80
59 114
22 43
61 71
0 110
77 89
116 134
39 139
9 16
53 80
53 123
65 146
109 129
72 87
0 71
22 123
110 111
50 146
37 139
60 90
70 88
9 18
66 149
108 126
45 63
51 82
13 20
84 99
20 121
32 109
62 83
80 115
53 118
104 113
77 110
65 103
23 102
90 102
37 111
43 67
81 88
38 116
15 136
27 61
46 71
18 21
60 131
47 99
37 75
5 29
18 28
66 95
57 62
26 80
94 147
58 118
39 121
7 112
18 93
6 114
88 118
85 96
71 87
2 148
110 120
74 94
22 27
4 24
25 116
135 139
7 101
1 24
120 128
12 138
15 75
37 135
69 137
82 88
84 108
58 135
62 73
47 140
106 114
39 66
101 114
128 138
4 8
73 77
58 120
92 114
76 108
134 136
99 145
57 120
89 104
46 84
45 52
49 62
82 102
53 91
0 14
23 26
107 115
62 124
41 134
77 100
95 130
27 37
18 65
44 52
89 116
80 104
37 138
84 94
30 98
82 149
25 65
15 133
103 113
13 32
53 130
97 102
32 121
36 39
25 51
38 76
106 119
63 136
83 128
48 127
13 93
46 63
28 128
81 130
82 109
28 43
105 117
44 60
45 65
22 30
113 115
1 98
30 129
43 112
72 142
3 52
3 36
47 84
103 142
31 51
92 147
62 148
10 133
85 144
99 108
86 99
116 139
113 148
10 110
35 134
4 87
8 39
69 128
40 120
27 34
118 141
4 97
32 136
94 103
20 104
83 136
46 102
48 114
81 84
124 127
147 149
67 136
26 30
57 89
61 110
8 49
35 114
40 67
31 60
21 114
45 140
109 133
9 17
14 138
9 124
53 73
33 47
24 147
15 116
26 31
4 127
13 40
15 57
4 22
31 72
30 55
83 122
30 121
63 99
18 123
3 60
26 89
69 70
66 102
96 131
97 125
135 138
53 138
11 97
19 57
94 139
67 127
7 73
38 74
71 108
33 48
13 39
84 112
28 109
88 107
9 87
47 134
123 127
75 100
59 134
130 146
48 123
23 47
33 137
6 98
48 96
91 109
53 139
0 95
33 81
107 143
23 92
0 92
3 75
3 72
103 133
83 97
29 32
70 127
16 38
77 130
28 66
33 123
17 67
59 76
62 134
4 70
0 112
3 40
76 86
8 33
9 37
79 118
6 66
143 148
26 38
60 72
51 127
53 146
109 124
33 63
109 145
6 14
81 82
16 22
91 112
72 134
22 122
50 81
3 134
102 111
16 46
1 66
13 92
98 110
58 121
64 93
76 135
60 146
139 144
102 113
22 86
5 26
10 136
61 140
72 109
84 121
20 142
15 93
78 108
91 104
40 85
114 145
109 116
93 97
46 135
104 107
126 127
35 116
75 119
47 81
0 42
109 148
89 120
63 115
13 76
27 95
24 94
121 135
83 90
96 106
40 134
7 125
71 147
80 134
83 103
5 63
61 125
114 148
61 129
88 145
19 74
25 42
45 148
23 137
35 148
46 106
83 145
0 37
2 16
22 64
42 116
4 103
51 147
28 70
85 112
32 105
13 30
48 71
29 118
4 76
51 93
96 135
13 62
7 55
28 64
60 78
4 115
36 51
38 84
50 92
115 122
44 122
13 53
12 70
115 130
65 109
11 84
94 98
101 125
55 56
131 134
87 120
69 106
21 126
98 100
52 142
28 56
8 24
21 90
8 19
106 129
11 117
34 35
15 51
106 136
8 134
60 108
83 99
83 127
1 112
26 86
9 22
17 21
5 25
0 122
7 118
74 106
20 63
47 75
32 38
24 122
25 62
136 148
8 103
7 121
102 143
41 80
81 139
37 62
82 116
2 79
12 102
4 102
98 126
73 134
31 87
14 23
6 31
55 93
25 98
2 89
50 58
41 86
35 146
32 33
9 55
39 143
24 129
23 62
14 98
45 76
49 138
55 65
110 147
56 99
36 59
17 71
55 102
6 64
7 46
109 136
122 132
101 136
79 132
83 86
71 113
19 38
38 87
94 129
37 49
94 125
13 108
13 98
104 115
123 129
11 25
14 25
8 63
57 146
86 120
9 76
24 107
5 113
1 7
115 140
15 88
31 32
57 95
53 121
22 79
85 135
79 139
134 135
16 148
21 73
13 80
3 23
45 90
91 128
122 133
41 82
94 130
2 53
38 75
64 140
26 118
50 105
24 131
49 70
74 143
73 146
83 138
40 118
94 99
3 112
36 45
27 56
72 129
63 105
55 133
5 129
29 76
4 118
110 124
25 112
43 77
11 124
19 69
108 110
16 66
4 71
0 61
35 60
25 31
86 141
9 146
72 137
22 97
60 140
34 99
1 20
5 14
124 129
128 143
91 102
29 35
72 116
27 121
68 140
117 140
62 127
74 140
50 136
116 137
19 136
7 44
33 38
17 18
48 140
63 144
41 144
8 29
52 66
87 134
42 107
26 71
16 71
47 57
13 118
44 104
51 85
20 148
68 142
101 117
11 68
107 145
15 21
29 86
37 128
5 143
11 77
62 140
132 149
37 130
46 138
8 83
6 128
71 146
134 141
29 149
58 64
3 85
36 130
60 80
17 72
8 59
59 148
68 137
7 128
14 122
137 143
12 16
77 142
65 80
38 53
68 80
66 121
39 42
49 105
17 78
26 115
19 111
63 119
90 96
11 56
133 138
67 78
36 37
50 104
99 111
39 117
40 44
70 115
40 54
29 46
101 119
82 137
9 70
58 148
16 59
22 118
11 119
39 75
18 51
72 101
32 143
31 118
89 132
44 127
0 10
60 75
91 110
119 130
16 131
1 52
27 29
47 131
21 124
17 42
24 58
32 40
61 113
25 136
55 107
106 123
10 140
37 77
103 106
64 84
45 56
68 129
20 137
21 130
11 105
20 27
59 69
84 104
22 92
60 77
50 69
40 102
29 79
84 129
44 136
89 138
11 73
126 147
39 141
4 64
25 73
15 120
27 117
39 61
99 104
24 83
43 75
93 138
32 67
72 132
91 122
51 78
31 119
40 144
8 46
92 93
71 136
38 69
56 57
124 131
113 141
46 139
116 145
37 103
82 83
4 21
96 110
15 20
112 116
4 53
135 141
27 132
0 125
24 117
107 125
27 91
18 58
63 134
91 146
9 107
17 54
16 20
76 115
8 69
61 148
29 93
5 38
69 84
16 102
13 56
30 53
20 110
33 61
36 78
7 109
21 86
128 135
45 66
102 124
6 95
37 38
26 41
21 55
68 85
0 89
113 122
42 51
59 82
5 30
9 64
42 95
107 108
16 118
55 148
15 110
27 80
120 144
80 84
43 83
56 134
40 137
10 97
41 79
7 36
51 128
68 148
96 146
123 142
83 88
2 13
138 145
90 97
78 107
1 137
137 148
63 77
80 114
100 112
10 23
90 99
0 106
19 21
3 59
16 43
8 32
139 140
86 128
17 53
45 64
27 125
42 77
73 104
66 100
105 108
66 124
31 69
85 99
15 117
5 108
96 107
35 149
52 83
