250 5000
106
37
113
115
103
29
29
93
78
92
34
69
82
110
28
108
52
69
31
97
83
101
114
86
50
103
66
97
54
98
110
40
67
55
36
102
117
45
27
75
69
93
24
31
35
85
71
67
86
35
45
49
68
91
67
98
26
113
28
61
43
70
81
90
106
49
25
103
27
84
110
76
58
66
40
73
31
43
73
97
58
50
78
107
73
26
37
79
71
45
72
95
96
86
117
34
115
74
69
22
39
59
31
29
105
51
34
69
74
87
98
65
69
109
52
22
115
69
82
66
47
86
93
75
52
91
89
100
45
90
102
116
29
65
25
66
96
40
67
103
59
46
48
109
35
32
63
82
81
77
80
60
44
54
115
76
77
36
56
102
106
91
99
67
36
56
66
65
76
113
100
68
91
80
109
106
92
52
20
105
110
81
46
86
67
93
94
24
110
83
58
48
54
89
48
22
26
94
119
34
39
51
34
111
111
23
49
83
108
50
21
98
63
47
116
62
20
90
118
62
53
56
43
39
78
71
94
84
97
45
50
116
77
65
59
68
68
89
84
56
71
85
86
66
64
34
108
116
105
106
23 105
30 91
38 64
100 152
23 97
204 217
87 187
18 183
206 218
86 171
118 232
10 125
162 221
37 176
141 222
133 164
164 165
81 203
116 233
153 241
52 107
78 239
41 199
59 111
7 230
91 197
59 201
24 216
4 222
113 201
78 84
96 129
100 210
151 216
54 193
98 207
138 162
55 87
147 189
166 196
215 229
32 140
25 106
57 99
110 212
64 143
46 193
91 147
154 242
199 215
25 47
47 209
15 237
116 204
32 236
2 67
142 247
22 100
9 101
121 165
37 119
58 165
1 231
164 237
130 244
143 186
7 86
22 204
70 73
78 161
80 102
201 228
180 223
74 224
189 197
58 91
2 87
68 76
3 240
55 99
93 222
229 242
179 196
103 104
16 181
15 220
12 96
87 172
26 248
13 216
47 104
126 134
106 202
54 110
109 193
165 209
54 55
234 247
0 100
89 119
32 206
146 191
52 215
79 233
65 98
113 147
23 202
99 161
154 226
21 123
115 184
38 170
35 238
91 155
96 136
20 62
3 154
18 207
1 71
36 136
35 201
5 101
58 201
136 166
39 207
9 72
48 76
64 95
102 185
7 173
69 198
102 193
175 211
161 246
49 64
117 234
84 86
123 245
37 39
96 131
141 181
7 168
13 41
173 226
115 181
150 165
102 195
120 129
9 133
175 227
183 212
17 43
150 166
114 187
57 246
33 238
53 239
97 132
21 169
108 136
8 154
24 56
65 138
9 115
192 240
135 179
62 79
51 176
109 118
3 172
13 199
47 57
78 145
106 170
214 224
118 216
124 232
120 244
4 189
32 88
17 48
110 167
71 97
37 215
61 180
71 231
128 177
28 174
58 198
22 30
99 172
7 243
89 223
15 229
67 195
47 244
66 85
34 206
137 243
101 169
157 172
84 151
31 152
8 210
141 230
4 85
180 240
11 213
19 241
67 228
127 160
97 163
46 119
35 131
85 215
57 122
109 208
58 114
91 168
71 74
11 59
151 178
189 191
63 217
32 47
193 232
145 175
40 73
14 24
108 229
165 211
70 203
11 225
36 67
32 213
91 240
168 224
18 95
62 210
94 183
109 165
37 136
60 180
74 209
56 170
17 156
85 109
163 189
223 226
5 82
72 189
15 96
43 93
33 53
68 105
215 249
37 233
43 203
69 163
125 220
83 126
20 244
35 235
183 208
11 15
52 213
162 190
135 170
203 205
40 163
39 124
107 230
178 183
151 247
121 198
31 224
70 99
84 154
106 189
117 145
205 210
22 247
192 224
132 180
172 247
121 195
140 229
210 232
159 239
66 205
42 54
136 196
240 242
136 237
193 212
198 234
42 172
127 204
149 198
11 249
80 176
3 137
164 243
161 190
15 137
40 125
3 104
53 68
88 110
218 225
32 136
84 95
33 196
197 210
128 201
42 199
46 245
13 207
38 185
4 174
146 156
11 49
0 219
64 190
79 141
67 158
3 59
154 201
33 121
70 152
50 177
167 191
7 204
81 113
89 129
10 30
10 202
0 118
53 181
10 63
137 249
2 169
74 196
169 203
207 209
136 239
7 156
116 179
111 113
230 240
202 240
122 155
102 122
23 155
54 135
53 71
23 240
71 157
111 166
227 241
82 170
178 216
145 239
44 202
8 126
44 63
116 166
71 218
39 93
78 93
81 149
206 248
155 242
10 27
118 120
39 238
55 204
44 69
201 215
62 98
92 142
60 125
160 195
131 199
62 140
144 221
142 211
55 177
57 150
18 66
29 156
57 84
212 228
15 230
78 194
77 138
54 72
198 233
101 182
182 242
77 244
57 65
71 243
215 221
133 152
181 240
141 149
16 103
230 246
26 220
48 177
164 249
204 214
56 232
146 165
150 242
94 215
17 152
60 117
212 239
81 102
243 246
12 82
62 198
110 168
37 88
104 216
23 37
19 69
79 215
36 229
60 130
46 212
0 209
91 181
23 135
19 172
106 128
76 133
21 96
211 244
63 133
22 66
86 135
17 144
180 202
12 98
144 163
76 163
103 109
106 229
28 244
224 248
234 236
7 50
80 147
65 71
137 210
148 190
84 124
165 178
13 116
43 131
9 221
146 215
2 81
177 194
44 132
119 152
28 54
210 228
151 201
13 128
140 170
14 161
4 178
45 222
88 191
201 206
59 102
166 242
207 212
89 170
6 174
60 137
141 228
97 180
42 77
45 183
207 247
49 103
94 135
178 179
34 134
94 232
88 148
45 188
108 110
218 237
47 134
105 113
40 55
145 185
190 234
220 232
121 249
85 135
68 115
102 166
148 249
48 88
148 237
110 235
197 222
78 82
36 122
14 195
91 192
75 199
21 132
132 159
97 143
119 211
35 212
165 212
35 214
152 183
53 137
0 43
121 212
82 84
9 129
98 100
150 173
28 56
171 187
40 64
34 159
99 127
43 46
61 81
7 65
60 116
54 159
16 162
142 202
78 153
2 94
58 76
98 162
48 243
109 120
7 147
163 208
22 190
56 125
82 180
215 245
48 199
103 194
22 193
38 108
13 24
89 174
32 184
223 243
55 222
0 218
33 190
93 158
27 246
63 190
22 91
46 58
91 154
115 198
167 211
50 108
82 237
43 62
76 98
35 76
68 168
113 119
78 115
19 141
15 31
146 212
8 84
175 204
5 162
40 181
90 216
39 55
25 82
101 220
5 32
29 53
0 175
3 166
57 116
124 249
73 86
145 157
94 201
82 108
206 224
24 39
65 79
90 182
13 152
43 148
157 174
53 184
175 219
143 187
129 164
0 139
197 211
145 192
55 149
119 197
25 36
128 207
109 123
118 141
48 194
52 75
16 240
145 218
6 212
6 199
12 101
55 145
111 157
44 128
58 172
17 38
129 245
31 91
119 173
167 209
12 219
94 235
62 104
110 232
33 126
79 218
24 147
54 224
121 237
35 147
43 52
24 185
47 216
18 115
75 139
37 211
131 189
48 145
31 45
5 171
75 166
0 64
77 99
86 220
5 198
85 93
20 159
59 117
85 237
77 228
12 115
189 201
238 246
42 96
121 203
37 65
28 168
203 230
174 245
66 193
138 191
5 24
0 11
179 192
92 204
133 146
143 155
103 121
37 94
158 204
187 234
122 187
117 167
85 111
143 162
50 89
84 114
158 186
100 227
69 115
12 55
62 203
7 176
18 146
123 176
107 202
75 113
44 156
59 70
151 159
87 211
23 119
23 103
72 240
24 229
79 104
143 213
6 161
129 211
88 164
53 88
91 132
38 135
108 140
41 194
8 17
128 143
3 127
51 98
96 122
30 200
174 202
16 60
187 227
41 127
129 141
33 84
11 71
4 220
16 31
45 48
24 26
4 43
29 243
55 125
116 188
68 178
194 214
3 128
21 23
131 165
150 164
13 249
71 235
16 17
165 190
66 166
62 191
70 72
55 228
23 50
18 80
84 91
24 71
47 87
92 218
64 94
166 234
108 219
89 125
29 87
40 106
83 96
18 20
8 177
58 98
116 201
138 144
14 200
38 68
12 163
80 108
93 107
98 215
164 187
104 192
69 85
17 62
82 168
28 35
111 134
62 86
76 102
53 59
127 192
193 208
51 139
38 246
136 144
63 161
6 175
15 244
77 91
11 111
11 149
122 140
78 135
185 237
7 96
40 199
85 223
157 214
47 137
133 211
24 35
44 211
132 161
57 223
171 238
187 249
70 77
122 205
155 159
44 162
5 187
80 214
22 223
11 44
5 123
158 247
132 143
116 221
29 55
43 90
27 52
122 145
119 206
179 213
28 223
126 135
160 192
35 215
9 17
46 140
43 117
49 101
20 39
94 217
203 239
134 186
177 244
3 208
133 208
182 186
18 194
85 128
81 145
95 128
64 138
23 187
62 165
59 132
8 63
42 248
80 118
46 234
75 90
4 135
38 223
71 94
51 85
31 166
48 126
146 186
207 225
137 186
90 195
132 200
68 193
29 212
139 216
119 221
24 195
111 197
141 196
172 248
149 215
111 151
85 193
163 235
151 172
50 241
0 117
162 225
39 170
137 191
31 163
55 210
71 210
101 105
120 205
85 125
104 128
42 48
34 72
75 205
5 58
66 175
107 143
129 189
182 232
16 65
145 226
207 223
48 78
20 58
33 36
105 138
5 164
180 236
141 237
61 199
94 229
53 226
17 224
9 182
0 199
74 247
27 47
115 125
11 197
3 52
149 168
160 181
6 153
20 170
114 205
1 181
19 226
51 201
153 235
2 161
30 150
186 207
155 175
178 197
59 198
71 198
205 231
1 225
125 180
126 217
213 236
14 204
40 41
42 167
170 203
14 174
132 229
52 154
102 139
50 185
50 133
32 122
88 97
65 135
27 103
44 240
89 100
5 231
24 142
24 197
194 198
63 174
115 182
173 180
217 224
101 120
4 96
41 193
139 209
220 242
3 62
103 184
165 169
97 194
41 44
92 240
16 107
75 126
49 50
16 42
117 120
11 18
63 158
135 220
2 75
38 49
30 219
56 128
15 199
24 107
41 132
124 168
25 207
101 218
41 94
11 218
214 236
124 129
94 246
101 116
21 165
47 236
31 103
56 247
38 211
40 187
58 247
128 212
105 200
168 222
186 218
7 92
3 167
33 186
59 104
51 96
111 139
143 244
140 243
50 204
31 90
191 243
57 189
70 140
14 42
160 233
19 81
75 100
23 114
229 236
37 173
136 177
71 176
21 131
63 181
77 196
70 124
63 138
60 229
55 244
68 102
35 227
52 87
136 212
18 122
11 192
119 180
39 42
61 208
95 138
71 154
144 209
134 188
190 204
11 110
194 197
166 182
160 184
156 204
167 228
73 159
59 218
72 120
19 176
8 182
69 90
77 225
31 110
127 190
156 237
174 176
86 169
108 178
40 87
197 216
6 98
22 36
126 212
42 135
132 144
73 204
64 209
78 105
61 147
57 217
134 234
156 243
101 172
65 186
40 133
31 240
67 140
13 118
55 131
39 60
201 249
158 226
37 179
157 237
106 144
73 99
152 245
60 195
193 221
186 213
51 112
82 243
106 187
223 247
99 174
98 178
28 184
67 91
26 117
87 190
227 239
30 37
77 200
78 151
14 143
108 114
48 65
23 101
74 88
100 221
136 217
35 249
80 116
163 167
140 158
157 195
23 86
101 145
134 249
104 202
157 192
27 29
229 232
0 51
188 196
101 217
215 227
122 242
15 173
61 170
48 116
61 83
60 104
69 209
13 226
3 142
87 107
210 223
139 191
61 77
131 239
31 205
23 108
133 179
140 240
6 54
39 115
191 245
28 112
56 143
60 88
35 47
110 249
7 138
52 171
41 68
52 99
160 246
176 224
114 146
166 200
57 222
15 167
155 195
127 211
67 190
21 77
114 123
188 224
11 240
145 181
133 197
130 132
208 209
105 158
72 176
146 157
75 86
161 241
165 202
76 207
174 242
180 199
0 62
22 145
96 156
194 228
5 138
39 46
111 213
74 120
110 160
47 123
22 151
14 104
73 187
179 180
99 231
99 212
43 234
139 244
188 242
9 46
9 28
103 222
82 231
29 115
17 206
72 153
90 121
153 247
97 121
83 134
29 196
170 191
14 21
231 241
27 247
0 127
74 138
82 120
157 198
1 215
154 215
139 188
193 217
179 233
153 180
175 208
81 223
41 56
38 72
174 186
18 74
100 249
8 46
47 150
75 115
53 66
149 155
200 202
38 219
122 129
70 190
145 149
21 190
196 201
229 239
120 247
64 221
199 212
81 100
8 10
63 67
74 75
65 129
25 34
155 167
89 156
157 197
218 234
37 97
164 178
27 137
27 193
210 227
42 155
17 179
50 246
81 227
173 248
106 199
32 125
40 104
153 214
50 197
44 121
138 189
68 75
25 102
11 87
19 181
110 129
32 36
209 219
9 132
183 217
194 249
139 141
42 158
164 235
52 101
60 170
14 179
52 196
56 248
89 132
117 160
102 243
128 210
35 229
154 175
121 164
61 217
76 233
46 177
137 208
66 97
131 223
169 185
35 183
77 124
47 167
35 160
15 149
184 222
228 244
109 217
142 179
29 70
162 177
50 247
136 197
109 218
113 130
40 207
90 207
4 125
5 219
191 242
88 190
21 151
15 56
80 187
85 95
114 185
0 145
113 132
164 211
91 119
27 159
117 151
7 219
94 188
13 188
55 232
3 27
58 83
20 206
86 236
141 231
50 196
39 65
169 244
77 145
46 138
119 234
23 68
50 174
72 85
193 235
76 107
149 162
94 143
183 245
18 43
79 109
181 186
69 224
81 84
68 154
137 227
61 80
62 66
4 240
25 153
4 119
46 101
154 167
144 240
105 179
69 110
125 179
186 227
35 216
6 148
68 96
66 100
92 160
105 164
4 211
15 218
23 160
202 208
15 27
159 164
93 173
136 150
34 131
69 186
98 165
107 164
17 117
75 108
172 182
49 79
140 204
61 98
8 179
125 172
49 190
76 117
51 249
111 231
32 198
148 168
25 50
165 167
23 42
76 94
25 195
187 228
39 229
35 237
13 218
11 158
87 215
50 128
82 115
179 234
94 242
34 152
98 219
17 213
124 191
103 204
92 230
51 193
105 204
19 61
83 148
63 234
33 50
0 23
219 242
219 223
40 129
72 92
57 196
12 33
115 151
104 196
18 61
3 80
80 188
80 166
2 233
198 200
200 218
39 73
144 193
13 72
184 187
16 242
151 235
106 136
118 210
137 185
21 188
69 203
1 126
119 230
171 234
178 202
103 122
94 167
107 247
91 182
146 209
26 131
110 132
119 228
54 194
215 217
36 242
20 119
38 139
99 124
130 163
35 77
23 233
54 83
130 145
15 128
143 206
9 66
25 128
146 219
27 36
2 56
142 248
47 200
17 210
182 196
97 165
151 219
100 201
115 148
104 181
110 190
22 135
169 170
104 205
135 242
233 239
83 150
33 103
10 215
108 151
120 233
83 111
10 173
51 104
161 216
146 239
66 149
10 105
98 107
236 248
42 72
76 196
59 175
76 143
28 48
73 164
140 215
29 107
175 228
96 127
94 106
103 183
75 191
117 181
14 230
41 45
39 41
58 220
18 19
86 183
92 227
0 223
81 186
32 149
60 243
145 240
93 211
78 138
112 136
2 5
153 194
44 85
14 194
65 143
81 134
78 101
160 203
52 96
34 201
197 230
46 220
92 109
23 165
52 247
104 135
54 181
109 200
16 53
11 214
201 221
29 105
25 81
60 201
134 182
7 180
4 201
141 170
138 224
211 222
204 244
10 79
110 145
21 81
96 216
126 153
71 178
124 207
90 194
158 199
124 163
3 118
79 185
108 157
41 203
10 137
148 216
112 120
21 201
89 208
84 206
12 236
144 239
88 179
128 147
64 162
182 233
63 97
41 106
96 206
93 244
62 106
78 241
115 174
131 133
87 204
69 176
58 65
105 153
57 85
218 220
2 69
132 169
128 145
190 242
33 224
36 200
127 131
94 211
12 196
48 202
117 128
27 183
188 233
85 170
55 156
11 239
76 223
56 156
0 163
30 49
53 169
176 184
20 232
178 196
0 170
140 147
128 182
167 213
2 121
27 134
123 159
88 140
149 199
112 144
27 149
13 54
189 196
178 238
37 61
84 208
37 105
166 224
38 243
159 231
98 115
38 109
31 239
188 197
180 194
79 152
166 221
167 236
207 224
95 121
53 113
3 205
10 31
48 169
2 126
59 224
118 200
84 209
133 231
161 249
77 151
48 92
78 169
155 162
18 100
55 215
21 226
42 188
64 126
38 45
15 39
225 238
219 224
108 223
38 232
74 226
146 188
5 154
160 227
77 168
30 134
154 234
172 212
48 190
88 195
228 229
210 216
184 204
37 165
9 121
55 236
196 243
53 234
211 249
65 168
95 140
148 150
88 158
95 137
68 158
124 205
92 95
102 141
196 216
14 190
174 190
169 189
234 237
127 209
80 113
81 103
183 240
131 191
111 229
36 39
233 236
127 233
52 85
74 127
116 168
51 88
140 157
72 117
222 230
38 62
73 177
154 221
204 235
184 243
123 170
107 227
11 224
42 179
192 195
99 119
188 192
57 216
48 197
132 188
114 117
68 132
67 102
164 225
89 243
184 239
9 195
51 65
7 227
96 99
37 209
140 175
41 196
78 224
81 85
195 240
202 224
14 156
30 41
233 234
20 23
32 222
68 140
147 186
208 243
26 236
134 222
108 129
51 210
46 143
100 156
117 170
11 109
52 93
75 244
68 215
33 107
145 208
180 208
26 32
58 166
12 152
31 243
113 184
159 203
77 109
131 220
57 183
63 153
110 131
218 222
32 164
197 215
92 248
9 75
56 189
13 189
126 182
135 225
35 154
147 245
110 219
135 162
14 22
16 88
32 92
58 120
213 229
54 158
66 74
189 243
66 83
163 203
158 238
41 202
136 172
3 150
57 119
25 73
105 180
27 187
185 245
93 171
2 189
8 110
28 216
129 193
33 232
36 139
26 74
28 117
49 53
42 109
0 171
141 198
187 238
132 134
11 238
71 121
38 98
2 41
86 167
57 75
122 149
183 185
65 181
50 231
119 195
90 142
83 195
132 192
14 82
166 188
14 55
57 226
56 245
131 245
118 154
64 153
7 55
126 147
0 89
120 195
62 172
95 179
194 241
157 177
84 132
24 210
80 244
205 239
63 212
112 153
160 213
20 110
20 36
8 199
216 223
71 145
62 68
97 191
71 175
34 197
28 237
27 45
119 192
7 79
43 55
71 165
166 209
186 217
4 218
39 43
1 111
193 203
126 209
220 243
60 74
123 203
105 242
112 248
90 173
69 124
145 195
163 234
7 22
225 233
26 116
28 239
73 171
50 149
145 223
18 205
29 162
27 113
24 138
1 219
59 216
146 196
168 215
30 47
93 248
75 82
0 21
133 171
28 247
203 246
25 149
2 225
62 95
41 192
174 208
199 228
81 241
25 186
80 202
18 101
3 202
52 124
121 134
5 33
222 248
147 153
161 230
63 172
55 123
4 198
41 204
187 229
17 227
98 182
221 236
101 197
38 235
68 145
67 120
17 220
72 138
19 52
152 184
59 77
58 127
12 165
102 169
120 127
96 193
50 216
106 140
35 61
104 156
74 128
25 52
44 64
206 216
81 135
25 139
13 190
3 34
43 198
15 32
76 129
42 60
31 200
0 66
104 113
74 241
145 243
98 102
61 179
87 237
102 170
129 173
122 169
39 50
99 150
181 194
152 194
15 99
26 49
4 228
72 76
208 236
6 48
73 176
54 150
37 202
79 176
58 118
60 226
170 218
222 241
114 192
198 218
95 196
19 55
13 23
5 29
163 180
57 64
9 235
64 101
11 185
161 182
2 71
164 183
76 150
106 166
165 177
10 114
123 169
30 248
35 137
129 198
68 187
53 114
48 215
219 234
3 78
149 247
33 108
165 184
124 183
100 200
51 67
26 211
88 93
25 123
6 230
150 174
55 94
24 106
180 184
29 130
186 238
62 101
24 97
125 225
48 128
111 192
132 155
32 56
6 36
32 38
84 187
70 94
28 30
119 210
65 249
103 239
89 154
56 113
1 32
151 238
12 32
12 167
68 165
23 199
157 246
26 79
56 90
61 108
25 118
60 107
1 128
115 217
68 205
81 118
90 233
100 107
51 152
110 130
139 242
18 106
49 218
76 176
44 110
3 229
24 117
16 241
84 197
139 185
16 246
89 168
12 117
132 158
59 85
58 162
115 192
105 197
69 74
60 213
47 158
109 213
65 248
0 183
191 244
203 222
215 243
151 191
27 97
7 210
41 231
156 211
26 66
197 205
20 243
7 151
170 219
216 235
69 217
20 64
10 223
3 138
40 80
6 239
68 209
0 246
50 207
8 76
66 125
23 118
86 132
6 122
190 203
23 93
9 113
20 189
77 86
23 228
9 30
70 217
98 213
0 70
22 181
0 178
201 247
83 220
186 194
139 192
35 135
14 144
149 203
16 87
66 142
135 172
65 122
99 135
123 223
51 168
75 165
46 105
41 101
43 240
32 227
78 149
79 224
102 240
19 235
85 132
54 230
45 220
171 177
32 152
72 203
58 218
69 118
201 211
86 214
43 188
87 162
189 224
153 243
35 175
3 192
23 123
178 239
96 208
66 89
129 142
94 129
68 80
167 239
82 213
59 134
225 239
167 243
147 242
19 240
83 113
42 175
41 240
232 235
159 216
38 125
162 205
151 208
123 143
82 217
26 230
117 209
110 224
66 106
41 129
23 179
68 73
53 116
25 157
20 32
34 165
124 238
5 17
45 99
113 133
0 157
72 233
30 212
50 91
81 173
217 242
6 83
147 164
19 108
48 125
54 138
92 249
101 118
199 248
70 82
79 111
35 184
62 147
167 214
90 91
57 148
154 185
184 242
170 202
56 71
78 110
179 209
54 163
72 161
125 187
121 151
120 180
30 211
123 178
184 215
94 105
150 167
97 176
112 237
27 166
29 150
21 164
101 208
2 39
51 80
52 67
97 231
104 115
25 236
14 210
53 109
167 220
68 122
182 197
83 140
162 226
179 247
36 120
52 181
189 248
105 171
72 96
127 223
58 142
35 213
103 202
184 214
104 147
79 153
163 231
12 241
91 150
89 118
112 139
147 240
58 113
148 234
21 87
101 205
51 100
161 240
64 180
171 195
14 147
57 207
209 227
95 148
49 192
161 170
81 170
3 194
228 237
195 249
46 176
57 80
218 248
172 179
93 135
32 226
36 107
84 192
192 245
32 146
54 134
58 216
163 224
160 202
3 105
54 179
3 111
2 9
33 181
33 168
9 126
53 233
143 170
187 202
39 72
108 199
140 185
152 215
137 218
43 110
111 154
188 217
102 144
21 106
159 214
106 111
6 26
106 194
80 248
118 189
110 197
14 124
12 113
122 232
157 232
88 163
89 101
112 208
76 110
69 219
39 226
95 146
22 28
242 246
45 69
45 102
60 114
89 167
29 126
173 183
34 186
13 48
94 225
64 226
44 118
142 242
14 164
10 20
55 110
134 217
76 144
112 165
62 90
194 245
14 233
27 131
133 226
104 110
142 149
34 228
94 141
13 50
58 206
102 113
168 236
81 244
12 44
33 206
47 141
23 189
31 101
35 243
32 115
25 129
140 237
7 130
63 228
1 210
6 13
40 107
72 100
113 189
116 225
38 76
73 249
31 171
40 50
56 101
196 229
68 118
86 101
77 164
187 192
14 165
38 104
72 166
71 192
92 113
102 234
10 164
86 245
56 206
64 144
9 139
26 162
68 141
78 214
127 218
68 107
141 232
126 174
64 70
139 167
53 54
29 140
49 236
49 113
58 232
104 145
84 173
133 138
36 68
37 120
121 123
11 101
147 177
36 171
90 226
70 241
64 119
46 206
60 177
43 114
33 85
99 121
49 102
239 241
169 214
32 112
9 65
88 209
147 156
165 237
234 235
48 80
36 104
134 196
92 199
34 100
125 199
8 79
100 247
19 70
34 211
128 153
145 215
43 216
223 233
132 207
213 219
5 175
53 249
50 161
11 145
21 85
63 195
100 163
23 44
5 35
40 57
133 203
107 201
80 98
184 230
5 37
33 45
46 198
95 195
32 160
68 223
21 227
123 238
44 125
128 203
18 113
8 125
101 206
87 95
30 208
240 241
40 177
23 38
87 198
156 157
11 177
8 73
26 239
35 132
121 141
74 190
36 80
32 111
126 128
20 38
163 164
107 214
13 71
58 237
42 100
115 168
9 191
142 198
29 214
85 183
22 123
11 103
11 43
66 139
169 206
159 185
119 222
1 43
234 238
27 203
121 191
142 234
131 136
183 197
17 218
32 40
145 193
205 245
61 188
94 210
106 119
91 145
225 249
209 236
89 189
30 88
15 44
50 71
89 241
23 120
63 231
168 226
18 208
139 215
8 20
18 173
0 202
17 188
106 209
128 150
41 137
4 233
54 85
76 156
26 143
124 201
191 221
202 210
91 179
27 200
52 202
6 218
52 235
113 194
91 174
13 80
215 246
50 186
51 194
46 126
77 220
23 162
48 225
80 224
103 169
132 223
100 155
207 229
25 187
130 172
186 200
17 63
34 101
68 85
16 124
7 30
24 84
104 106
3 209
226 236
188 216
25 57
83 227
108 198
135 236
23 152
20 124
72 208
119 170
39 192
51 95
119 171
28 135
76 241
62 89
158 217
103 127
80 183
62 233
40 49
63 219
53 92
40 126
50 210
94 245
90 249
145 171
61 132
51 137
123 140
52 193
48 155
70 84
87 234
169 230
33 139
86 145
83 185
64 235
59 146
79 247
1 76
20 63
173 208
52 184
104 166
66 127
49 111
150 199
70 135
168 179
61 74
106 246
10 171
8 231
60 82
107 186
230 238
48 101
153 232
8 171
211 238
10 119
170 240
60 145
165 201
128 223
22 219
45 138
52 248
127 214
165 207
1 16
170 193
85 114
1 102
93 159
24 55
5 225
72 81
103 196
93 152
205 241
136 224
5 190
77 235
27 162
57 202
156 209
119 160
101 184
26 107
12 200
40 115
44 147
61 240
4 101
123 211
155 200
198 199
26 205
84 183
40 237
144 153
221 245
88 99
100 204
49 244
48 67
128 141
39 242
102 133
140 217
154 166
190 211
192 226
45 85
38 213
107 187
10 192
30 103
57 109
10 232
151 154
45 161
15 139
107 154
155 161
23 198
168 174
137 153
90 206
0 245
109 114
13 173
84 118
148 160
50 136
143 163
157 170
32 54
176 220
144 202
196 207
5 134
47 129
5 249
138 181
40 162
86 104
54 222
22 214
159 222
116 237
52 125
10 208
10 230
134 212
81 125
9 170
69 188
193 240
23 171
83 183
38 63
21 219
44 112
36 85
55 152
174 209
130 184
140 167
153 165
102 142
86 124
3 24
194 243
217 218
3 16
152 181
143 174
6 151
70 187
125 193
191 219
71 186
103 154
171 211
6 166
63 93
40 66
86 219
39 161
43 206
186 210
130 213
44 52
2 89
59 215
117 213
68 79
176 236
49 245
121 137
224 230
27 232
9 25
71 85
64 67
35 108
148 198
83 109
33 72
58 132
62 229
35 209
28 116
90 228
8 211
119 220
157 236
152 190
11 94
50 95
170 208
1 94
94 133
4 156
65 112
81 191
170 195
23 203
233 243
71 174
224 228
44 87
11 174
0 19
22 163
80 165
150 222
34 115
139 225
48 84
71 247
37 230
63 167
52 170
29 128
73 148
174 215
186 215
100 194
126 237
117 205
29 38
86 168
13 134
2 113
141 206
123 195
204 247
43 233
43 125
159 192
197 217
13 157
47 246
164 241
53 245
82 136
33 222
0 149
104 107
207 245
51 140
35 57
34 137
78 148
147 227
95 236
143 161
152 233
36 159
147 148
33 119
120 221
79 182
46 76
96 173
4 236
77 163
21 66
197 201
174 214
59 98
111 161
54 246
14 66
14 134
105 213
149 185
77 82
5 14
110 230
30 86
107 198
71 249
49 173
22 239
151 223
84 236
84 205
123 200
66 219
74 87
22 216
8 139
101 130
39 217
50 248
68 121
115 246
71 193
155 222
116 208
95 187
24 34
57 117
48 242
225 227
118 149
44 199
112 219
173 243
21 82
25 108
92 125
99 158
126 199
57 146
63 184
29 33
26 90
19 146
225 240
96 139
94 140
63 191
118 237
222 243
30 44
88 98
14 43
76 124
43 150
18 41
8 21
16 117
7 190
25 214
156 183
150 245
52 66
147 176
140 207
44 238
87 147
21 104
15 147
23 33
40 45
57 143
142 162
19 22
45 185
91 236
80 238
54 115
194 234
35 71
139 217
84 194
139 218
31 117
13 112
27 88
106 210
41 49
133 187
72 126
172 180
39 156
214 227
12 36
3 82
87 244
56 152
17 26
20 216
44 126
176 196
153 231
107 221
77 245
116 140
3 117
39 182
70 231
86 144
4 83
81 156
209 241
11 173
69 175
204 239
15 157
99 237
60 162
55 198
160 208
167 242
148 199
62 195
66 235
19 74
127 247
132 154
108 184
33 44
92 156
64 135
142 195
60 224
26 188
60 102
147 221
65 243
44 223
93 106
12 199
48 63
5 184
14 107
26 95
20 180
6 142
32 182
35 95
106 242
56 208
151 160
181 204
5 108
135 157
91 170
36 94
41 219
91 216
36 223
24 218
107 119
123 171
165 205
78 159
185 196
100 120
107 129
21 220
57 201
41 95
126 132
99 131
156 201
127 206
57 170
70 91
193 214
0 235
144 247
49 80
117 169
180 246
111 211
26 237
93 157
102 188
109 144
18 229
166 172
88 212
74 137
31 212
113 173
142 213
134 144
12 240
58 197
160 194
19 220
147 214
82 148
172 195
59 62
121 127
146 193
8 240
28 152
202 239
183 188
59 112
10 154
24 134
192 197
75 131
182 192
115 232
44 229
26 203
71 171
14 201
80 240
84 241
120 230
36 59
149 164
118 170
11 244
60 156
187 231
192 231
15 26
96 198
70 225
49 94
1 148
93 201
63 213
99 181
22 197
100 243
111 117
23 237
26 172
4 216
110 121
58 242
164 218
119 135
34 110
70 222
65 114
21 29
120 248
45 88
69 245
102 216
129 223
43 237
43 224
6 163
110 135
76 77
53 200
36 106
107 189
41 109
123 142
81 168
48 89
31 124
4 227
66 105
0 48
40 63
50 83
103 228
135 186
203 249
137 175
19 109
66 108
97 157
189 203
52 103
189 195
198 217
28 131
118 172
164 214
192 212
17 197
191 224
62 154
92 170
4 169
123 181
87 226
30 245
135 228
16 64
6 236
73 236
2 198
25 222
121 210
42 192
155 214
86 148
46 87
165 171
54 133
18 160
76 134
136 141
63 122
65 66
81 172
117 239
242 244
63 114
6 205
72 156
48 159
202 219
176 187
23 87
10 205
15 91
65 69
89 246
2 215
181 245
209 244
109 164
102 117
125 174
180 185
19 219
51 175
29 66
32 118
36 247
203 243
206 227
158 208
167 201
5 60
107 184
29 60
6 134
69 235
38 231
8 33
84 102
35 234
5 151
16 148
41 220
121 243
28 201
29 229
136 220
141 154
22 244
215 230
130 200
151 169
181 185
19 166
17 170
136 171
170 213
215 216
67 187
102 208
91 198
56 82
108 181
131 141
12 116
136 175
44 178
100 158
32 181
92 165
94 101
61 78
168 247
100 122
191 205
37 70
100 202
0 208
134 233
98 127
26 238
23 147
56 228
78 245
24 148
79 96
117 187
37 76
134 239
81 162
171 181
241 248
91 109
59 101
70 89
94 187
88 166
2 18
150 161
81 82
79 158
68 222
42 53
65 82
86 197
77 191
47 50
21 148
193 211
90 148
37 178
39 64
78 197
42 92
40 123
26 221
133 248
39 175
153 224
93 239
34 171
70 169
186 190
147 219
59 133
23 45
89 212
36 164
142 206
182 230
109 182
65 153
44 209
93 113
18 186
123 220
112 156
165 183
200 242
174 183
88 162
52 147
79 88
13 93
223 246
89 240
8 86
25 142
14 16
3 181
49 56
82 143
6 109
21 76
148 197
94 178
25 66
21 110
39 100
111 227
210 238
120 214
80 89
129 169
104 146
22 107
99 110
128 159
3 50
130 175
35 219
8 152
115 237
49 88
60 103
14 189
48 196
29 69
27 76
173 200
134 136
114 151
147 149
151 171
122 133
35 233
208 223
89 233
133 249
36 130
202 214
157 228
143 164
66 216
110 113
31 67
116 220
102 229
64 93
76 137
238 242
84 200
51 199
189 217
21 182
89 153
67 249
67 85
195 235
33 154
1 78
125 159
70 103
75 93
63 248
85 99
24 137
177 183
150 188
116 120
19 171
23 62
189 249
174 192
46 225
79 124
56 227
135 182
126 210
25 226
125 212
75 149
8 99
77 140
10 193
10 181
65 174
4 56
173 249
30 71
76 211
47 155
17 182
88 245
215 244
73 119
148 178
19 129
8 198
18 121
234 243
52 160
158 210
164 184
8 53
43 128
87 233
82 225
49 199
201 229
49 72
58 108
122 230
178 218
214 230
128 224
43 191
2 158
16 192
140 200
69 184
156 180
156 167
90 218
57 144
106 197
158 216
16 191
138 195
159 204
37 175
182 189
124 221
205 213
107 249
19 134
115 225
172 237
119 185
131 187
93 147
83 128
92 139
67 177
88 211
108 161
86 165
13 125
41 226
28 120
236 245
3 233
10 224
20 141
13 215
39 142
48 131
1 60
106 192
22 67
103 210
80 232
126 223
159 195
154 181
9 239
192 233
111 185
76 246
224 240
208 226
36 209
3 122
160 189
120 209
141 171
149 195
50 141
53 57
62 174
46 218
10 147
154 246
86 230
63 236
188 212
0 78
101 200
3 11
212 241
15 234
31 206
6 164
70 172
63 199
132 212
19 132
128 160
6 216
75 194
154 179
30 194
50 206
50 143
114 229
65 70
11 229
35 179
34 234
106 158
18 130
131 146
137 143
112 218
143 184
25 181
231 247
46 148
11 169
29 47
133 193
101 165
183 239
84 223
79 181
47 146
22 39
64 229
111 203
210 234
82 130
61 97
80 144
125 192
28 209
17 79
15 142
73 240
94 203
141 219
8 201
32 163
72 218
144 158
4 206
188 244
86 91
19 102
44 88
116 144
4 223
235 248
78 90
174 184
133 143
76 186
91 151
75 219
60 113
85 166
69 181
8 105
23 207
27 111
1 23
79 107
64 99
189 208
132 244
124 127
28 64
33 245
55 205
41 248
74 169
179 222
29 97
136 158
60 239
139 182
133 199
56 157
72 152
39 48
30 166
196 202
1 81
105 181
100 117
108 232
66 96
127 140
72 188
118 137
130 146
179 185
61 178
131 203
109 249
42 181
0 36
175 216
114 176
157 180
23 48
159 211
28 222
85 160
133 190
86 248
173 209
104 187
1 187
141 224
184 209
2 48
11 135
10 229
59 138
134 221
18 23
164 175
176 221
104 112
116 213
42 142
172 229
174 246
19 239
0 203
2 50
104 186
83 116
27 196
20 73
92 161
43 177
15 119
83 103
72 221
46 116
95 164
216 245
154 245
100 126
216 242
41 209
134 243
7 163
58 78
184 197
31 147
64 179
13 130
148 210
44 245
199 241
107 193
75 201
136 159
4 94
7 20
99 113
48 66
148 241
31 40
104 240
3 211
86 211
66 130
207 243
44 140
119 243
4 193
5 38
110 127
45 224
213 226
124 227
57 164
8 47
71 120
153 206
135 219
188 194
108 244
89 213
79 157
84 93
47 55
63 194
29 142
5 158
119 215
21 229
12 243
17 51
186 199
236 240
50 130
211 226
65 89
10 184
25 83
27 197
185 231
54 100
2 76
79 117
69 232
20 121
150 213
23 26
43 53
89 225
1 155
73 172
90 200
71 122
176 237
104 204
93 187
59 249
212 214
90 210
40 90
144 226
186 201
85 91
110 202
16 144
60 138
67 149
90 167
123 241
147 200
149 186
0 44
8 245
98 176
34 49
230 236
182 227
96 244
8 77
144 234
151 158
87 149
25 234
26 202
22 246
17 27
91 106
25 246
85 147
65 161
134 138
82 248
132 177
91 117
101 173
198 202
24 220
50 153
157 238
96 165
93 214
42 49
92 203
91 215
76 161
104 244
19 193
63 205
57 132
112 187
51 162
90 141
135 158
131 200
76 185
152 153
6 96
172 213
115 123
78 232
31 216
194 238
47 100
12 73
184 193
69 243
51 106
56 69
8 75
152 227
75 197
42 70
42 127
1 175
119 242
89 102
44 203
175 237
37 137
59 88
30 241
26 149
128 154
75 105
148 229
123 248
127 249
168 238
167 179
21 211
48 132
51 122
85 241
33 217
85 198
20 234
138 182
178 219
176 182
93 161
142 175
15 233
150 162
35 194
77 214
15 84
21 51
6 84
91 134
111 178
211 214
66 143
138 143
88 231
97 225
71 214
159 173
7 155
130 139
13 75
207 221
185 209
53 149
144 165
191 194
24 66
206 249
137 229
30 240
22 162
21 78
69 177
42 151
123 144
160 236
59 228
40 246
56 83
42 122
107 239
31 70
96 163
8 61
185 241
33 61
6 57
8 108
94 196
79 236
44 237
70 86
178 211
161 200
44 137
21 86
59 184
196 244
78 175
67 111
119 248
121 139
70 161
30 58
19 42
55 60
49 220
93 202
82 129
12 66
235 243
94 114
85 208
88 120
177 213
71 180
85 240
127 157
0 129
90 231
63 198
35 75
117 132
198 204
144 227
38 69
9 81
158 236
57 187
52 89
9 137
181 238
44 72
67 146
9 201
14 127
14 60
29 89
139 249
226 233
135 154
14 216
15 24
55 174
107 212
13 73
96 194
61 242
17 230
70 240
85 151
26 233
180 232
16 18
5 209
22 75
38 74
100 129
164 212
88 226
36 237
22 48
28 39
120 130
110 221
47 237
72 225
7 175
45 55
23 116
51 148
43 227
38 143
102 106
46 159
78 248
82 203
148 212
28 242
82 204
77 103
95 131
84 150
176 210
79 118
108 162
56 146
14 157
169 248
162 179
96 167
66 132
58 226
15 136
23 111
17 108
46 113
68 84
28 227
34 246
5 174
24 150
55 92
39 159
70 158
104 118
151 164
32 51
139 176
9 245
34 108
55 102
32 44
142 232
156 168
148 171
33 174
118 245
98 167
82 233
101 136
216 240
62 211
97 101
156 171
51 216
34 41
42 108
177 232
33 68
118 151
30 83
1 17
149 233
194 195
116 160
64 203
82 96
42 98
158 242
151 242
170 184
38 163
79 85
217 238
14 138
32 230
45 62
29 205
85 178
112 121
181 219
154 191
64 157
184 234
91 199
29 124
130 214
144 246
79 204
176 195
44 60
131 207
106 161
98 136
29 100
4 208
22 221
7 162
105 108
206 232
86 134
196 233
2 82
62 111
49 224
155 180
113 182
193 197
185 201
71 143
42 205
17 219
49 125
107 177
61 107
45 155
127 146
157 208
206 238
35 245
137 217
108 182
16 61
53 224
12 45
70 197
189 214
39 90
68 90
49 197
130 242
214 221
87 210
23 122
12 205
166 191
59 194
168 227
92 112
4 162
53 126
68 196
122 143
104 219
130 209
69 241
21 116
43 78
128 234
96 174
43 176
8 195
10 18
169 180
45 117
63 233
105 215
59 185
46 209
192 211
54 107
113 128
59 150
155 243
20 81
147 201
131 249
214 217
31 63
174 224
68 236
20 132
30 230
186 245
209 210
19 152
211 248
108 137
41 162
43 202
18 142
57 112
50 139
31 220
7 102
134 141
7 100
61 114
5 141
200 244
101 210
1 36
159 246
53 207
12 85
177 239
30 239
98 123
101 171
123 217
108 183
36 215
88 176
61 130
49 145
6 181
148 236
130 202
45 244
37 75
86 128
184 207
1 230
35 218
103 245
4 241
62 180
80 225
60 129
56 120
31 52
38 234
123 141
113 227
1 70
2 13
50 151
5 72
76 146
61 246
76 109
138 169
111 205
77 89
163 242
121 155
36 105
29 45
80 158
6 81
20 80
185 232
109 171
169 237
86 186
45 82
66 220
144 184
59 97
24 104
150 239
54 69
160 162
2 241
205 223
63 148
59 149
83 163
132 150
66 133
44 146
76 222
158 167
212 224
134 236
90 125
159 227
53 129
130 217
116 194
66 117
105 150
30 238
152 164
48 156
60 172
182 239
90 246
156 220
155 245
104 132
85 184
41 67
110 237
103 197
160 220
16 156
169 179
101 180
168 176
44 176
51 146
103 171
7 183
126 176
123 187
229 241
51 90
3 153
22 79
12 249
53 192
202 221
221 246
47 171
174 230
63 178
104 159
96 189
20 79
77 229
59 196
4 58
3 10
76 225
109 224
45 156
145 220
175 239
33 148
96 210
167 232
211 228
27 96
20 47
87 180
51 192
128 191
18 50
64 102
58 100
136 149
25 169
9 149
244 245
71 90
53 133
109 111
239 240
2 78
53 170
20 213
115 135
57 173
113 175
176 214
122 209
24 193
151 157
10 99
18 68
57 69
189 227
61 224
111 142
81 230
54 108
19 195
34 67
58 80
83 112
63 215
86 195
12 131
81 238
18 157
61 151
164 206
56 218
49 67
83 157
44 243
2 175
102 217
8 170
30 203
6 162
55 67
43 73
157 194
71 134
2 103
70 229
4 118
53 139
56 58
64 160
23 174
80 155
188 229
46 169
122 243
138 148
48 55
182 185
137 207
109 142
5 177
83 156
144 214
60 139
14 226
86 159
167 169
89 97
65 193
111 183
18 118
98 146
33 158
119 158
85 175
125 183
11 147
34 124
25 120
33 47
205 238
169 211
13 79
89 138
74 233
7 84
4 205
7 117
91 131
143 212
102 248
30 57
26 183
78 237
50 220
63 168
36 217
91 153
43 197
152 210
52 65
33 60
116 151
70 102
2 132
28 229
58 167
117 218
31 238
96 214
27 219
180 237
52 179
84 213
112 200
122 218
101 198
159 215
39 185
103 217
62 225
65 194
15 34
2 221
66 150
150 156
120 215
182 202
74 186
2 236
101 176
187 203
21 79
122 208
20 184
39 66
51 73
37 155
61 142
187 197
21 71
57 190
49 143
89 112
103 209
83 168
61 126
57 184
96 162
0 213
21 38
31 78
8 83
64 205
123 237
78 165
146 230
9 58
69 119
26 54
62 128
62 207
91 229
62 202
132 242
68 112
43 57
99 136
208 246
116 118
37 107
219 237
24 42
97 239
5 159
26 44
138 225
11 170
79 241
32 48
122 234
4 230
50 87
41 139
65 158
157 187
17 24
2 193
46 187
162 220
36 231
27 83
162 217
34 178
66 201
33 216
16 71
214 222
155 233
30 189
39 91
63 82
226 230
15 16
59 200
146 221
20 74
73 107
73 242
63 107
79 191
28 198
160 164
5 239
199 217
114 216
151 222
131 217
0 7
35 146
80 157
72 187
64 231
112 190
53 230
8 121
36 103
20 93
109 162
64 185
5 81
47 131
47 90
138 227
45 70
117 135
7 218
34 221
14 158
124 230
65 144
175 209
189 215
2 68
2 3
7 153
97 133
98 177
62 194
54 67
25 40
152 217
69 193
159 189
6 196
14 98
9 204
16 118
2 209
11 216
126 245
172 211
29 159
104 232
52 81
108 150
92 245
103 185
43 201
154 200
7 68
23 216
91 172
41 86
73 245
49 172
36 155
59 113
156 221
109 205
160 193
89 146
112 198
221 243
209 222
45 192
13 15
142 186
172 193
104 249
35 221
10 93
56 182
145 217
27 138
41 146
187 216
129 155
12 168
6 246
163 206
1 37
36 187
74 105
7 116
41 167
23 172
120 169
57 133
145 166
168 184
73 133
166 247
94 162
142 177
52 114
9 179
38 189
125 208
80 149
52 83
28 68
51 228
182 246
129 232
0 5
99 228
84 163
150 192
54 226
7 57
63 98
41 46
158 228
42 94
132 213
122 183
135 191
39 231
65 67
73 169
66 249
83 174
23 60
80 182
67 246
132 215
37 41
45 79
177 237
85 110
193 244
62 125
111 146
29 237
110 229
60 168
50 114
173 193
79 101
63 141
17 136
109 244
37 140
101 137
150 211
188 218
196 211
22 125
119 150
64 73
143 236
90 160
199 224
24 154
21 146
122 163
104 185
104 233
66 115
190 200
171 241
120 192
15 85
144 179
121 234
35 198
158 222
95 237
83 132
67 153
110 187
50 105
102 225
147 216
105 122
95 101
154 216
85 96
164 222
130 241
12 77
74 83
114 181
83 193
71 168
163 237
58 73
15 226
48 72
54 116
53 140
25 46
7 246
74 140
66 121
52 157
32 202
104 238
26 120
73 209
18 135
183 249
90 115
169 239
46 91
87 137
54 129
13 27
22 196
80 228
170 224
7 196
41 241
5 240
76 197
30 126
6 121
60 181
74 125
96 140
4 173
60 188
6 222
128 196
39 96
22 101
29 200
116 181
122 215
52 92
112 118
23 96
19 135
160 182
10 41
112 137
49 134
90 180
187 241
18 53
172 233
27 224
177 248
189 200
94 227
182 215
54 214
226 239
88 201
63 73
59 209
42 246
60 200
49 225
146 179
177 240
24 123
58 70
88 136
77 112
52 113
73 130
34 193
146 152
157 206
199 213
16 202
110 241
33 42
62 183
59 135
185 205
117 125
81 193
55 56
134 185
168 232
128 231
172 240
139 190
4 154
95 97
197 241
42 126
183 226
56 229
58 111
119 149
64 130
76 162
80 175
122 168
29 182
21 102
232 246
91 249
35 177
169 234
14 227
95 151
96 123
21 187
121 226
26 199
102 157
185 213
159 166
64 114
148 187
39 110
140 239
159 176
190 226
71 238
20 66
151 246
29 39
47 49
11 132
