200 1000
111
105
54
56
44
46
75
80
22
95
90
30
22
47
85
61
26
83
60
108
31
95
43
108
45
93
55
90
90
35
106
33
73
92
21
97
118
28
57
20
55
79
82
58
107
47
51
65
63
91
54
26
66
29
66
43
103
102
114
25
69
52
90
74
25
44
104
23
52
41
76
88
53
90
78
92
118
61
37
113
32
71
119
30
81
117
54
116
51
100
73
101
32
95
107
37
119
91
93
104
65
101
24
98
71
34
70
21
75
87
66
39
91
65
49
52
63
35
100
94
115
53
27
28
80
115
97
80
38
22
116
83
55
72
61
107
86
63
60
93
83
107
112
54
104
93
38
99
109
118
26
104
103
33
64
115
80
94
75
51
48
23
114
84
75
108
23
93
51
63
66
114
50
110
100
87
84
118
66
25
68
72
61
51
38
58
47
50
32
54
81
60
110
28
24
65
116
79
91
47
167 195
45 128
36 120
98 161
157 176
5 44
65 186
67 137
94 190
17 76
39 137
22 58
16 139
12 90
83 118
2 3
0 113
83 149
44 72
1 48
70 139
6 181
12 76
23 89
67 160
63 126
2 128
93 168
85 86
39 96
48 199
101 122
118 120
101 120
58 119
59 117
98 129
17 141
126 193
30 146
45 105
24 34
47 192
84 127
31 175
76 182
23 198
83 95
117 136
167 188
84 195
76 199
135 169
13 17
0 162
67 159
45 183
45 53
128 132
129 159
5 107
82 141
156 177
25 177
65 145
13 60
165 181
116 136
106 134
48 130
41 106
67 103
121 177
100 105
30 53
16 113
109 187
95 195
86 125
120 152
22 86
3 164
3 101
72 89
7 154
65 137
4 195
120 124
21 77
29 83
3 45
142 196
143 155
190 193
20 62
42 97
62 100
103 198
70 163
122 192
129 176
123 139
11 86
48 115
32 77
187 198
75 146
82 182
42 72
62 127
25 134
35 57
55 87
2 90
77 83
5 124
15 164
26 176
11 118
54 68
81 198
32 167
9 15
104 142
23 191
80 167
6 178
68 87
8 116
84 151
68 121
50 99
22 78
26 140
32 89
39 161
65 128
72 80
128 137
23 112
119 142
97 193
80 149
109 166
69 149
70 194
45 89
112 120
123 147
4 164
131 165
156 197
45 180
77 134
52 108
47 180
40 147
29 48
72 147
157 173
103 169
44 58
149 164
24 122
63 79
141 147
97 196
42 144
77 173
137 176
175 178
69 125
99 167
173 192
46 82
165 167
9 186
135 178
100 126
111 141
52 131
88 128
32 149
122 178
50 158
68 136
26 137
13 193
138 188
35 137
20 103
6 154
112 132
141 190
33 53
132 164
20 57
44 159
5 166
137 163
5 17
43 51
64 95
83 188
2 126
70 174
25 29
93 181
74 157
84 142
79 168
59 137
103 140
96 145
70 185
60 87
63 191
38 130
70 79
81 121
144 196
25 56
169 189
71 78
63 107
21 143
75 80
15 80
128 183
53 113
113 173
56 92
37 174
68 94
45 168
41 102
112 158
19 33
90 99
111 162
84 197
24 57
137 164
39 148
17 152
131 153
46 78
67 187
20 34
65 135
2 37
59 66
78 147
46 51
162 168
117 161
18 47
141 163
108 132
63 125
17 37
56 115
15 196
134 187
69 182
5 136
16 59
2 158
5 94
5 14
118 167
83 166
24 136
130 196
108 145
122 145
114 130
60 129
78 194
60 69
16 26
27 196
42 150
136 185
142 155
102 123
60 185
41 149
123 161
69 145
67 69
15 183
27 150
28 65
89 190
85 112
17 154
36 154
42 191
97 144
66 157
60 81
42 58
4 183
4 111
23 78
140 173
5 106
2 80
22 91
3 128
39 109
116 193
60 151
42 47
0 78
80 138
58 122
14 74
78 185
16 38
11 18
122 175
154 165
8 66
21 176
15 137
5 82
33 160
3 65
32 144
112 155
34 165
108 186
124 180
18 139
109 140
14 181
85 147
103 168
144 155
77 92
111 159
50 71
115 145
26 177
11 181
42 46
99 180
79 154
93 104
49 196
30 155
10 40
129 178
85 95
74 172
129 185
132 179
57 77
35 95
54 106
48 169
68 104
29 59
85 99
100 104
59 82
44 130
12 51
147 175
49 97
26 119
35 51
44 158
5 80
79 87
48 63
135 168
68 116
27 167
2 83
19 36
95 102
32 146
7 114
11 45
57 165
92 189
147 168
49 136
15 152
136 168
16 23
36 136
115 140
94 156
175 198
45 82
77 114
191 192
37 122
2 179
144 154
23 75
91 159
76 196
126 164
94 164
52 187
79 131
87 167
117 125
7 62
92 163
74 107
83 196
38 96
3 127
150 182
25 78
61 106
173 187
70 89
57 82
141 165
60 89
4 14
66 130
93 174
48 110
152 194
0 44
123 184
3 166
33 73
134 191
117 139
73 161
6 107
148 171
60 72
8 76
26 138
0 95
5 183
48 87
44 151
40 135
43 167
53 192
29 197
78 120
114 152
82 120
5 59
68 84
29 65
91 112
119 159
55 92
92 165
134 137
56 156
9 130
49 159
6 127
31 120
31 65
41 43
61 70
114 131
151 175
15 67
88 156
44 150
13 32
14 54
12 143
125 133
126 192
14 120
139 199
102 134
33 190
48 93
8 121
27 161
50 136
38 184
46 197
70 100
13 163
56 113
140 198
132 133
53 76
15 146
0 52
101 195
149 185
88 145
2 70
159 173
4 109
50 197
20 58
21 151
16 33
77 125
11 14
42 57
64 156
57 69
108 159
46 64
60 152
83 191
116 154
110 194
177 191
35 161
64 163
56 197
80 86
46 122
97 132
88 113
40 97
100 182
8 46
21 146
90 151
57 104
6 98
41 129
5 171
28 145
25 154
28 114
23 163
63 112
76 152
11 160
53 121
9 151
142 160
41 46
0 170
90 96
89 136
107 171
46 116
0 87
93 153
116 181
93 116
145 179
91 198
3 156
12 165
106 154
78 148
0 104
0 148
84 90
61 90
136 143
31 129
22 89
70 136
5 90
21 115
65 150
58 112
68 77
175 183
5 123
5 88
40 71
47 107
82 108
50 171
33 189
11 12
34 170
53 175
74 149
77 167
87 139
16 35
10 62
68 151
85 191
73 156
121 184
15 18
66 181
123 189
51 153
86 173
140 187
89 100
14 177
56 153
64 91
79 121
25 54
91 147
168 172
0 152
15 45
123 179
81 112
85 102
18 188
5 58
128 159
94 143
88 150
96 153
170 194
0 32
131 195
91 163
91 103
68 101
59 191
80 140
55 182
73 177
36 170
31 51
125 195
83 194
28 42
174 188
164 172
159 174
17 103
75 159
61 95
60 120
38 92
12 45
74 190
119 196
102 178
47 173
27 193
7 8
188 197
152 181
107 169
25 64
77 91
90 136
148 186
10 176
40 174
21 114
92 116
62 94
62 194
19 174
28 55
181 195
115 177
98 100
22 164
75 99
7 11
145 189
151 159
121 151
78 142
17 146
35 80
181 193
12 142
149 155
89 192
97 121
4 197
20 26
95 113
19 107
18 65
123 186
153 170
80 187
67 99
19 92
49 113
57 156
1 63
45 160
49 123
143 157
22 28
106 190
49 142
7 77
0 68
73 153
5 129
141 149
14 106
77 98
60 144
183 189
98 145
78 173
68 120
31 62
109 118
21 138
61 166
128 167
9 192
133 172
21 110
27 125
80 125
92 154
21 144
75 167
153 194
92 115
124 173
91 129
33 151
29 46
109 117
13 109
71 185
181 194
106 191
51 61
72 83
157 158
151 191
63 84
148 160
80 145
120 191
182 194
142 176
101 175
34 102
92 153
47 175
4 177
85 169
100 155
5 174
89 165
74 121
62 125
53 134
57 197
10 179
3 153
108 131
10 54
99 165
163 164
74 140
112 168
61 75
12 18
49 53
75 183
45 174
109 152
51 150
61 118
74 129
14 189
5 21
122 199
114 120
86 146
6 7
10 20
23 81
39 83
3 158
20 111
23 64
13 182
84 94
51 56
13 84
24 35
87 96
102 173
42 109
5 179
13 129
28 168
8 96
54 143
11 115
75 117
82 138
10 174
18 177
13 177
1 32
0 71
49 102
45 92
163 176
93 97
77 189
13 85
85 108
49 92
23 161
76 113
44 86
40 173
57 169
41 186
112 172
41 157
4 16
65 86
27 49
63 142
65 180
157 171
147 181
57 118
12 114
52 96
87 153
25 174
97 194
12 106
53 69
16 86
9 102
59 151
46 81
122 146
45 178
103 159
144 174
157 168
40 64
128 161
153 163
117 184
6 22
38 122
44 132
92 195
173 191
65 193
120 123
62 175
7 34
116 142
19 29
22 189
165 175
101 104
45 126
107 167
116 151
8 51
99 194
44 134
6 59
122 168
133 154
81 187
157 197
26 129
103 118
30 143
174 197
75 101
104 195
8 169
46 130
41 59
64 103
22 52
23 126
155 178
7 142
87 156
126 183
78 86
61 157
75 184
114 132
83 179
140 178
13 199
29 171
23 54
51 78
7 150
8 157
95 101
114 125
49 112
3 198
127 160
11 155
97 125
76 87
9 179
6 174
130 177
4 184
1 55
14 151
62 174
60 164
70 126
41 134
44 127
7 84
96 157
54 162
1 21
130 182
89 180
62 157
66 161
67 198
16 165
31 170
139 183
9 147
109 188
95 189
180 184
141 196
76 158
49 195
78 111
32 91
167 189
33 105
102 103
53 70
68 175
8 53
0 158
20 169
17 140
77 161
18 25
115 166
26 74
69 163
126 199
101 148
29 153
50 124
129 177
10 39
130 131
11 22
148 172
97 99
70 129
122 196
36 149
80 174
7 195
121 143
60 103
97 184
153 178
114 163
169 196
46 181
18 195
70 105
44 187
140 167
135 176
68 110
8 27
3 105
179 186
47 98
82 147
35 183
49 125
47 150
45 196
64 180
