50 1000
77
23
27
42
87
75
83
81
111
33
106
70
84
108
50
82
112
114
39
45
81
72
47
36
88
94
111
97
40
63
27
97
66
86
71
33
41
34
94
33
47
33
35
63
21
117
77
66
111
96
17 34
0 38
8 18
23 36
26 29
2 42
0 32
26 27
28 44
15 45
5 29
21 43
8 27
7 12
10 36
27 46
37 45
10 35
14 23
13 16
15 48
41 42
29 38
9 24
40 43
36 47
0 24
13 45
34 36
11 13
10 11
2 6
9 30
28 48
26 43
18 48
27 37
8 48
1 41
37 48
25 41
6 34
11 18
18 27
28 29
31 38
23 46
20 34
18 26
11 19
16 31
8 44
9 39
40 47
2 48
29 43
13 25
0 36
20 32
13 15
47 48
1 23
7 22
18 41
8 43
2 49
4 38
1 13
15 30
1 9
10 26
12 23
7 15
30 32
24 29
5 25
13 47
39 47
33 40
33 49
3 44
7 23
4 6
8 24
15 37
36 40
1 49
34 47
13 18
24 46
38 43
35 39
24 32
26 31
9 22
33 36
30 43
6 39
3 6
39 43
45 47
43 46
27 29
18 47
14 40
23 29
8 14
16 42
39 44
24 48
10 17
5 22
5 10
31 49
2 28
44 45
25 26
22 45
12 22
11 48
19 41
8 12
1 12
2 38
0 21
33 48
6 20
8 26
16 39
19 23
0 37
24 42
0 4
22 43
25 35
3 39
8 36
27 38
2 24
32 34
23 42
32 38
32 37
26 32
6 28
29 36
11 21
16 27
1 4
30 35
16 43
8 17
18 44
1 48
24 49
21 36
28 37
16 25
9 38
25 39
17 42
2 29
22 24
20 33
27 44
26 39
11 36
10 44
16 40
11 49
0 6
7 42
16 29
32 49
25 49
29 40
22 30
7 40
15 29
21 25
22 25
10 15
21 40
16 48
21 42
15 23
0 2
2 31
9 44
12 33
20 24
3 24
5 30
3 19
32 46
25 42
12 16
14 30
14 37
23 38
3 25
35 42
11 46
18 22
33 41
6 17
3 32
21 35
39 42
21 38
13 40
4 13
29 35
17 46
22 37
7 28
25 48
20 27
10 16
26 35
8 15
0 47
20 40
6 43
33 34
34 44
6 19
31 48
15 31
25 45
2 43
7 30
23 28
37 41
25 40
18 39
11 32
24 47
11 30
14 47
1 11
7 16
20 43
28 36
10 27
2 15
1 2
30 44
41 48
5 24
4 24
6 37
20 22
21 34
3 33
28 31
6 21
4 15
28 34
1 7
18 46
0 10
22 42
16 44
1 42
5 48
5 27
22 40
6 49
14 36
36 42
22 23
3 35
22 28
19 44
19 36
26 37
34 43
4 8
0 35
21 44
28 42
20 39
12 13
18 45
19 48
38 40
7 49
26 36
12 34
18 21
37 43
1 34
23 40
5 36
2 4
2 21
1 30
11 43
19 29
17 20
5 34
1 45
5 19
18 33
13 21
17 36
11 24
15 22
26 28
0 18
0 31
11 25
29 30
46 47
31 37
32 47
17 39
22 32
37 42
0 17
13 36
12 40
22 39
43 49
23 39
31 39
5 20
8 30
4 45
21 24
38 47
10 33
14 21
8 45
12 35
2 20
9 32
25 38
11 40
8 19
12 18
1 17
15 27
0 15
13 29
38 39
1 25
44 47
14 18
21 22
3 16
0 48
42 44
23 34
5 14
16 19
4 30
21 30
4 46
4 43
9 46
9 28
12 19
2 7
14 46
14 17
2 39
6 12
1 28
48 49
29 39
0 49
7 43
4 20
12 15
10 48
18 31
2 27
0 1
5 42
13 28
7 14
6 15
35 48
14 48
4 14
19 21
2 45
13 37
23 26
16 36
9 42
7 33
27 47
8 21
30 36
13 34
2 36
18 37
7 17
43 44
3 15
10 46
42 46
16 20
4 33
4 34
17 19
7 38
19 27
14 27
12 30
21 33
22 26
7 18
24 31
30 46
37 40
7 26
6 32
10 42
13 17
7 29
2 34
14 44
23 47
36 45
9 25
1 6
40 49
20 45
27 43
13 26
15 47
34 41
17 31
8 40
0 30
29 34
18 40
37 44
7 20
27 33
1 20
19 32
1 37
17 43
1 27
42 48
43 48
31 40
28 39
9 10
25 44
1 8
23 32
35 43
7 46
22 35
4 11
14 20
23 44
33 46
9 49
19 42
7 24
20 37
8 41
24 34
1 46
29 46
40 42
36 38
10 30
5 12
12 26
10 43
7 36
17 35
31 43
39 46
2 33
22 46
25 43
34 37
26 47
20 48
32 41
0 27
19 47
9 37
19 39
32 35
5 21
16 41
3 36
12 21
22 47
26 46
22 44
22 33
8 38
15 18
10 31
20 26
7 21
10 18
4 22
7 35
6 31
8 9
9 13
35 36
11 38
1 47
32 39
19 49
3 21
30 41
14 43
4 39
2 22
9 33
3 11
30 38
4 12
45 46
9 11
15 39
0 25
14 41
14 26
9 23
11 14
36 41
43 45
12 43
7 27
39 41
41 46
2 32
8 16
19 37
28 45
23 37
14 28
37 38
10 34
17 21
1 40
3 46
18 34
17 30
21 45
3 47
7 25
13 46
45 49
0 5
31 44
5 47
30 37
15 40
4 44
6 22
5 16
1 21
8 39
21 23
4 26
13 22
14 39
4 21
11 44
28 43
38 44
2 44
3 10
24 33
4 5
21 46
18 29
2 23
36 44
35 46
15 38
41 47
19 25
3 18
13 44
17 41
15 49
17 27
2 40
34 42
9 27
17 24
3 41
26 40
1 5
15 26
28 41
5 23
40 46
5 18
23 27
25 46
10 14
27 41
41 49
3 34
9 26
0 29
25 33
4 7
9 16
23 30
8 47
16 49
28 35
29 47
28 40
7 39
8 34
13 30
29 37
2 10
6 18
1 24
0 20
5 43
24 28
4 35
6 35
24 35
15 36
18 23
10 19
30 47
25 37
14 29
3 43
18 19
12 36
10 32
2 11
6 41
25 36
2 12
19 46
20 41
13 48
1 38
0 42
38 42
15 32
36 39
4 32
0 12
36 48
5 40
12 48
32 42
8 32
34 48
3 4
18 32
18 38
10 24
6 14
7 9
6 26
19 35
10 45
33 43
3 31
40 45
2 46
5 7
14 16
24 44
15 20
2 35
9 29
42 47
7 10
21 31
18 43
3 23
17 32
5 45
8 37
4 18
27 30
5 6
43 47
45 48
13 20
6 16
8 25
7 19
6 25
6 30
28 33
4 17
6 38
9 48
14 19
14 15
9 36
35 45
25 29
36 49
27 49
15 17
14 33
31 35
13 43
35 40
28 49
32 36
5 44
14 42
15 35
28 32
44 48
13 24
5 35
1 18
13 42
13 39
15 43
26 33
12 44
6 42
17 45
2 25
14 24
19 33
12 29
1 32
27 28
8 13
1 29
10 47
21 27
42 43
35 41
3 28
19 24
19 30
44 49
6 8
22 29
18 20
29 41
2 47
17 23
27 40
4 10
7 32
4 37
4 23
30 33
12 27
18 30
19 45
38 48
18 49
32 33
24 37
20 49
14 25
3 49
38 49
21 32
19 31
17 44
6 40
39 40
12 28
3 37
0 14
4 9
42 45
14 31
20 25
24 38
9 12
2 16
16 18
10 22
32 45
44 46
3 26
11 33
13 19
1 39
32 40
22 38
12 32
11 45
26 41
39 45
11 28
29 45
13 35
15 42
4 28
15 19
29 48
24 36
17 37
41 43
17 40
15 28
23 31
34 35
19 26
1 33
10 13
3 7
26 34
1 43
17 28
12 31
16 35
13 38
8 22
23 24
4 42
33 38
3 40
26 30
20 38
3 22
34 40
10 41
33 47
35 44
9 21
33 44
10 37
20 29
3 48
17 25
3 20
24 40
2 8
1 10
0 7
12 46
12 24
20 31
18 42
11 22
3 30
15 33
20 30
31 46
29 42
3 29
20 35
13 49
16 45
26 48
6 23
35 47
30 49
39 49
35 49
4 41
0 9
22 49
5 38
6 29
9 34
0 43
6 45
17 47
1 36
29 33
27 36
36 37
34 45
6 46
6 33
29 44
24 45
15 21
5 37
1 26
3 5
6 44
4 47
5 26
17 49
8 35
9 35
18 25
23 33
28 46
20 21
13 23
2 18
25 28
8 31
10 12
13 27
31 42
6 24
3 12
14 35
27 34
8 20
34 46
9 41
15 34
11 26
7 13
10 21
8 10
4 31
17 18
10 28
33 35
38 45
10 29
30 40
6 47
21 39
5 17
25 47
33 37
4 19
27 35
7 44
20 23
47 49
25 30
0 26
26 44
10 49
15 16
27 48
33 39
14 49
11 16
2 13
28 30
6 13
3 17
12 17
2 26
11 41
21 26
32 48
3 27
7 11
11 23
33 42
5 41
8 42
8 46
23 35
5 33
5 11
4 36
15 46
0 28
7 8
14 38
1 15
5 9
9 18
20 47
8 23
24 43
19 43
2 17
23 48
12 45
34 49
21 48
35 38
22 48
19 22
2 41
37 49
12 20
23 43
29 31
10 39
3 13
6 9
24 30
18 36
36 43
29 49
