150 250
100
44
96
44
114
58
48
34
100
81
35
83
98
96
70
54
65
22
86
115
58
49
70
116
109
27
22
36
72
79
68
104
55
96
29
50
86
109
116
66
70
84
81
101
60
31
87
58
85
53
105
23
34
55
72
24
114
26
40
119
85
40
103
73
68
112
103
34
102
51
80
104
115
93
85
56
104
105
46
69
38
31
25
53
118
77
109
65
35
29
64
100
101
47
53
49
92
88
115
26
20
27
110
115
100
28
103
84
113
81
85
83
92
42
116
43
51
57
88
66
118
84
99
99
63
32
80
35
53
75
41
105
82
84
52
114
92
36
78
37
97
96
100
22
118
49
97
102
86
65
48 105
27 99
137 145
51 134
73 74
60 90
108 132
121 132
89 132
57 100
96 148
6 25
77 110
21 77
124 126
31 74
58 81
75 128
97 127
22 112
50 75
14 84
85 135
118 119
74 78
69 72
88 97
55 118
16 81
99 146
5 130
60 80
7 10
109 123
62 81
95 100
48 87
69 132
57 109
126 147
31 125
104 129
9 115
33 149
90 146
133 147
28 43
38 129
89 102
11 34
13 53
101 129
14 101
8 72
69 123
4 36
96 140
35 114
35 149
141 147
83 130
111 138
75 118
28 149
63 109
62 64
76 93
67 79
107 140
87 132
111 124
58 137
74 114
16 22
71 109
7 94
48 52
29 55
68 107
27 57
20 21
91 148
8 115
124 130
50 67
12 107
93 146
110 122
46 70
28 82
87 117
19 26
134 135
49 53
8 143
65 132
30 125
47 115
36 95
73 86
30 65
8 98
70 78
20 149
100 116
133 136
38 61
5 75
97 106
90 129
13 17
5 99
41 121
77 146
69 118
13 33
2 14
80 94
114 136
5 131
114 117
5 141
26 48
80 123
57 111
74 116
27 121
23 68
71 144
113 145
42 60
44 146
126 142
27 113
8 107
118 126
11 123
51 131
59 113
76 116
42 75
92 102
66 115
60 72
67 88
75 131
29 124
6 77
104 116
119 125
113 139
101 138
0 82
39 111
98 115
23 130
27 126
90 99
28 36
14 68
61 97
138 139
6 103
93 124
15 83
67 96
37 68
16 29
55 61
91 115
118 133
91 125
29 119
4 37
43 65
83 134
54 140
50 90
16 72
8 32
7 57
1 27
82 96
1 95
36 143
18 29
11 56
4 77
8 41
1 126
70 82
10 141
34 59
43 134
93 143
102 145
23 48
118 129
102 123
22 57
2 15
34 58
93 127
57 119
95 113
33 110
3 79
95 114
63 131
56 59
11 75
0 103
83 111
115 118
77 108
12 138
74 93
36 70
39 51
66 145
8 36
2 116
11 97
74 80
131 139
33 108
38 52
65 108
23 128
31 131
56 71
45 149
47 116
0 87
5 134
66 94
68 142
4 60
42 68
101 130
65 83
59 135
6 69
29 102
35 47
5 63
106 108
55 56
74 143
55 132
