100 100
68
28
98
90
40
119
36
70
53
106
108
81
25
95
117
76
49
110
37
83
25
119
61
91
116
47
88
39
33
103
72
34
64
50
56
84
101
25
87
34
111
75
96
68
50
93
77
31
36
94
47
41
93
88
64
41
115
33
112
80
116
64
46
112
47
83
77
28
88
96
43
31
51
71
79
33
96
36
45
112
62
72
86
35
92
30
108
87
95
101
99
44
97
26
36
24
89
45
33
109
55 98
27 99
37 45
51 84
73 74
10 90
8 82
71 82
32 39
50 57
46 98
6 25
10 27
71 77
24 26
74 81
8 81
25 78
77 97
62 72
25 50
14 84
18 85
24 69
19 28
22 78
25 47
5 88
18 66
81 96
55 99
30 60
60 80
9 57
23 81
0 12
48 95
32 37
7 19
9 47
26 31
4 25
65 79
9 49
83 90
46 83
28 97
29 43
52 88
11 39
3 34
29 63
1 51
14 22
8 23
69 86
46 54
85 90
64 99
35 47
33 41
30 38
25 61
49 68
59 78
12 13
14 76
17 93
7 29
37 40
61 82
24 37
8 14
72 74
9 66
7 71
2 94
18 79
57 77
21 70
91 98
8 15
74 80
0 17
57 62
46 93
22 60
20 46
78 82
17 37
19 76
35 84
53 99
8 93
15 82
25 30
65 97
45 86
23 86
15 80
