150 250
111
55
72
79
99
102
96
40
116
110
80
89
71
53
21
21
21
39
25
119
71
59
24
33
88
37
47
103
106
54
81
49
89
33
109
20
115
37
40
63
79
52
84
30
86
86
31
87
105
88
38
56
27
42
21
47
112
48
30
50
34
91
80
55
57
21
56
104
90
28
100
49
61
64
59
27
30
22
46
67
90
64
104
49
38
105
76
30
86
86
61
52
110
73
88
99
74
24
35
44
84
115
73
25
60
64
84
22
66
110
70
36
106
106
65
25
43
21
35
109
39
28
42
81
81
62
60
87
118
28
111
82
23
116
40
115
60
104
118
106
47
20
74
33
106
119
38
29
72
106
83 103
113 147
106 146
52 54
35 128
81 135
28 31
27 101
43 84
48 76
31 32
109 131
6 146
112 133
65 71
119 120
75 81
18 135
127 146
14 72
6 129
42 58
9 126
102 109
36 105
9 140
88 99
43 94
5 147
120 130
99 123
54 90
10 76
91 105
13 58
38 120
64 71
80 148
41 100
39 146
30 39
57 127
31 100
81 124
8 104
51 131
44 105
31 87
54 80
113 136
8 145
53 67
51 73
16 147
37 54
12 93
119 121
52 122
96 124
132 133
87 102
15 109
4 131
35 140
29 84
50 131
5 37
12 48
46 57
13 28
92 135
6 106
64 130
38 58
94 129
72 81
31 139
45 135
99 129
14 52
104 110
57 61
16 116
9 145
29 144
37 87
52 53
18 110
91 147
54 65
130 137
54 73
51 99
1 59
125 130
105 143
12 79
46 54
63 81
93 110
82 109
11 50
68 136
23 77
117 130
45 97
99 117
19 73
101 132
72 133
27 107
89 126
82 91
22 37
47 130
35 58
85 114
69 100
55 93
74 80
21 125
92 126
13 94
128 129
85 113
14 138
129 141
106 126
16 30
23 48
82 117
12 104
53 113
9 48
43 83
23 70
7 18
3 46
26 31
19 34
22 41
32 33
1 41
8 69
84 124
91 117
16 31
46 69
107 144
20 89
41 43
9 100
61 108
93 103
36 39
14 77
47 61
109 114
20 141
33 115
52 104
56 120
84 102
91 130
60 111
3 122
57 131
5 118
10 141
27 113
50 127
13 104
77 116
68 128
63 136
85 90
43 116
102 112
48 105
82 108
54 119
13 26
18 88
131 144
10 28
61 130
15 137
116 144
33 122
71 86
21 87
11 105
25 65
57 113
42 131
100 123
38 148
126 138
22 108
19 72
13 98
34 38
37 125
105 124
19 48
113 132
44 91
77 128
3 133
27 34
22 51
44 130
12 142
11 127
84 128
25 76
15 64
0 19
41 48
23 90
37 64
94 115
0 114
0 44
34 93
99 109
47 131
39 55
85 144
102 130
80 115
5 29
5 95
100 136
41 106
10 72
27 78
16 94
16 27
114 138
12 140
59 73
30 121
0 17
102 115
3 32
11 29
61 112
15 69
25 55
