200 500
103
28
29
104
44
22
51
49
49
75
45
80
36
65
35
79
54
70
112
35
59
99
72
112
117
69
102
73
45
87
107
29
47
69
65
71
23
96
53
105
51
30
65
20
75
33
79
110
35
24
77
75
103
29
67
100
30
101
53
55
68
93
64
95
94
61
98
49
37
31
34
21
42
32
21
49
45
32
39
60
36
96
67
71
57
114
103
119
95
89
55
95
114
51
22
88
93
53
69
62
64
84
63
38
96
116
68
21
29
39
113
97
68
61
49
105
107
32
57
83
53
44
110
47
75
65
115
100
98
65
95
42
81
38
113
109
35
61
110
96
80
55
25
28
96
54
66
84
119
103
99
52
27
89
32
34
34
27
67
112
24
42
87
37
112
80
26
79
73
68
55
85
104
61
46
80
47
92
96
98
27
75
83
86
45
95
100
111
54
99
56
111
73
75
28
118
87
87
77
40
71 142
143 181
24 126
7 53
155 177
85 156
16 143
0 149
4 150
13 64
7 164
3 22
44 100
97 161
49 172
121 143
102 115
70 91
29 155
84 198
66 154
28 82
104 180
108 184
45 198
4 24
20 27
73 105
18 23
25 122
43 190
57 168
97 190
5 101
19 99
86 89
54 69
110 120
50 105
95 170
55 194
51 75
156 174
148 149
71 127
69 174
66 95
127 164
28 85
57 121
10 79
85 95
15 80
130 195
72 117
127 177
64 180
3 38
103 137
16 139
66 126
85 193
12 161
109 198
30 192
55 72
40 150
72 109
57 118
154 190
83 174
38 70
64 73
28 153
128 168
55 169
34 54
0 147
19 109
145 163
91 153
83 187
55 97
125 156
110 154
116 128
138 146
10 119
147 163
91 115
84 115
101 146
90 146
48 109
7 146
25 98
12 51
106 182
90 109
32 63
100 152
98 144
38 63
1 60
162 175
30 44
11 191
102 131
89 132
49 163
78 188
99 129
1 33
110 187
123 171
28 126
22 71
61 78
37 139
14 199
59 114
29 78
2 161
43 180
45 143
92 123
132 192
4 133
25 143
101 195
73 115
129 138
7 95
132 152
98 166
84 165
113 177
43 131
23 26
71 175
19 118
50 146
102 163
135 141
46 83
113 194
75 156
4 51
3 82
133 136
122 172
51 98
86 141
64 183
110 116
34 136
34 81
37 197
124 137
135 138
7 84
48 164
51 159
168 193
7 56
126 129
24 29
67 132
67 117
83 185
19 177
11 20
6 9
8 95
98 133
30 141
78 182
57 141
129 177
134 136
13 185
17 166
37 102
107 185
69 169
92 99
40 64
46 110
25 70
141 159
168 171
52 102
1 61
83 195
38 129
19 175
142 189
132 142
91 127
60 191
35 148
111 189
21 52
35 77
43 129
11 188
40 52
54 65
60 101
91 137
108 142
36 67
9 97
120 140
88 111
37 153
64 99
151 178
13 38
81 180
94 169
45 147
110 161
15 153
42 123
65 106
150 173
0 101
22 134
92 175
45 85
164 184
110 142
87 100
68 107
2 181
26 37
101 150
54 89
12 165
72 96
77 198
130 197
43 104
11 190
88 175
126 150
14 69
50 176
82 184
71 130
10 31
21 51
37 187
63 85
11 92
8 36
175 186
79 92
29 55
21 118
30 148
20 99
71 162
28 196
55 158
17 67
88 142
69 131
75 84
38 169
5 129
47 56
91 191
21 135
109 147
91 129
57 111
29 171
57 134
167 189
34 167
109 159
74 180
102 193
16 162
140 145
167 187
153 158
31 89
131 178
22 150
59 159
86 88
20 130
49 97
17 162
35 121
78 109
71 101
11 69
33 152
15 152
91 168
63 122
9 194
52 111
112 169
55 70
27 152
1 2
19 189
36 62
97 98
115 121
109 185
13 154
107 152
105 120
122 179
82 116
145 184
37 48
16 92
0 120
72 154
61 122
110 173
23 124
160 191
70 144
35 128
92 109
1 31
24 35
8 148
137 180
56 148
8 30
115 191
40 115
53 191
14 63
159 183
36 111
10 71
40 119
41 116
140 151
51 76
8 100
108 188
157 170
26 116
176 183
92 169
22 24
35 87
170 188
24 47
9 82
48 74
80 116
115 183
56 143
156 186
151 175
64 108
97 132
74 134
103 116
92 118
78 105
66 179
28 178
43 110
43 139
20 184
51 111
3 167
190 194
75 97
91 117
6 166
43 192
110 148
26 135
67 168
44 196
39 197
58 137
34 194
145 157
45 112
112 191
54 139
88 171
46 182
110 138
130 139
87 153
41 193
65 113
108 109
105 109
101 119
135 194
103 113
81 158
16 145
70 101
85 189
19 194
36 132
127 129
14 35
14 159
31 76
24 136
133 140
4 193
129 188
10 27
59 155
128 130
118 192
12 76
8 106
33 93
80 174
86 199
30 156
44 110
122 196
38 116
0 26
45 118
7 69
81 145
26 162
11 155
87 144
2 119
47 164
35 173
45 186
11 153
122 168
90 198
36 70
70 158
14 155
35 140
38 162
77 116
64 79
160 184
55 118
117 162
19 149
16 91
54 135
103 170
145 198
56 156
21 122
113 163
78 157
26 151
155 167
105 139
79 176
146 193
93 165
136 142
29 182
104 191
84 119
72 182
70 180
38 91
102 153
4 11
31 108
37 186
27 95
77 107
100 116
141 195
53 75
24 196
109 131
3 67
43 137
81 135
37 180
34 137
0 18
45 190
34 85
