150 500
29
104
44
22
51
49
49
75
45
80
36
65
35
79
54
70
112
35
59
99
72
112
117
69
102
73
45
87
107
29
47
69
65
71
23
96
53
105
51
30
65
20
75
33
79
110
35
24
77
75
103
29
67
100
30
101
53
55
68
93
64
95
94
61
98
49
37
31
34
21
42
32
21
49
45
32
39
60
36
96
67
71
57
114
103
119
95
89
55
95
114
51
22
88
93
53
69
62
64
84
63
38
96
116
68
21
29
39
113
97
68
61
49
105
107
32
57
83
53
44
110
47
75
65
115
100
98
65
95
42
81
38
113
109
35
61
110
96
80
55
25
28
96
54
66
84
119
103
99
52
42 71
43 131
74 76
3 7
77 105
106 135
66 93
0 149
50 104
13 114
64 107
72 103
50 100
44 61
99 147
72 121
43 115
102 120
91 105
29 98
66 84
28 54
54 132
80 84
8 45
98 124
20 54
5 77
23 123
22 118
25 40
68 143
57 147
51 90
5 119
89 149
36 54
19 70
10 100
5 70
5 145
44 101
24 25
106 148
99 127
21 124
66 69
95 127
35 64
28 121
57 79
60 145
35 80
45 65
30 122
17 77
114 127
3 80
37 138
53 139
66 126
16 135
43 111
9 112
42 48
105 130
40 122
59 100
22 68
7 104
24 40
70 83
14 138
28 73
28 103
18 19
5 34
4 100
19 47
95 109
113 141
103 137
83 105
47 106
54 75
60 116
46 78
88 119
60 63
65 147
15 91
84 96
101 140
46 148
9 57
25 146
1 48
12 132
59 106
32 140
102 113
50 94
138 148
63 110
51 112
25 44
11 30
131 141
2 89
32 63
28 49
88 149
29 101
33 37
10 23
26 121
21 28
22 78
61 137
14 39
64 99
59 129
102 128
111 130
45 93
43 142
73 132
4 142
25 83
93 145
65 101
73 129
95 138
57 102
82 148
84 116
77 115
63 93
76 81
25 73
18 121
69 96
0 113
2 135
41 96
33 44
63 106
51 75
104 132
3 36
22 33
22 148
1 86
83 91
64 66
10 36
84 131
34 137
37 147
24 38
35 57
98 134
14 59
51 118
93 107
56 126
79 129
32 124
67 117
17 33
27 85
20 69
6 61
58 59
83 95
130 148
132 141
57 78
41 129
77 134
35 86
13 117
16 137
52 135
7 69
19 92
140 149
14 60
125 146
20 91
18 59
71 102
51 52
61 145
83 138
19 129
75 142
39 92
32 91
77 91
10 148
61 85
2 139
121 135
43 127
88 129
61 102
15 40
4 101
10 87
42 141
8 67
47 86
9 20
40 138
103 111
99 137
14 28
38 101
13 130
44 81
45 69
11 147
53 60
15 123
6 42
15 50
73 101
0 134
92 122
25 135
45 64
60 84
87 92
0 7
68 81
52 137
101 126
50 89
4 65
46 62
72 77
47 148
80 148
84 104
11 143
38 90
75 76
0 69
0 14
76 82
30 134
110 121
21 131
37 101
13 87
61 135
36 142
108 125
42 86
79 105
71 118
30 148
20 99
12 21
78 146
5 108
17 117
138 142
81 119
34 75
38 119
5 79
106 147
35 91
21 47
9 41
7 129
61 79
71 134
7 67
17 139
34 59
9 74
80 143
16 52
90 112
95 117
87 103
58 81
131 139
50 128
9 22
109 136
30 88
120 147
12 149
67 85
71 128
1 9
61 121
69 83
2 15
102 141
63 118
9 72
44 102
111 119
70 112
102 105
2 127
1 2
69 139
86 112
15 71
59 85
4 113
2 107
105 120
72 79
32 116
45 84
98 137
92 116
20 50
104 122
22 111
74 123
60 141
44 120
76 100
78 135
109 142
31 101
35 124
58 148
37 80
6 98
108 130
4 119
115 141
40 115
53 91
83 109
61 136
60 121
19 140
16 91
51 140
100 108
8 138
20 57
26 116
76 133
42 69
24 122
35 37
20 138
124 147
82 109
124 148
30 66
65 133
56 93
6 136
51 125
14 108
32 47
124 134
16 53
68 92
5 78
66 129
28 78
10 93
39 143
70 134
101 111
17 53
40 44
75 147
67 141
16 106
42 143
98 110
26 85
18 117
96 144
47 139
8 87
34 44
7 145
112 145
12 91
54 139
88 121
32 96
10 138
30 89
3 37
43 141
113 115
108 109
5 59
1 119
35 144
13 53
8 31
16 95
1 70
85 89
19 94
36 82
27 29
14 85
64 109
86 124
33 40
93 143
54 138
67 129
10 41
109 127
105 128
30 92
26 68
6 112
43 108
24 33
30 149
36 106
10 80
22 94
88 96
0 116
76 95
19 68
7 45
31 112
61 76
55 144
69 87
52 97
23 45
111 136
53 118
122 148
120 140
8 86
64 120
5 90
12 135
16 38
27 114
129 134
10 118
62 105
117 119
49 141
35 66
4 120
3 28
45 118
21 106
13 72
13 57
51 78
105 126
67 105
89 129
96 126
65 93
136 142
79 132
4 141
19 134
82 122
70 130
38 91
52 103
11 104
31 58
136 137
27 145
7 127
121 125
100 116
41 145
75 103
74 146
59 131
67 103
43 137
81 135
37 130
100 118
45 140
104 124
134 135
8 33
