100 250
100
98
43
61
107
45
110
109
88
31
102
44
117
50
81
34
84
67
21
81
86
27
112
86
45
46
63
40
98
56
97
30
35
72
71
22
50
114
111
118
25
94
94
74
76
107
40
92
54
41
53
73
101
98
91
26
24
35
98
54
71
27
116
38
80
20
92
62
114
36
112
71
62
86
25
118
25
97
42
60
119
76
113
100
106
84
106
62
51
36
96
55
43
92
73
55
92
98
97
38
67 84
0 88
8 18
73 86
29 76
42 52
0 82
27 76
44 78
15 95
29 55
21 93
27 58
12 57
10 36
77 96
37 95
10 35
23 64
63 66
15 65
41 48
42 79
9 38
74 93
47 90
0 86
74 95
13 36
61 84
13 61
2 10
45 56
65 80
9 28
26 98
43 98
37 68
58 77
51 98
41 51
37 98
25 41
6 84
61 68
27 68
29 78
38 81
23 46
70 84
26 68
11 69
31 66
44 58
9 89
40 47
2 98
29 43
13 75
36 50
70 82
15 63
48 97
1 23
43 71
7 22
18 91
43 58
2 49
38 54
1 63
30 65
51 59
26 60
62 73
7 15
30 32
32 70
24 79
55 75
47 63
39 97
33 40
49 83
3 94
57 73
4 56
8 74
15 87
40 86
1 49
34 47
18 63
46 74
38 93
35 89
32 74
76 81
9 22
36 83
80 93
6 39
6 53
39 93
47 95
46 93
29 77
47 68
14 40
73 79
8 14
66 92
89 94
74 98
10 17
33 49
55 72
55 60
31 49
52 78
44 45
25 76
22 45
62 72
11 98
19 41
8 12
1 12
2 38
0 71
33 48
20 56
58 76
16 89
68 77
19 73
65 95
50 87
74 92
4 50
43 72
75 85
3 39
58 86
38 77
2 24
34 82
2 78
7 23
23 42
32 88
37 82
76 82
56 78
29 86
21 61
66 77
1 4
30 35
16 43
8 67
18 94
1 48
24 49
7 72
39 66
21 36
37 78
66 75
59 88
25 89
17 42
29 52
24 72
20 33
39 43
27 44
39 76
61 86
60 94
16 90
11 49
0 56
25 26
7 42
29 66
32 49
75 99
40 79
72 80
7 40
8 27
65 79
21 25
22 25
15 60
71 90
16 98
42 71
23 65
50 52
32 34
2 31
9 94
33 62
70 74
53 74
5 30
3 19
82 96
25 42
12 16
14 80
14 37
23 38
3 25
35 42
11 96
18 72
33 91
6 17
3 32
71 85
42 89
71 88
13 90
13 54
29 79
35 96
72 86
28 87
7 98
25 77
16 70
10 76
65 85
8 56
2 97
50 90
20 93
56 86
37 47
34 65
33 34
19 44
6 31
48 65
25 81
52 95
57 93
