150 1000
77
62
37
23
106
53
74
29
71
66
81
59
113
114
113
60
20
74
101
60
63
111
59
77
90
60
84
62
80
103
51
89
45
20
93
84
106
99
93
57
97
106
96
91
101
41
83
101
47
116
94
90
108
33
99
30
25
64
72
38
47
55
107
72
56
32
88
42
112
62
31
89
100
59
112
81
81
28
115
108
24
41
79
64
54
58
74
60
54
79
30
81
114
117
86
102
30
54
76
74
48
87
43
29
79
88
42
40
96
89
28
52
110
39
97
45
30
51
37
64
110
47
26
57
96
44
39
106
78
48
60
107
67
36
68
26
56
42
46
32
112
55
64
102
74
93
79
84
25
48
23 55
130 141
64 138
50 102
73 147
4 117
37 83
18 68
6 68
21 86
18 32
10 125
21 62
26 37
41 122
64 133
15 114
3 31
66 133
41 53
2 57
39 78
49 141
109 111
107 130
41 47
51 109
16 124
22 54
1 63
78 134
29 146
0 60
51 66
43 104
98 107
12 88
55 137
39 97
16 146
115 129
82 90
75 106
57 149
62 110
43 114
143 146
91 147
54 142
115 149
97 125
97 109
115 137
4 66
82 136
17 52
47 142
100 122
1 59
115 121
19 137
8 15
1 131
64 87
30 144
86 143
57 86
4 22
70 73
78 111
2 130
101 128
123 130
74 124
58 141
52 137
118 126
40 53
55 99
43 122
29 92
96 129
103 104
16 31
65 70
12 96
22 37
76 148
63 116
54 147
76 134
52 106
4 10
59 93
65 109
5 104
134 147
50 100
89 119
56 132
46 91
2 15
79 83
48 65
63 97
23 102
99 111
76 104
23 71
34 65
38 70
35 138
55 91
46 136
20 112
4 53
7 118
51 121
36 86
1 85
1 5
101 108
86 116
107 139
22 59
76 98
64 145
35 102
57 73
19 148
2 93
61 125
61 96
14 49
34 67
36 134
73 145
39 137
81 146
81 141
7 18
13 141
26 123
31 115
15 100
95 102
70 129
33 59
125 127
12 83
43 67
100 116
87 114
46 57
83 138
3 89
47 132
21 69
8 86
10 104
4 108
74 106
15 88
9 65
92 140
85 129
62 79
26 51
68 109
53 72
63 149
47 57
28 45
106 120
74 114
116 118
32 124
94 120
104 139
32 88
67 98
10 117
71 147
37 65
11 30
21 81
78 127
74 128
8 98
30 122
22 49
107 143
23 139
65 129
67 145
94 97
116 135
6 34
37 43
1 119
22 107
51 84
2 81
8 10
30 91
35 104
80 140
13 61
41 69
78 117
10 77
47 113
96 119
35 81
65 135
22 57
59 108
8 114
68 91
121 124
9 61
51 128
39 141
113 117
97 132
132 143
25 95
23 40
24 64
58 129
61 115
53 120
67 136
13 32
41 90
68 74
118 145
10 112
44 133
59 115
37 136
60 130
9 124
56 120
6 117
59 85
113 139
23 126
55 82
22 139
96 115
83 143
3 105
99 118
15 83
53 137
19 143
20 63
33 75
26 94
20 85
133 135
108 111
13 65
2 140
12 20
5 35
90 103
13 124
39 80
57 78
51 133
97 98
71 74
131 149
54 70
56 84
89 95
5 17
10 72
47 74
82 92
80 97
22 145
61 71
75 129
110 140
82 139
55 59
92 116
36 54
40 146
86 92
12 37
48 143
84 92
78 122
24 104
77 98
99 149
61 76
30 103
14 37
93 96
69 111
25 90
87 147
65 90
75 103
4 68
53 88
10 25
68 86
32 145
33 34
46 147
110 128
49 101
96 142
113 145
57 85
54 138
46 149
50 111
14 119
40 129
91 108
25 117
6 53
59 104
51 71
2 83
120 127
0 17
57 91
4 131
13 79
60 139
100 110
53 68
10 131
63 99
69 87
2 146
24 53
9 119
89 107
107 136
106 129
66 111
13 80
2 40
72 140
2 5
22 73
4 55
21 135
73 103
7 90
16 121
61 91
70 77
82 116
28 39
94 95
52 108
76 144
13 66
18 66
89 121
78 143
31 93
98 99
6 92
105 127
10 68
88 120
105 139
54 69
51 144
65 98
62 142
75 92
60 110
81 145
40 149
62 144
11 71
77 92
5 100
16 107
18 129
6 7
84 112
128 130
44 65
72 88
48 104
1 133
32 132
42 94
15 127
7 121
65 93
71 102
90 133
41 81
16 149
3 30
120 146
126 127
64 98
49 104
14 32
46 106
15 50
42 44
65 102
60 67
17 139
12 52
131 146
32 93
12 148
60 62
38 118
37 66
4 87
19 73
29 119
36 65
10 79
46 80
50 112
9 31
73 91
72 135
69 78
6 133
76 121
44 96
61 133
86 122
85 144
30 148
13 62
44 76
53 63
9 56
29 144
98 128
36 124
50 134
7 80
121 147
10 115
37 140
24 148
15 134
66 128
13 93
109 131
71 96
65 81
2 94
32 127
94 102
54 128
51 60
1 78
90 113
111 120
104 114
28 145
41 72
88 106
1 9
52 66
107 142
62 120
6 139
110 124
28 137
47 141
80 142
27 95
83 147
57 99
3 85
94 128
29 84
82 84
38 94
138 148
60 145
37 108
118 134
105 147
13 40
55 145
85 134
70 90
49 132
71 135
68 135
15 66
2 99
48 137
10 35
72 147
128 132
122 136
41 42
25 149
121 132
32 59
43 97
112 135
15 62
14 35
83 102
50 93
71 112
32 84
79 109
0 148
23 50
6 78
21 137
64 90
9 84
77 99
46 93
11 81
15 107
10 66
9 54
16 112
2 92
28 53
52 144
5 72
26 58
112 148
98 143
59 70
7 47
13 58
22 140
56 125
30 32
65 145
3 94
93 122
88 108
24 113
62 82
24 139
34 132
93 123
72 105
100 118
33 90
8 43
127 146
91 122
115 118
58 146
91 104
48 115
67 111
100 108
37 82
62 143
26 98
126 135
18 118
63 119
78 115
19 41
65 131
8 34
4 125
105 112
81 90
40 66
5 39
25 32
51 120
32 105
53 79
25 100
103 116
7 66
24 99
36 73
45 107
44 101
58 82
56 74
29 115
82 140
52 113
48 93
7 74
3 84
25 119
37 143
29 114
92 102
0 39
97 111
42 95
5 99
19 47
25 36
107 128
78 91
9 73
41 68
44 148
2 75
68 95
56 62
56 99
101 112
45 55
57 61
128 144
72 108
67 138
29 145
91 131
23 69
9 67
12 119
35 44
104 112
10 32
33 76
79 118
24 47
104 124
135 147
52 93
24 135
47 116
18 115
125 139
11 137
31 39
45 98
45 131
55 121
66 75
50 114
86 120
98 105
93 135
59 120
9 117
87 135
27 128
12 15
51 139
46 88
92 96
53 121
37 115
68 128
53 130
24 145
66 93
31 52
88 91
55 74
11 100
42 104
83 96
5 143
3 21
44 137
87 134
37 72
61 67
35 62
93 139
0 34
64 108
36 127
50 65
5 19
12 103
57 62
26 118
96 123
2 76
13 107
75 144
44 132
56 70
9 51
59 61
123 137
19 23
3 122
74 140
29 54
79 143
13 106
11 111
38 79
14 88
103 141
82 138
35 40
44 58
91 117
8 78
27 143
3 48
46 51
80 122
52 100
16 74
60 87
27 41
33 129
61 84
21 120
66 95
74 98
76 143
4 79
55 93
66 125
38 128
14 118
28 144
3 73
31 121
100 115
49 64
63 85
67 71
65 66
16 141
55 122
0 128
23 68
30 141
24 134
71 137
42 97
18 114
44 134
66 108
39 69
25 37
79 90
6 96
20 133
8 18
48 127
1 8
38 116
44 100
88 113
8 112
7 130
114 115
42 137
54 119
35 112
18 117
132 135
11 78
34 86
26 109
3 42
127 143
58 89
1 38
96 144
113 136
11 25
6 65
41 144
27 111
61 111
72 85
28 85
107 137
96 140
73 149
35 57
37 64
11 147
35 83
94 124
32 61
61 107
73 88
87 121
120 149
72 127
5 55
59 94
5 112
14 137
22 130
44 123
23 111
55 97
21 93
5 16
90 129
27 145
56 122
79 119
28 113
23 76
10 85
65 142
17 85
46 109
40 67
99 143
67 120
1 144
59 139
3 86
27 134
44 103
8 33
32 136
94 118
85 128
45 128
23 37
12 65
59 132
58 113
42 48
18 30
46 84
75 90
54 135
123 138
121 144
1 135
66 131
26 48
96 136
22 40
7 75
37 86
140 145
0 32
18 43
29 62
39 116
21 119
47 61
41 46
22 48
15 149
101 111
43 135
35 113
51 122
0 41
0 117
62 125
70 89
37 91
31 113
55 110
10 21
5 51
105 120
125 135
104 128
142 148
22 34
105 125
58 105
16 25
7 43
129 139
16 132
65 95
7 148
28 58
5 86
64 88
55 80
86 141
61 87
49 94
126 129
3 74
17 132
0 109
24 149
27 147
5 47
25 75
97 115
103 111
49 102
18 60
6 31
20 103
55 120
1 114
19 31
76 101
1 35
3 52
0 111
9 80
7 57
75 136
97 105
28 109
48 98
71 131
25 105
1 75
17 80
13 76
90 114
117 141
103 142
20 124
14 129
52 132
54 139
52 135
0 100
72 83
38 82
97 135
15 27
3 144
39 40
31 92
24 97
13 24
32 65
73 130
17 117
74 120
101 146
41 104
89 93
109 120
92 103
34 62
53 119
47 65
141 144
90 144
7 42
16 126
49 125
50 92
66 124
17 114
68 120
63 111
8 70
2 85
49 75
30 88
19 56
65 78
99 124
57 141
74 132
107 118
18 25
91 101
44 118
11 14
24 36
94 116
1 71
15 89
86 101
47 81
53 147
56 111
90 138
8 87
47 112
50 78
105 122
18 136
