50 500
64
42
108
51
53
92
84
116
112
57
24
103
78
58
38
85
80
51
90
46
43
43
84
27
41
55
91
88
80
68
86
24
42
27
55
76
51
71
24
95
60
28
79
70
67
49
36
79
33
106
17 34
0 38
8 18
23 36
26 29
2 42
0 32
26 27
28 44
15 45
5 29
21 43
8 27
7 12
10 36
27 46
37 45
10 35
14 23
13 16
15 48
41 42
29 38
9 24
40 43
36 47
0 24
13 45
34 36
11 13
10 11
2 6
9 30
28 48
26 43
18 48
27 37
8 48
1 41
37 48
25 41
6 34
11 18
18 27
28 29
31 38
23 46
20 34
18 26
11 19
16 31
8 44
9 39
40 47
2 48
29 43
13 25
0 36
20 32
13 15
47 48
1 23
7 22
18 41
8 43
2 49
4 38
1 13
15 30
1 9
10 26
12 23
7 15
30 32
24 29
5 25
13 47
39 47
33 40
33 49
3 44
7 23
4 6
8 24
15 37
36 40
1 49
34 47
13 18
24 46
38 43
35 39
24 32
26 31
9 22
33 36
30 43
6 39
3 6
39 43
45 47
43 46
27 29
18 47
14 40
23 29
8 14
16 42
39 44
24 48
10 17
5 22
5 10
31 49
2 28
44 45
25 26
22 45
12 22
11 48
19 41
8 12
1 12
2 38
0 21
33 48
6 20
8 26
16 39
19 23
0 37
24 42
0 4
22 43
25 35
3 39
8 36
27 38
2 24
32 34
23 42
32 38
32 37
26 32
6 28
29 36
11 21
16 27
1 4
30 35
16 43
8 17
18 44
1 48
24 49
21 36
28 37
16 25
9 38
25 39
17 42
2 29
22 24
20 33
27 44
26 39
11 36
10 44
16 40
11 49
0 6
7 42
16 29
32 49
25 49
29 40
22 30
7 40
15 29
21 25
22 25
10 15
21 40
16 48
21 42
15 23
0 2
2 31
9 44
12 33
20 24
3 24
5 30
3 19
32 46
25 42
12 16
14 30
14 37
23 38
3 25
35 42
11 46
18 22
33 41
6 17
3 32
21 35
39 42
21 38
13 40
4 13
29 35
17 46
22 37
7 28
25 48
20 27
10 16
26 35
8 15
0 47
20 40
6 43
33 34
34 44
6 19
31 48
15 31
25 45
2 43
7 30
23 28
37 41
25 40
18 39
11 32
24 47
11 30
14 47
1 11
7 16
20 43
28 36
10 27
2 15
1 2
30 44
41 48
5 24
4 24
6 37
20 22
21 34
3 33
28 31
6 21
4 15
28 34
1 7
18 46
0 10
22 42
16 44
1 42
5 48
5 27
22 40
6 49
14 36
36 42
22 23
3 35
22 28
19 44
19 36
26 37
34 43
4 8
0 35
21 44
28 42
20 39
12 13
18 45
19 48
38 40
7 49
26 36
12 34
18 21
37 43
1 34
23 40
5 36
2 4
2 21
1 30
11 43
19 29
17 20
5 34
1 45
5 19
18 33
13 21
17 36
11 24
15 22
26 28
0 18
0 31
11 25
29 30
46 47
31 37
32 47
17 39
22 32
37 42
0 17
13 36
12 40
22 39
43 49
23 39
31 39
5 20
8 30
4 45
21 24
38 47
10 33
14 21
8 45
12 35
2 20
9 32
25 38
11 40
8 19
12 18
1 17
15 27
0 15
13 29
38 39
1 25
44 47
14 18
21 22
3 16
0 48
42 44
23 34
5 14
16 19
4 30
21 30
4 46
4 43
9 46
9 28
12 19
2 7
14 46
14 17
2 39
6 12
1 28
48 49
29 39
0 49
7 43
4 20
12 15
10 48
18 31
2 27
0 1
5 42
13 28
7 14
6 15
35 48
14 48
4 14
19 21
2 45
13 37
23 26
16 36
9 42
7 33
27 47
8 21
30 36
13 34
2 36
18 37
7 17
43 44
3 15
10 46
42 46
16 20
4 33
4 34
17 19
7 38
19 27
14 27
12 30
21 33
22 26
7 18
24 31
30 46
37 40
7 26
6 32
10 42
13 17
7 29
2 34
14 44
23 47
36 45
9 25
1 6
40 49
20 45
27 43
13 26
15 47
34 41
17 31
8 40
0 30
29 34
18 40
37 44
7 20
27 33
1 20
19 32
1 37
17 43
1 27
42 48
43 48
31 40
28 39
9 10
25 44
1 8
23 32
35 43
7 46
22 35
4 11
14 20
23 44
33 46
9 49
19 42
7 24
20 37
8 41
24 34
1 46
29 46
40 42
36 38
10 30
5 12
12 26
10 43
7 36
17 35
31 43
39 46
2 33
22 46
25 43
34 37
26 47
20 48
32 41
0 27
19 47
9 37
19 39
32 35
5 21
16 41
3 36
12 21
22 47
26 46
