300 750
96
70
78
109
36
106
70
37
55
111
24
46
41
37
104
70
86
108
66
30
64
67
46
71
89
112
93
86
98
31
62
74
33
72
63
50
59
65
67
94
57
23
72
30
40
108
80
106
97
78
68
41
77
94
92
47
38
117
65
116
81
59
71
94
112
66
24
103
112
23
29
101
26
81
111
46
69
24
84
98
82
32
119
92
58
43
119
76
93
116
73
54
56
76
80
100
22
37
83
114
40
92
95
99
105
39
77
106
95
94
85
109
106
36
81
97
112
32
53
85
29
106
71
117
114
31
97
117
48
112
63
21
36
39
100
21
110
109
59
85
83
24
74
22
93
36
99
85
100
32
102
109
71
53
58
117
116
87
114
45
79
110
46
95
81
78
48
71
119
88
88
83
44
42
37
69
110
116
86
91
80
68
32
83
53
71
81
50
38
27
75
50
117
53
77
78
63
106
81
62
26
49
25
102
24
94
52
114
42
118
37
103
119
102
118
104
53
31
34
23
39
41
53
88
26
111
99
69
49
60
112
55
90
69
89
94
44
21
40
66
72
110
101
71
92
100
107
77
111
22
32
82
95
118
103
102
109
82
51
90
74
43
77
96
93
46
22
117
100
43
63
52
85
45
55
109
77
42
118
20
96
30
83
72
28
118
54
69
80
85
91
86
61
48
63
34
27
65
83
107
83 103
147 263
146 256
54 202
185 278
135 231
28 31
101 177
43 84
48 226
181 182
52 54
109 131
6 146
112 133
71 215
269 270
225 231
168 285
127 146
14 222
6 129
42 58
126 159
102 259
36 105
140 159
88 249
43 94
147 155
270 280
123 249
54 240
160 226
91 105
13 58
120 188
71 214
230 298
41 100
146 189
30 189
57 277
31 100
124 231
8 104
131 201
105 194
31 237
54 80
113 136
8 145
53 217
51 223
16 147
37 204
93 162
119 271
122 202
124 246
132 133
87 102
15 259
4 281
35 290
84 179
200 281
5 187
162 198
46 57
13 178
92 135
6 106
64 280
188 208
94 279
72 81
139 181
135 195
249 279
14 202
254 260
207 211
16 116
9 295
29 144
87 187
202 203
110 168
91 147
204 215
137 280
54 73
51 249
1 209
275 280
255 293
162 229
46 204
213 231
93 260
109 232
11 200
68 136
173 227
130 267
195 247
249 267
19 73
251 282
72 283
27 257
239 276
232 241
37 172
130 197
58 185
85 114
69 250
205 243
224 230
125 171
92 126
163 244
129 278
113 235
14 288
141 279
126 256
16 180
23 198
82 117
12 254
203 263
159 198
83 193
23 70
7 168
3 196
26 31
19 34
22 191
32 33
1 41
69 158
234 274
91 267
16 31
46 219
257 294
170 239
41 193
9 100
61 258
93 103
36 189
164 227
197 211
259 264
170 291
33 265
52 104
56 120
84 102
91 130
60 261
122 153
131 207
5 268
141 160
113 177
50 277
13 104
116 227
218 278
63 286
90 235
43 116
252 262
105 198
82 258
119 204
26 163
88 168
281 294
28 160
130 211
15 137
116 144
122 183
86 221
21 237
11 105
25 65
57 263
131 192
250 273
148 188
276 288
22 108
188 270
19 72
163 248
184 188
37 275
105 274
48 169
113 132
194 241
77 128
133 153
27 34
55 93
22 201
44 130
12 142
161 277
84 278
25 76
165 214
0 19
48 191
23 240
187 214
94 265
150 264
0 44
93 184
99 259
47 281
55 189
85 294
102 130
115 230
29 155
95 155
100 286
41 256
10 222
27 228
16 244
16 177
114 288
140 162
73 209
121 180
150 167
252 265
80 298
153 182
29 161
61 262
15 69
25 55
35 291
52 59
279 282
20 76
96 290
160 169
33 251
101 201
105 119
199 251
39 104
68 113
127 217
83 286
161 234
29 269
89 213
0 195
20 217
43 259
232 264
210 266
11 66
167 185
118 168
136 207
1 222
27 192
110 128
114 230
260 271
135 237
101 136
70 184
208 280
29 141
239 244
10 107
2 26
170 247
84 144
118 129
85 156
10 266
241 266
132 290
253 268
54 279
104 215
64 124
153 195
140 205
64 144
146 202
90 150
16 286
145 286
105 123
1 115
19 89
108 222
61 242
40 167
8 98
162 291
196 203
95 120
40 184
186 298
27 200
13 254
99 186
9 118
152 286
151 172
94 125
156 233
26 67
23 165
34 67
27 289
15 147
108 137
84 187
46 111
1 87
176 273
47 152
34 57
33 185
179 229
10 214
35 129
111 292
78 294
74 230
120 245
221 257
57 105
144 152
168 283
97 153
8 57
42 144
114 229
95 228
108 290
62 196
54 120
7 114
185 289
5 240
162 286
14 92
210 219
140 244
149 193
201 289
185 206
21 243
114 223
168 222
214 230
86 170
37 229
222 252
193 218
205 279
107 293
78 297
148 218
142 259
48 101
44 144
121 258
20 290
233 286
103 272
9 72
24 33
3 283
217 262
24 260
7 257
103 262
2 73
144 162
85 263
229 245
60 118
132 240
160 225
118 133
28 190
113 142
178 214
169 184
129 140
200 260
115 139
141 214
77 189
38 274
92 283
204 255
14 36
120 154
199 201
44 93
235 271
112 247
65 207
64 256
75 278
16 97
55 135
42 200
170 297
76 104
141 245
90 117
289 295
18 92
82 137
54 155
102 124
218 241
61 282
136 197
260 295
68 204
182 246
105 268
72 244
181 189
265 271
12 129
105 146
260 266
90 252
114 222
32 227
256 281
116 269
20 276
37 211
57 267
16 263
181 197
147 204
168 262
160 232
17 91
57 78
29 83
143 200
5 284
122 262
238 265
231 294
11 20
205 278
77 221
10 241
118 197
38 209
69 159
251 270
100 138
60 167
235 260
62 241
185 296
255 262
175 186
186 256
213 258
87 164
134 157
4 97
7 54
42 214
64 128
217 267
216 277
134 152
197 290
100 134
0 9
38 256
196 296
60 169
55 83
232 270
59 76
153 239
68 290
217 259
87 186
221 237
38 279
170 235
4 265
18 35
66 125
262 274
121 196
74 256
3 44
63 188
163 268
238 248
87 175
124 164
8 214
143 231
149 160
236 287
53 178
61 205
15 234
142 153
156 190
130 238
111 271
10 292
10 27
202 230
97 106
66 158
20 261
89 221
121 128
52 157
182 270
249 257
162 204
91 146
70 82
42 276
39 193
34 220
16 49
122 199
122 188
57 194
149 198
23 115
24 26
127 260
46 84
210 250
53 298
68 148
124 187
81 162
215 248
1 265
124 264
138 164
64 273
32 266
171 199
41 197
168 275
21 158
4 120
2 23
171 225
113 122
48 285
246 263
233 247
250 280
123 196
88 240
169 173
40 206
124 299
100 290
167 200
173 223
20 249
225 297
47 120
162 220
84 108
70 236
108 216
20 231
113 160
34 171
85 129
75 210
65 180
62 99
235 265
22 37
184 299
57 86
1 47
29 183
109 265
253 269
25 182
47 201
124 186
81 271
6 208
186 233
25 295
42 286
8 283
131 219
8 218
107 276
6 219
42 80
23 296
50 205
3 73
4 259
138 179
185 283
46 216
162 166
166 298
230 268
89 195
187 253
19 184
180 276
121 234
5 124
265 290
4 128
0 241
227 268
51 65
227 284
231 269
150 267
132 150
97 235
174 222
102 158
130 246
67 90
95 116
107 244
112 248
112 287
189 214
7 133
17 117
234 287
84 101
6 251
217 294
100 191
168 254
49 166
84 139
201 234
178 234
47 60
47 178
119 211
14 44
83 126
61 214
15 70
129 197
18 166
118 123
43 109
72 210
208 210
49 196
36 161
126 221
4 135
21 98
87 123
195 250
109 170
63 293
124 260
122 142
179 297
12 288
40 136
2 199
198 206
76 88
179 275
80 200
39 269
210 258
73 130
6 255
33 129
148 264
126 212
218 253
100 204
144 221
171 204
102 293
34 248
80 268
94 234
36 274
46 63
236 245
119 243
205 251
72 151
169 250
63 174
168 215
78 89
112 283
214 261
28 261
0 296
41 235
206 261
176 249
152 296
103 192
16 201
7 70
122 266
134 245
38 75
