300 300
84
96
112
82
117
21
91
40
38
41
80
68
36
87
105
82
30
80
103
63
67
67
23
99
99
103
61
101
79
102
56
43
78
48
57
28
101
81
48
72
102
60
20
70
28
105
85
90
117
20
33
117
68
88
96
47
72
89
80
31
71
117
106
82
97
43
90
31
56
70
83
39
111
35
41
71
72
58
41
70
59
106
119
59
74
47
86
78
116
47
89
20
96
75
34
73
51
104
36
87
106
51
58
97
66
32
48
119
70
21
21
61
107
72
100
114
99
67
72
47
46
94
47
22
101
113
27
32
97
44
52
36
27
90
113
74
102
94
73
105
95
26
46
35
78
79
29
109
78
33
36
104
107
116
58
89
109
65
101
39
41
85
55
49
56
100
103
90
74
108
27
102
114
106
69
24
65
78
113
23
91
29
107
31
77
97
100
119
42
33
38
116
99
73
45
87
105
80
57
60
20
117
94
66
103
43
70
48
53
63
51
76
24
90
87
34
119
119
33
41
85
51
89
64
56
114
83
41
26
20
33
26
69
59
24
52
82
74
80
67
69
63
24
26
85
43
92
84
43
105
58
108
88
27
104
76
22
67
97
80
119
63
39
69
102
43
101
117
50
114
64
99
57
20
57
23
44
29
39
119
114
77
107
34
85
43
90
39
90
20
99
41
63
70
90
97
94
24
46
24
123 222
18 83
244 267
102 184
35 181
180 289
154 224
101 124
172 183
11 71
27 215
75 285
121 209
26 297
229 249
223 240
11 104
49 58
161 278
65 285
26 94
0 297
3 122
101 186
164 294
74 257
79 294
201 252
203 228
2 204
209 242
66 179
237 253
167 283
150 204
101 296
98 230
233 296
149 272
171 267
13 128
93 144
46 174
77 97
26 99
33 288
93 212
54 99
202 273
104 134
177 235
107 153
86 149
58 93
51 264
64 77
145 170
19 209
58 217
149 295
157 182
250 283
37 147
49 101
10 236
205 239
58 171
99 257
244 260
11 16
93 208
105 127
16 36
177 285
26 146
3 280
260 264
6 107
53 159
116 208
95 166
55 267
206 224
236 276
44 150
111 299
127 190
206 216
93 215
62 243
119 223
117 132
175 239
45 239
35 200
161 182
66 268
149 290
175 178
77 279
222 278
112 188
105 157
70 125
13 250
122 187
56 289
254 280
193 284
25 71
93 238
211 253
155 207
134 202
85 233
7 211
100 263
121 172
257 294
207 298
60 237
29 49
35 293
29 81
107 281
126 152
45 106
4 38
13 292
98 138
50 225
157 240
29 202
113 159
24 111
84 118
48 200
94 185
18 235
123 216
125 276
43 223
81 134
147 227
66 73
50 297
154 168
70 290
104 184
260 281
99 215
96 264
33 299
110 235
51 233
151 229
246 261
147 152
27 79
46 152
43 197
65 202
198 245
134 187
49 168
16 94
242 268
32 267
142 275
26 254
128 158
141 255
104 159
184 289
35 239
36 188
131 291
6 29
193 288
37 163
9 62
82 105
138 251
101 226
32 56
4 160
12 214
18 54
43 171
162 254
130 291
13 51
34 57
42 74
2 257
64 163
266 268
198 269
0 158
191 195
56 252
103 270
157 264
40 187
252 295
50 135
38 101
124 148
210 243
198 212
61 200
29 219
81 227
188 240
136 279
35 131
140 286
57 104
144 150
43 96
93 197
235 283
132 246
111 156
9 127
79 121
122 202
203 298
181 239
143 161
26 127
248 267
13 58
123 209
166 208
5 157
12 41
92 258
225 255
52 167
16 288
131 138
182 242
93 123
121 289
0 36
15 285
80 267
43 142
3 289
47 60
72 160
4 88
13 31
11 250
27 65
248 290
217 232
10 130
3 55
51 144
3 119
22 129
199 224
216 241
277 279
139 288
49 128
132 195
141 206
82 258
72 285
202 258
4 141
112 264
16 144
200 256
137 187
86 274
61 191
27 92
67 168
231 269
178 195
88 102
84 236
69 98
9 57
23 65
198 287
94 229
55 185
242 294
74 269
81 187
160 212
132 279
228 262
101 175
140 255
