50 100
82
68
28
37
20
94
53
98
63
112
30
67
75
108
83
49
105
32
49
23
36
43
42
84
41
82
65
76
29
39
48
43
88
108
60
88
83
45
118
78
37
28
26
45
69
41
26
54
53
55
32 44
11 32
13 26
32 37
25 29
21 37
30 39
36 38
4 11
31 48
20 35
8 9
5 39
37 43
10 44
27 40
40 42
8 18
1 28
9 35
22 24
7 48
8 36
12 18
18 49
30 40
8 29
15 21
14 18
11 29
2 44
23 34
20 33
14 23
18 23
42 48
5 22
0 10
14 25
30 45
14 21
24 25
2 47
21 39
1 13
2 7
5 27
25 44
8 13
1 33
1 32
6 26
8 26
16 35
43 47
7 30
8 20
22 31
7 22
20 43
25 47
27 30
8 24
32 40
9 23
12 16
22 49
20 28
21 38
30 37
8 45
13 30
2 35
25 26
11 25
5 41
2 31
1 44
12 13
18 30
19 24
43 49
33 39
2 41
17 34
24 39
2 3
14 16
19 27
9 32
2 11
15 26
23 46
47 48
2 18
17 44
46 47
31 40
35 44
19 22
