200 250
35
29
104
71
118
90
37
68
78
68
102
42
59
44
28
62
106
25
100
103
94
60
106
101
101
70
78
40
53
21
28
20
82
65
24
81
87
41
81
97
41
63
71
81
39
79
75
77
85
56
60
59
96
99
40
29
49
51
50
34
104
110
35
66
107
39
79
26
112
40
104
85
35
55
98
54
115
54
112
80
90
52
71
66
31
92
27
112
75
57
27
59
100
42
57
39
113
69
46
57
89
30
22
105
65
101
39
112
35
83
72
105
68
76
103
31
100
110
24
55
100
31
46
32
105
35
51
50
84
77
87
54
39
89
91
37
70
62
29
85
26
34
22
74
90
105
37
70
48
41
57
28
104
83
40
89
98
23
119
63
33
86
97
104
108
20
21
58
62
31
76
20
97
78
26
67
116
44
69
44
65
106
104
102
69
76
71
99
79
23
42
44
41
71
29
29
71
30
20
66
19 23
82 168
56 98
109 189
136 162
148 177
14 72
82 125
29 151
93 152
165 191
14 58
50 120
28 107
153 158
129 130
35 99
44 179
160 168
122 180
68 109
82 195
72 144
64 95
165 168
38 157
53 133
15 183
44 125
35 90
149 172
116 184
23 96
180 183
64 113
58 85
5 22
166 167
77 183
13 43
4 151
0 84
9 167
19 86
61 163
112 122
34 38
49 57
29 86
103 193
51 142
165 188
56 107
83 85
49 91
42 128
53 80
62 79
48 98
11 148
22 160
76 194
13 125
3 51
154 196
49 154
142 199
7 166
49 50
93 98
135 173
54 103
14 117
65 102
18 65
25 40
141 171
5 18
57 126
75 125
11 174
74 106
34 92
93 108
1 127
100 192
47 88
55 106
160 165
120 183
26 97
119 175
68 181
138 146
63 190
21 153
48 189
59 81
82 119
9 174
118 120
61 161
16 83
80 136
18 106
33 193
53 178
116 126
68 199
131 173
22 72
21 81
103 105
31 153
64 73
77 102
20 34
2 197
55 78
73 138
123 136
18 114
97 128
80 182
65 165
53 187
74 89
21 194
129 174
26 193
47 80
22 34
20 100
36 155
50 127
138 180
2 198
53 131
95 187
11 61
5 64
48 94
69 90
19 41
19 43
43 164
99 186
29 199
17 158
106 160
86 144
99 147
84 104
78 132
41 91
48 193
57 193
143 147
15 136
58 118
34 155
6 53
82 172
131 157
63 100
91 196
142 149
95 185
46 125
90 117
62 166
23 138
8 33
23 122
40 169
33 76
74 87
34 199
121 191
130 173
54 173
155 170
17 116
93 114
143 162
4 109
25 143
33 85
7 128
8 50
0 41
26 126
113 128
25 50
104 107
111 175
33 145
18 149
111 163
15 58
20 74
51 167
4 115
36 43
164 196
93 164
37 172
118 142
37 168
141 168
27 95
52 60
71 193
156 161
134 177
160 166
133 197
64 163
90 151
54 107
147 153
18 185
77 112
66 103
23 80
7 108
12 118
111 168
35 130
19 169
59 185
56 82
45 71
72 113
131 149
96 167
36 137
33 113
49 88
82 131
63 139
134 142
62 151
138 197
17 144
3 107
141 154
11 177
83 139
88 90
