150 250
86
67
98
71
66
88
82
81
37
67
38
61
83
28
52
83
45
57
37
76
35
35
116
54
107
102
89
25
56
79
36
22
78
114
25
25
34
87
38
103
86
56
44
50
116
28
65
42
65
34
50
80
49
98
114
89
80
36
46
116
47
62
70
105
56
75
62
22
43
80
105
61
69
81
43
65
89
89
87
35
103
70
47
85
48
42
106
109
110
32
105
37
74
56
74
62
111
117
64
86
77
101
80
78
62
103
24
31
24
43
98
60
93
26
25
22
100
111
111
42
23
48
59
29
36
113
71
80
62
67
98
20
100
58
78
42
94
34
105
98
58
36
38
31
42
95
85
74
86
28
67 145
28 45
70 86
11 98
57 76
44 55
115 136
67 87
44 90
26 117
39 87
58 122
16 39
62 140
33 68
2 3
63 100
83 149
72 94
98 148
1 55
39 94
20 31
12 106
73 76
17 39
10 63
76 78
102 118
43 135
36 46
39 99
48 122
1 120
1 118
20 119
17 108
9 129
17 48
26 141
30 143
55 96
74 145
97 134
27 42
131 134
76 125
23 132
48 133
17 45
36 117
38 145
99 134
26 85
17 19
12 13
100 109
67 95
33 103
95 128
32 79
7 109
5 91
82 106
25 127
65 95
60 63
65 131
66 86
6 84
80 148
91 106
103 117
27 71
5 100
30 103
13 16
9 87
95 136
120 125
52 122
14 86
53 103
72 101
39 107
37 54
115 145
4 120
74 127
71 79
3 133
95 146
105 142
140 143
20 143
12 97
0 142
112 148
53 63
70 92
26 72
89 129
36 73
111 148
32 65
48 77
75 87
96 132
82 142
122 127
12 134
57 75
37 135
55 90
2 27
33 74
64 105
28 65
2 26
26 68
104 111
18 48
17 81
65 82
9 54
42 73
91 117
128 130
56 87
58 68
16 101
34 121
68 99
0 122
26 28
40 139
32 111
15 89
22 128
80 137
123 128
69 112
93 142
47 49
30 116
9 99
44 119
70 89
45 70
62 73
4 97
31 114
106 115
47 145
30 127
8 34
2 147
47 130
79 90
22 148
7 97
23 119
94 103
58 149
14 22
13 124
79 141
96 97
97 144
92 127
23 126
37 78
25 69
17 125
123 149
92 96
32 115
117 136
59 78
126 135
11 100
41 81
2 138
28 99
22 132
58 128
50 68
76 136
13 137
38 93
38 87
70 135
4 53
56 112
41 82
33 140
32 53
107 114
20 44
55 109
66 87
113 117
1 5
43 45
14 38
52 83
120 126
24 29
81 125
43 57
24 34
129 142
9 118
40 87
46 53
95 120
35 110
41 87
13 130
79 138
70 71
46 131
6 94
69 75
21 139
13 28
21 107
75 143
30 80
83 115
28 113
6 87
74 144
68 145
41 62
19 108
33 149
40 61
12 147
57 134
14 124
89 137
67 98
52 53
28 131
96 137
17 20
34 85
2 15
37 109
