150 150
61
113
29
20
81
78
23
113
56
109
84
47
31
117
79
84
111
90
53
85
24
72
76
40
104
22
111
50
80
81
42
73
27
51
25
88
61
80
33
97
70
97
24
33
47
36
98
38
106
83
55
110
36
63
82
72
118
25
102
78
39
24
83
46
108
88
114
101
48
80
31
50
57
35
64
36
103
42
106
41
57
41
31
25
85
45
77
83
51
112
93
70
68
108
96
108
28
42
90
108
102
101
39
92
68
83
108
104
57
95
25
94
68
89
52
33
114
61
48
97
53
73
47
54
113
75
42
21
50
64
62
32
97
81
104
98
96
45
34
85
20
39
111
68
60
43
34
107
85
114
83 103
113 147
106 146
52 54
35 128
81 135
28 31
27 101
43 84
48 76
31 32
109 131
6 146
112 133
65 71
119 120
75 81
18 135
127 146
14 72
6 129
42 58
9 126
102 109
36 105
9 140
88 99
43 94
5 147
120 130
99 123
54 90
10 76
91 105
13 58
38 120
64 71
80 148
41 100
39 146
30 39
57 127
31 100
81 124
8 104
51 131
44 105
31 87
54 80
113 136
8 145
53 67
51 73
16 147
37 54
12 93
119 121
52 122
96 124
132 133
87 102
15 109
4 131
35 140
29 84
50 131
5 37
12 48
46 57
13 28
92 135
6 106
64 130
38 58
94 129
72 81
31 139
45 135
99 129
14 52
104 110
57 61
16 116
9 145
29 144
37 87
52 53
18 110
91 147
54 65
130 137
54 73
51 99
1 59
125 130
105 143
12 79
46 54
63 81
93 110
82 109
11 50
68 136
23 77
117 130
45 97
99 117
19 73
101 132
72 133
27 107
89 126
82 91
22 37
47 130
35 58
85 114
69 100
55 93
74 80
21 125
92 126
13 94
128 129
85 113
14 138
129 141
106 126
16 30
23 48
82 117
12 104
53 113
9 48
43 83
23 70
7 18
3 46
26 31
19 34
22 41
32 33
1 41
8 69
84 124
91 117
16 31
46 69
107 144
20 89
