150 250
116
35
63
63
103
73
25
38
69
35
103
57
23
113
89
83
90
95
103
46
114
40
55
105
103
28
31
35
83
22
110
32
90
105
75
73
110
33
44
59
100
27
48
103
21
117
118
91
44
101
69
90
74
104
76
109
65
87
25
80
42
67
44
112
52
100
117
42
65
41
81
45
49
110
80
102
59
79
25
36
112
74
106
66
110
62
56
107
82
113
68
104
112
92
48
44
24
97
118
69
119
31
46
100
73
107
34
113
66
39
81
110
45
67
57
35
110
45
23
24
38
23
108
30
95
88
106
52
65
104
53
116
67
80
48
21
119
62
66
65
33
27
55
58
74
44
26
116
69
81
23 55
130 141
64 138
50 102
73 147
4 117
37 83
18 68
6 68
21 86
18 32
10 125
21 62
26 37
41 122
64 133
15 114
3 31
66 133
41 53
2 57
39 78
49 141
109 111
107 130
41 47
51 109
16 124
22 54
1 63
78 134
29 146
0 60
51 66
43 104
98 107
12 88
55 137
39 97
16 146
115 129
82 90
75 106
57 149
62 110
43 114
143 146
91 147
54 142
115 149
97 125
97 109
115 137
4 66
82 136
17 52
47 142
100 122
1 59
115 121
19 137
8 15
1 131
64 87
30 144
86 143
57 86
4 22
70 73
78 111
2 130
101 128
123 130
74 124
58 141
52 137
118 126
40 53
55 99
43 122
29 92
96 129
103 104
16 31
65 70
12 96
22 37
76 148
63 116
54 147
76 134
52 106
4 10
59 93
65 109
5 104
134 147
50 100
89 119
56 132
46 91
2 15
79 83
48 65
63 97
23 102
99 111
76 104
23 71
34 65
38 70
35 138
55 91
46 136
20 112
4 53
7 118
51 121
36 86
1 85
1 5
101 108
86 116
107 139
22 59
76 98
64 145
35 102
57 73
19 148
2 93
61 125
61 96
14 49
34 67
36 134
73 145
39 137
81 146
81 141
7 18
13 141
26 123
31 115
15 100
95 102
70 129
33 59
125 127
12 83
43 67
100 116
87 114
46 57
83 138
3 89
47 132
21 69
8 86
10 104
4 108
74 106
15 88
9 65
92 140
85 129
62 79
26 51
68 109
53 72
63 149
47 57
28 45
106 120
74 114
116 118
32 124
94 120
104 139
32 88
67 98
10 117
71 147
37 65
11 30
21 81
78 127
74 128
8 98
30 122
22 49
107 143
23 139
65 129
67 145
94 97
116 135
6 34
37 43
1 119
22 107
51 84
2 81
8 10
30 91
35 104
80 140
13 61
41 69
78 117
10 77
47 113
96 119
35 81
65 135
22 57
59 108
8 114
68 91
121 124
9 61
51 128
39 141
113 117
97 132
132 143
25 95
23 40
24 64
58 129
61 115
53 120
67 136
13 32
41 90
68 74
118 145
10 112
44 133
59 115
37 136
60 130
9 124
56 120
6 117
59 85
113 139
23 126
55 82
22 139
