300 1000
97
28
71
42
92
41
96
51
25
75
70
41
77
74
38
50
97
73
116
51
60
26
75
52
111
80
96
63
67
26
61
44
87
65
118
59
86
94
91
91
101
93
64
58
47
83
40
76
36
89
59
28
95
67
60
39
27
36
34
26
95
76
50
62
21
48
53
87
74
76
58
107
49
103
97
29
118
118
85
34
39
77
94
114
24
34
85
31
102
100
37
29
56
119
71
57
99
57
76
105
65
114
92
95
49
69
56
47
119
73
113
38
30
87
85
34
53
50
97
88
30
66
97
118
117
101
55
96
38
63
33
35
110
105
110
39
107
98
119
106
52
64
25
62
84
42
29
69
72
106
37
35
105
67
33
102
48
69
79
118
64
44
33
54
30
76
74
69
106
25
55
38
21
112
33
37
34
94
87
39
80
56
54
65
55
67
100
83
68
59
33
113
35
99
47
45
107
53
46
93
110
82
64
112
26
29
81
41
103
48
112
115
37
46
113
72
45
93
88
94
84
53
39
99
32
66
77
71
52
103
45
42
117
89
86
24
50
48
97
33
28
89
28
97
67
21
102
92
46
70
118
110
55
37
90
68
36
99
71
68
82
96
42
80
117
61
84
47
41
113
112
49
82
21
79
81
74
61
105
101
63
104
43
98
73
65
98
89
44
50
89
107
26
64
119
76
105
35
55
26
167 184
188 200
118 208
273 286
176 229
42 52
0 200
76 82
127 278
115 144
195 255
29 121
58 93
27 257
10 212
96 236
177 296
137 295
35 110
223 264
163 266
115 265
41 48
79 242
109 238
193 274
147 190
0 286
174 295
213 236
61 284
113 161
2 110
145 156
80 165
28 109
98 126
143 198
137 168
158 277
251 298
51 241
37 98
25 241
84 206
68 261
127 268
78 229
138 181
46 223
84 270
68 126
211 269
131 266
158 244
209 289
40 247
98 202
129 143
175 213
50 136
70 282
15 263
148 197
101 123
71 243
122 207
118 191
143 158
2 249
154 238
101 263
30 165
159 251
60 126
73 162
15 107
30 232
70 132
224 279
255 275
47 163
97 239
33 240
149 283
3 294
257 273
4 156
108 174
215 287
40 286
1 149
134 147
32 270
18 63
246 274
38 293
135 189
232 274
76 81
9 122
136 283
80 293
6 39
6 153
139 293
47 195
193 246
29 277
47 268
40 214
73 79
14 208
192 266
94 289
274 298
110 217
33 49
72 155
55 60
49 131
178 252
145 244
25 176
122 145
72 162
111 198
19 241
208 212
201 212
2 238
200 271
48 233
20 256
58 76
16 189
177 268
119 173
165 295
250 287
74 192
4 150
143 272
75 185
39 103
86 158
38 277
78 129
24 202
34 82
102 278
23 207
123 142
132 288
82 137
82 276
156 178
86 129
21 161
66 177
201 204
35 230
216 243
8 267
94 118
101 148
124 249
72 107
239 266
60 155
21 36
178 237
75 266
59 288
125 289
217 242
29 252
24 172
220 233
39 43
27 144
239 276
100 286
161 286
60 194
183 249
216 290
11 49
0 256
225 226
7 242
166 229
32 149
75 99
179 240
180 272
207 240
8 227
265 279
221 225
25 222
15 160
171 190
116 198
42 171
123 165
50 52
32 134
131 202
194 209
62 233
74 270
53 174
30 205
3 19
96 182
42 225
112 116
214 280
14 137
23 138
3 125
35 242
11 196
218 272
33 91
206 217
3 132
85 271
42 89
88 271
13 190
13 54
129 279
35 196
110 117
86 172
28 287
207 298
177 225
16 270
176 210
265 285
8 256
97 102
50 190
120 293
186 256
47 137
134 165
33 34
119 244
206 231
148 165
125 281
95 252
57 193
178 180
23 241
125 187
90 289
68 211
24 282
30 97
14 161
164 247
101 161
7 66
92 266
126 225
20 143
36 78
10 77
152 215
102 251
30 94
91 98
5 74
154 174
87 156
72 220
21 34
153 233
78 81
6 171
15 204
34 78
51 207
18 96
60 100
142 172
16 194
251 292
142 166
105 298
5 77
40 122
56 99
180 193
64 186
142 186
16 131
176 235
223 272
35 253
72 178
18 177
169 194
36 269
87 126
34 93
204 208
3 185
130 264
150 235
121 194
78 292
189 220
13 112
18 245
69 148
77 196
88 90
57 299
86 126
184 212
88 231
121 168
137 143
78 298
40 193
84 251
23 140
5 36
2 252
54 152
71 251
211 230
93 229
220 269
67 205
51 184
5 45
188 219
143 218
18 183
21 163
186 267
24 161
165 222
26 28
18 150
0 31
61 125
30 229
97 296
281 287
32 47
39 267
182 272
42 237
100 117
63 136
276 286
161 260
142 239
40 212
72 89
151 212
193 249
98 233
189 273
131 289
5 170
8 30
104 245
124 221
97 188
83 110
164 271
58 95
135 262
52 270
182 259
255 260
75 188
17 58
161 190
58 219
112 118
1 217
115 177
190 212
0 65
47 282
23 142
92 286
29 63
38 289
45 297
1 125
60 233
147 194
2 4
114 118
122 171
31 289
48 274
166 253
0 274
200 298
194 292
223 284
55 74
105 264
119 266
104 230
78 176
121 180
54 246
30 44
43 93
4 296
259 278
48 159
28 294
12 203
259 269
138 286
64 257
46 252
82 114
117 222
102 214
212 239
35 156
242 251
128 298
139 299
29 99
50 57
93 254
62 70
260 265
48 81
52 218
32 127
101 134
100 201
192 255
13 163
7 228
56 114
6 165
35 248
264 298
57 92
4 214
171 269
175 272
102 145
76 281
229 263
82 130
37 63
23 76
251 252
66 136
59 142
7 283
177 247
21 58
56 62
236 280
84 163
186 252
8 80
168 237
2 43
67 107
92 142
44 235
71 93
153 163
146 265
142 160
146 270
216 254
33 204
169 234
67 238
107 127
19 27
62 64
30 183
122 221
26 157
171 218
81 280
24 246
237 280
126 140
56 207
132 292
67 260
79 213
21 57
128 206
22 48
130 243
164 258
4 36
73 223
54 207
56 284
36 52
221 244
180 214
1 47
13 173
86 166
145 275
51 159
156 208
99 126
84 90
95 263
89 120
27 70
126 143
63 247
215 284
181 191
217 244
142 280
10 146
155 280
140 174
30 258
84 100
129 190
144 168
37 40
107 233
120 128
183 234
127 201
19 220
15 63
25 279
259 261
187 232
151 243
217 251
27 98
142 248
231 243
40 228
39 160
25 109
44 236
226 264
7 8
23 101
123 132
85 100
85 143
272 295
28 242
107 246
40 140
35 107
72 148
16 111
60 125
104 188
61 114
120 121
174 273
144 298
105 296
83 249
81 107
109 296
49 242
142 269
76 135
177 207
193 224
37 70
70 258
141 184
14 124
5 298
201 287
145 296
79 197
146 279
140 288
109 136
182 271
60 186
162 230
5 52
76 199
62 93
186 260
17 107
146 185
181 218
43 115
13 189
146 252
83 287
272 292
96 175
34 243
226 287
197 292
148 278
41 120
132 241
100 227
112 201
119 247
42 46
59 287
133 284
63 67
107 172
39 269
35 282
21 55
4 261
66 291
153 186
32 146
12 71
247 272
176 246
144 222
131 288
33 272
96 264
92 137
183 204
158 238
218 265
231 260
26 270
123 223
7 264
21 35
71 268
60 248
204 266
7 222
35 256
31 51
104 175
8 240
59 150
29 247
116 259
13 86
285 288
1 261
89 119
3 149
21 119
41 53
80 140
164 297
154 243
39 184
150 162
86 161
180 202
172 193
40 209
53 233
211 280
0 88
99 143
149 270
164 254
12 245
61 146
89 109
200 215
25 130
51 164
231 291
66 164
159 176
73 161
36 264
52 141
36 293
195 237
112 263
27 243
57 141
89 218
56 283
8 170
186 221
172 230
204 291
132 146
202 271
166 293
8 187
96 219
166 180
86 195
29 278
87 223
64 223
57 206
120 228
59 214
139 149
41 106
182 187
84 238
210 284
2 218
171 221
51 67
140 153
118 246
221 234
157 258
15 285
63 106
30 243
145 217
221 258
103 251
197 241
107 187
189 225
78 96
145 163
55 199
50 146
36 173
67 131
105 194
9 147
142 263
91 180
12 287
190 290
87 115
54 232
157 194
272 296
6 211
169 205
266 271
51 139
8 171
23 254
222 276
239 263
64 107
104 171
61 171
94 287
78 148
93 94
141 288
119 294
40 52
18 199
3 12
20 210
226 233
254 274
155 289
193 271
96 116
229 274
7 129
52 152
92 223
94 294
46 86
38 135
65 147
41 275
219 267
193 260
167 221
166 234
83 190
18 34
103 263
44 110
92 96
14 67
8 241
27 162
49 107
65 224
158 196
167 251
177 211
60 150
130 294
16 20
77 102
90 180
65 134
42 209
109 283
224 277
117 191
3 276
121 240
151 279
55 157
62 167
7 244
76 213
265 291
55 178
223 296
18 190
173 205
127 182
149 296
125 152
65 273
225 273
60 214
191 227
136 273
49 141
153 184
208 280
159 276
150 229
75 233
108 116
157 224
129 293
111 182
107 154
116 159
229 236
73 180
47 208
16 49
148 169
128 285
129 197
32 156
90 178
39 107
84 258
196 251
130 213
62 119
179 237
226 279
52 160
68 106
151 174
0 170
43 155
128 224
104 285
75 116
74 85
200 270
36 165
99 152
141 284
15 30
67 242
68 173
10 219
47 180
142 219
88 100
119 192
75 137
264 279
53 243
49 143
75 85
60 227
97 236
18 69
112 136
232 260
62 271
152 161
123 151
56 291
175 275
112 236
2 215
76 246
125 269
44 141
202 263
199 272
41 51
163 270
229 230
43 96
0 253
157 205
13 175
148 151
84 188
242 263
0 92
188 269
82 269
65 232
36 89
87 184
154 182
112 250
98 136
90 155
98 112
247 274
95 125
65 177
192 232
8 232
248 284
253 254
18 82
118 238
160 174
42 205
80 208
6 114
59 157
6 226
104 183
60 153
85 169
229 252
69 289
22 178
260 295
93 233
131 253
36 160
240 295
202 296
16 216
264 294
147 274
98 128
20 259
211 265
35 249
179 252
109 247
192 202
23 233
93 207
111 203
33 160
157 243
225 267
159 231
186 271
70 78
37 66
31 142
0 143
118 253
23 228
252 267
182 185
42 90
205 278
45 64
117 202
7 84
179 218
15 150
104 145
170 272
114 234
254 287
72 258
52 192
52 235
130 146
