100 100
42
98
108
32
77
25
90
45
70
33
107
42
109
76
74
100
104
113
45
91
113
58
73
31
27
75
22
54
105
53
31
27
83
20
92
41
77
114
118
27
80
57
49
69
113
55
101
49
101
27
72
46
65
26
58
24
33
112
58
118
45
70
77
60
22
49
33
79
44
31
38
104
68
20
105
114
55
38
43
36
45
96
63
43
54
101
47
67
93
86
117
70
88
74
110
90
104
24
101
80
22 23
18 83
44 67
2 84
35 81
80 89
24 54
1 24
72 83
11 71
15 27
75 85
9 21
26 97
29 49
23 40
4 11
49 58
61 78
65 85
26 94
0 97
3 22
1 86
64 94
57 74
79 94
1 52
3 28
2 4
9 42
66 79
37 53
67 83
4 50
1 96
30 98
33 96
49 72
67 71
13 28
44 93
46 74
77 97
26 99
33 88
12 93
54 99
2 73
4 34
35 77
7 53
49 86
58 93
51 64
64 77
45 70
9 19
17 58
49 95
57 82
50 83
37 47
1 49
10 36
5 39
58 71
57 99
44 60
11 16
8 93
5 27
16 36
77 85
26 46
3 80
60 64
6 7
53 59
8 16
66 95
55 67
6 24
36 76
44 50
11 99
27 90
6 16
15 93
43 62
19 23
17 32
39 75
39 45
0 35
61 82
66 68
49 90
75 78
77 79
