150 500
40
28
59
58
58
100
85
86
80
23
33
94
49
49
103
32
27
56
77
36
92
82
115
85
20
85
59
27
50
98
39
22
59
31
60
97
63
77
64
23
81
29
98
62
110
33
26
117
69
83
85
93
45
32
58
46
98
98
53
80
28
25
82
67
36
23
97
79
32
93
35
93
102
113
87
93
78
94
42
27
57
108
100
83
20
90
61
50
68
46
62
29
51
25
76
119
80
105
79
92
78
46
118
113
91
85
86
49
59
60
108
49
100
40
112
53
110
105
35
111
31
78
20
115
35
76
114
47
114
25
71
72
51
69
117
22
87
35
51
78
76
39
107
108
59
51
41
102
88
57
69 73
18 82
6 148
9 139
12 136
27 48
14 72
125 132
51 79
52 93
41 91
65 114
0 8
20 78
8 107
30 53
129 135
29 49
44 110
18 30
118 122
45 109
132 144
72 114
15 45
38 68
57 133
3 65
75 133
90 144
99 135
16 22
84 123
30 46
64 83
108 113
72 85
55 67
66 127
13 83
1 143
50 104
9 134
17 19
63 136
11 122
12 34
138 149
7 86
29 143
53 142
101 138
6 65
33 107
35 41
28 99
42 53
79 130
62 148
48 98
61 110
72 126
113 144
53 125
4 101
4 46
49 142
16 107
49 100
43 143
73 148
85 103
14 54
52 67
15 18
15 125
90 141
21 105
18 126
57 75
61 75
106 124
42 134
108 143
1 127
50 142
138 147
6 55
65 110
70 83
97 126
19 75
31 118
38 146
113 140
71 103
98 139
31 59
69 82
24 59
68 70
11 111
70 118
16 33
30 86
6 18
33 93
53 78
26 116
49 68
23 131
22 121
81 105
31 53
14 123
2 77
84 120
2 147
28 55
73 88
23 86
14 68
128 147
32 80
65 103
87 139
71 74
29 94
124 126
43 97
22 30
0 84
20 86
55 100
30 77
2 88
98 103
95 131
37 61
5 11
14 98
140 144
19 141
19 143
19 114
49 143
129 136
49 58
6 117
44 60
36 149
47 134
4 28
41 132
141 143
57 98
93 143
47 65
118 136
5 58
103 134
22 106
57 82
50 81
63 141
99 146
42 95
46 135
25 117
16 140
12 88
58 73
22 83
69 123
83 140
37 134
21 49
41 130
104 123
23 120
66 105
117 143
14 143
4 12
9 25
93 135
78 83
7 108
41 50
26 76
63 78
100 125
7 104
111 125
83 95
118 149
63 111
65 108
70 124
51 117
4 65
36 143
46 64
43 114
87 122
68 92
68 87
18 41
45 127
2 60
43 121
106 111
27 134
10 116
83 97
64 113
51 140
54 57
3 97
18 35
12 27
16 103
23 80
57 58
68 112
111 118
80 135
9 119
32 85
71 106
72 145
99 113
17 31
46 86
87 133
31 138
63 82
42 89
34 51
47 62
44 88
17 57
4 53
61 141
39 127
90 133
15 138
9 34
101 148
70 117
58 98
82 148
122 139
58 124
36 92
30 105
24 133
36 140
81 131
0 58
20 133
8 51
50 112
54 95
67 111
21 111
27 71
43 51
61 69
55 109
7 65
86 140
76 89
20 79
79 109
130 131
84 114
15 40
37 46
59 69
6 142
20 34
85 115
34 78
45 134
42 110
32 70
101 146
111 122
7 92
5 137
57 89
72 80
19 37
43 149
26 87
19 60
52 135
131 145
19 92
113 115
35 52
48 56
61 83
80 90
4 85
61 130
76 112
15 35
7 14
34 67
71 119
17 100
109 142
65 106
2 64
4 120
85 117
50 78
37 121
58 84
20 113
119 128
53 99
113 143
16 27
38 134
0 1
138 142
0 77
56 108
47 96
24 149
24 145
36 134
132 149
56 101
29 109
22 103
21 124
101 109
59 101
100 110
123 146
56 146
14 50
53 149
110 129
36 50
26 86
8 20
76 137
12 17
88 115
39 62
38 43
21 98
34 144
48 140
6 59
12 39
20 144
33 63
114 123
69 149
8 38
20 68
37 146
121 127
39 44
86 127
77 78
128 138
17 83
6 52
11 115
36 39
10 79
36 130
2 96
70 71
18 27
107 129
23 100
84 115
62 145
51 125
29 139
15 73
67 99
79 110
20 85
14 49
30 137
46 85
83 116
3 58
37 45
12 69
40 148
86 87
60 137
102 114
16 32
77 115
58 99
34 128
27 130
62 101
66 147
51 147
16 55
54 61
118 145
87 130
66 116
24 79
40 105
24 31
10 72
74 139
19 68
10 48
98 111
14 110
10 109
65 125
21 65
36 60
69 139
8 49
37 73
87 143
16 118
69 88
30 110
12 98
75 130
48 130
47 145
70 112
22 38
36 111
50 82
85 119
25 74
14 41
83 94
32 124
44 96
76 124
21 74
56 58
5 135
105 107
20 30
47 56
48 141
35 73
0 23
25 94
11 97
42 119
53 146
16 40
141 149
18 73
65 127
102 131
132 138
2 112
9 70
109 146
36 109
19 33
18 37
6 44
60 92
59 129
35 110
22 53
33 139
30 66
65 92
106 107
27 67
17 80
127 141
27 76
86 147
25 112
15 58
31 128
1 142
36 107
103 129
38 141
74 118
105 112
62 139
