50 100
92
47
82
54
45
77
55
107
75
110
22
97
103
44
25
84
35
48
22
46
96
38
31
74
88
118
101
87
52
35
29
24
62
43
111
87
100
98
26
107
88
28
36
71
104
41
88
119
70
42
17 45
28 45
20 36
11 48
7 26
5 44
15 36
17 37
40 44
17 26
37 39
8 22
16 39
12 40
18 33
2 3
0 13
33 49
22 44
1 48
20 39
6 31
12 26
23 39
10 17
13 26
2 28
18 43
35 36
39 46
48 49
1 22
18 20
1 20
8 19
9 17
29 48
17 41
26 43
30 46
5 45
24 34
42 47
27 34
25 31
26 32
23 48
33 45
17 36
17 38
34 45
26 49
19 35
13 17
0 12
3 45
28 32
9 29
5 7
32 41
6 27
25 27
15 45
10 13
15 31
16 36
6 34
30 48
6 41
3 17
21 27
0 5
3 30
13 16
9 37
36 45
20 25
2 22
14 36
1 3
22 39
4 7
15 37
4 45
20 24
29 33
42 46
5 43
40 43
12 20
3 48
13 20
22 42
26 29
11 36
15 48
27 32
37 48
25 46
32 42
