200 750
90
100
119
50
93
77
48
42
24
64
64
54
112
20
29
109
28
26
28
59
79
49
49
73
28
103
83
41
102
64
115
24
44
67
54
70
24
82
92
80
78
36
115
22
88
76
64
48
82
72
88
41
53
117
94
113
52
110
86
34
106
82
39
30
29
73
80
33
88
105
45
98
73
40
53
42
97
97
70
111
101
90
33
34
39
59
79
23
101
46
90
87
108
109
50
117
114
62
82
34
47
107
113
101
80
98
75
109
75
77
100
56
48
65
22
119
57
81
23
90
107
93
58
95
34
40
44
80
82
58
47
62
98
92
95
58
70
50
99
25
107
79
61
87
25
63
39
114
76
94
84
64
67
74
91
33
94
68
93
109
106
20
51
84
92
26
74
42
108
53
99
47
113
40
67
70
35
86
64
44
112
28
88
59
83
111
72
109
59
97
98
98
50
81
62
74
39
69
49
27
55 198
27 99
137 145
151 184
73 74
10 190
108 182
71 82
39 132
50 157
98 146
6 125
10 27
77 171
24 126
174 181
8 181
25 78
97 177
62 172
25 50
114 184
85 185
18 169
24 128
19 122
25 178
47 188
5 18
66 181
96 199
30 155
160 180
57 60
109 123
112 181
95 100
48 137
19 32
9 107
126 147
125 131
104 179
65 109
83 149
46 90
83 197
28 43
88 129
39 52
11 34
63 103
129 151
1 114
108 122
69 123
54 186
90 146
164 185
135 199
41 47
130 133
38 161
125 168
49 178
13 159
12 14
76 93
29 117
7 40
82 137
61 124
8 137
14 74
166 172
9 171
7 94
102 198
55 179
57 118
77 157
70 121
91 98
8 15
80 174
0 17
57 62
93 146
22 60
20 146
178 182
117 137
19 76
84 135
53 199
93 108
82 115
30 125
165 197
45 86
86 123
15 180
108 148
78 170
99 120
50 116
33 186
61 188
5 75
97 156
129 190
17 163
105 199
41 71
127 196
68 119
13 83
52 114
130 144
36 64
105 181
14 67
55 91
48 76
130 173
11 157
116 174
21 127
168 173
44 121
95 113
60 192
44 196
92 126
127 163
108 157
68 176
111 123
31 151
113 159
76 116
125 192
42 52
15 166
10 172
67 88
75 81
24 79
6 77
4 116
25 169
113 189
1 188
32 100
11 139
15 98
23 80
122 160
27 126
90 199
136 178
18 164
11 97
89 188
56 103
24 93
82 158
83 165
17 146
37 68
29 166
5 61
141 165
168 183
25 91
119 179
4 137
15 143
34 83
90 104
140 150
22 66
32 108
7 57
1 77
182 196
1 195
43 136
118 179
56 161
4 127
8 141
51 176
32 120
60 141
134 159
34 43
43 143
2 145
73 198
68 79
123 152
22 157
102 165
58 184
77 93
19 157
113 195
33 160
53 179
45 114
13 31
109 156
75 111
53 100
61 133
165 168
8 77
62 188
43 124
120 136
1 139
45 66
86 158
52 66
24 180
81 89
108 133
138 152
8 165
23 128
31 131
6 71
45 49
147 166
100 137
105 134
144 166
18 92
10 104
68 142
80 101
165 183
9 135
56 169
52 79
97 135
55 63
6 108
56 105
74 193
5 132
80 124
76 124
38 94
28 114
61 180
15 163
176 178
34 50
102 145
66 195
38 129
50 196
107 189
16 102
52 59
84 148
135 176
9 30
166 189
96 146
50 64
61 181
40 111
138 167
33 165
3 85
114 135
104 152
6 194
120 199
20 65
83 153
92 148
114 183
31 82
60 84
73 95
65 136
184 185
26 149
18 111
105 133
57 198
145 189
15 109
80 144
27 81
29 33
72 168
95 106
0 107
95 190
8 180
164 183
161 193
65 163
72 122
23 96
37 131
146 168
64 98
43 179
12 160
115 133
21 55
85 162
132 164
94 172
58 116
77 117
76 80
77 129
82 166
28 45
61 65
7 196
104 172
20 157
105 164
190 193
79 157
74 173
184 198
20 60
74 79
10 160
92 151
78 148
95 121
80 161
65 92
1 52
37 157
31 165
99 196
174 188
70 170
116 154
68 88
99 166
114 176
11 17
21 90
94 165
78 185
29 174
27 144
30 181
136 148
12 188
144 153
114 162
30 175
20 195
71 186
95 185
106 163
3 136
120 148
30 134
4 199
95 115
31 146
76 120
41 46
108 190
22 146
57 121
52 77
116 123
64 163
61 179
22 64
115 170
136 145
56 87
101 172
133 182
59 70
53 116
52 161
106 198
115 183
119 187
187 193
9 63
76 151
173 188
55 140
28 143
0 152
101 116
98 124
186 194
109 191
110 113
104 168
39 111
84 182
29 179
42 122
38 73
26 118
10 46
33 141
33 190
45 58
86 169
25 157
18 115
168 177
25 132
98 195
64 134
130 195
52 163
1 37
107 125
123 179
12 69
12 16
62 197
35 70
179 183
51 60
181 198
28 82
6 78
70 77
12 159
66 175
11 55
136 176
107 115
11 136
28 119
100 116
42 171
152 177
102 164
28 100
9 97
103 134
87 164
52 126
123 144
27 135
151 156
18 23
63 187
135 155
7 15
9 51
155 178
81 186
72 167
133 169
20 176
15 25
59 67
47 95
46 146
3 170
65 66
157 172
1 124
5 179
85 110
23 112
136 143
28 190
58 118
48 83
86 184
34 153
44 81
0 142
79 155
96 112
21 22
68 175
0 97
132 182
5 6
133 148
33 191
34 67
26 153
12 18
14 58
11 93
157 173
21 166
69 140
43 90
68 140
42 152
75 104
33 149
35 109
94 181
0 178
5 128
99 105
17 164
63 65
22 127
36 93
44 57
34 39
54 99
131 141
6 158
45 156
106 191
143 173
121 153
33 125
31 78
96 132
147 198
74 159
147 172
167 168
4 153
104 159
91 159
45 166
43 49
17 101
54 166
88 169
74 172
21 65
122 176
95 123
15 63
79 120
23 135
66 80
133 198
67 176
60 72
41 77
84 178
22 131
100 172
48 144
70 165
67 93
114 117
16 84
48 129
104 157
37 183
116 170
187 190
59 92
2 122
100 133
6 31
130 155
3 84
1 26
25 45
95 159
63 179
89 111
136 193
95 125
116 163
58 112
8 123
60 130
175 193
88 159
100 170
43 56
42 81
128 139
3 153
42 108
66 196
113 188
56 74
77 138
85 114
62 126
37 167
55 72
172 196
39 177
173 180
14 36
167 175
121 142
2 130
163 197
103 199
25 62
139 159
73 163
24 25
143 152
15 24
11 150
127 148
3 129
39 101
68 143
85 166
49 189
88 105
39 46
8 108
64 120
0 27
145 176
5 97
20 120
70 183
138 198
51 151
94 177
71 96
13 131
145 171
70 143
10 30
3 26
3 150
6 96
11 180
52 193
31 67
74 166
72 89
40 105
75 82
86 99
17 130
75 112
182 189
18 151
12 22
115 178
177 184
11 109
147 156
130 161
36 175
64 96
1 60
56 88
36 142
166 187
51 112
101 194
12 185
4 149
134 186
64 116
27 118
17 25
139 184
147 159
44 175
176 187
32 197
33 75
14 127
39 152
65 146
50 92
96 110
0 49
16 31
101 165
44 142
71 180
18 81
56 139
12 44
52 71
179 197
86 149
103 170
47 62
154 158
106 110
93 159
74 76
118 147
18 50
36 100
156 190
3 9
15 152
61 176
40 164
62 114
10 117
24 113
71 87
129 182
4 180
58 127
74 77
97 125
86 177
67 85
76 89
56 190
90 166
20 82
86 180
45 97
0 69
23 121
2 156
6 89
6 64
33 168
66 93
70 110
41 108
5 98
49 95
16 69
178 196
156 175
44 118
131 153
121 137
42 127
10 154
47 112
22 28
