300 5000
112
46
104
37
111
53
72
56
55
22
99
68
101
22
66
25
102
49
117
118
105
81
21
42
84
26
95
63
43
40
114
87
119
98
104
62
83
109
98
118
111
29
66
44
31
65
50
66
94
99
64
80
60
65
54
77
72
29
72
47
102
66
114
101
96
99
43
60
88
21
58
79
30
57
104
93
102
86
39
28
117
35
88
109
33
74
66
37
36
119
64
118
117
58
99
94
37
22
86
57
75
76
69
37
113
105
110
47
71
82
56
20
49
76
109
62
31
56
79
47
107
23
45
104
62
76
30
31
78
96
21
85
53
70
102
46
55
44
26
58
58
62
58
88
118
99
30
81
87
42
108
74
45
85
111
39
41
73
103
51
50
104
68
83
54
50
61
41
27
67
79
65
61
69
85
60
48
48
21
116
70
62
22
47
79
65
119
53
119
102
84
49
86
33
64
72
115
57
45
74
105
104
20
98
105
37
38
85
65
92
33
115
86
36
95
45
33
94
30
32
76
95
113
94
60
109
98
107
47
23
62
84
59
62
62
44
31
33
109
77
105
75
24
23
91
99
100
104
73
111
69
81
38
62
55
78
52
85
117
31
88
59
95
27
53
37
103
65
50
45
22
87
100
26
42
23
58
23
59
111
66
108
73
84
103
60
94
87
26
91
98
46
83
73
54
116
42
89
61
73
67 295
28 45
220 236
98 161
57 76
44 205
265 286
67 237
90 194
117 176
39 237
58 122
16 39
212 290
183 218
2 3
100 213
83 149
72 244
148 248
1 205
39 244
170 181
12 106
76 223
167 189
63 160
226 228
102 268
193 285
186 196
39 99
48 122
1 120
1 118
20 119
17 258
129 159
17 198
26 141
30 293
205 246
145 224
134 247
27 192
131 284
76 275
23 282
198 283
17 195
36 267
188 295
99 284
176 235
17 169
13 162
100 259
67 245
183 253
128 245
32 229
7 259
5 241
82 256
25 277
65 245
60 213
65 281
216 236
6 234
148 230
106 241
103 267
177 221
5 100
30 253
13 16
9 87
95 286
120 125
52 122
86 164
103 203
72 101
107 189
37 54
265 295
4 120
224 277
221 229
3 283
245 296
142 255
143 290
20 293
97 162
0 142
262 298
63 203
70 92
176 222
129 239
186 223
111 148
32 215
77 198
75 87
246 282
82 142
127 272
134 162
57 225
135 187
55 90
2 177
183 224
64 105
28 215
2 26
176 218
111 254
168 198
81 167
215 232
9 204
42 223
91 267
278 280
87 206
68 208
16 251
121 184
68 99
122 150
26 178
40 289
32 261
165 239
128 172
80 137
123 128
112 219
93 142
49 197
180 266
9 249
194 269
70 89
45 220
212 223
4 247
31 264
256 265
145 197
180 277
8 34
147 152
47 280
229 240
148 172
157 247
173 269
103 244
58 149
22 164
124 163
79 141
96 247
97 144
242 277
173 276
37 78
69 175
125 167
273 299
92 246
182 265
267 286
78 209
126 135
11 100
41 231
152 288
28 249
22 132
58 278
50 68
136 226
13 137
93 188
38 237
135 220
154 203
112 206
41 232
33 290
32 53
257 264
20 44
205 259
66 237
117 263
5 151
43 195
164 188
83 202
126 270
29 174
81 125
57 193
174 184
142 279
159 268
40 237
196 203
245 270
185 260
87 191
130 163
79 138
70 221
196 281
156 244
69 225
171 289
163 178
21 107
75 143
80 180
83 115
28 113
53 213
73 192
156 237
74 294
68 145
41 212
19 258
33 299
190 211
162 297
57 284
124 164
137 239
217 248
52 53
131 178
246 287
20 167
34 235
2 165
37 259
47 266
51 278
46 168
261 262
217 247
18 41
163 208
32 163
125 137
217 256
15 215
234 296
82 287
169 205
136 259
102 216
58 194
105 205
114 167
83 118
136 166
30 124
96 208
222 245
45 214
60 230
129 278
169 294
60 216
126 196
42 227
50 285
236 255
102 142
123 260
41 185
61 149
123 245
69 269
15 167
150 283
127 165
122 128
86 189
90 212
17 85
136 254
54 242
91 197
44 266
157 281
58 60
42 183
4 11
4 223
40 78
73 206
202 205
80 291
91 222
203 228
209 239
116 293
151 260
242 247
100 278
38 280
22 158
214 274
85 278
138 216
18 211
122 275
165 254
8 266
176 221
115 237
105 182
33 160
65 103
32 44
12 255
134 165
86 108
80 224
139 218
140 209
14 181
47 185
203 268
55 144
177 292
11 59
150 171
145 215
26 177
11 281
146 242
80 199
254 279
4 93
196 249
55 130
210 240
178 229
195 285
72 74
29 85
132 179
257 277
35 95
106 154
69 148
4 268
229 259
285 299
0 104
159 182
130 144
112 151
47 75
97 149
119 126
235 251
58 244
205 280
187 279
48 63
35 68
16 68
27 67
2 183
119 236
2 95
132 246
114 207
45 211
57 165
89 292
147 168
149 236
52 215
36 168
16 123
136 236
15 140
194 256
75 198
45 182
14 77
191 292
37 222
102 279
244 254
23 175
91 259
76 196
164 226
64 294
52 287
131 179
67 87
17 125
7 162
63 292
74 107
183 296
38 196
27 203
50 282
78 125
61 206
73 287
70 189
57 282
165 241
60 289
4 114
130 166
174 193
210 248
52 94
0 244
23 184
166 203
33 73
134 291
117 239
61 173
6 207
171 248
72 160
8 76
26 138
200 295
83 205
148 187
51 144
235 240
143 167
153 292
197 229
178 220
14 52
20 282
84 268
29 65
91 212
219 259
55 292
165 192
268 294
37 234
130 256
109 249
6 59
31 127
20 231
41 65
243 270
61 79
87 142
231 291
114 251
221 275
167 168
188 215
150 256
144 213
32 254
143 214
12 93
33 174
25 292
20 126
14 239
99 102
90 134
33 248
8 93
221 261
136 227
150 184
38 46
70 97
0 63
13 213
140 156
98 233
132 276
146 253
0 101
85 195
49 288
145 270
2 73
159 204
9 197
158 250
20 251
221 233
16 77
114 125
11 257
142 264
57 156
69 208
159 264
46 260
191 252
254 283
16 194
77 210
91 161
163 235
156 164
97 180
222 286
46 297
188 232
13 140
82 297
100 208
46 146
51 221
90 204
57 106
98 268
236 241
129 171
45 105
28 254
14 225
23 228
63 212
76 263
52 260
153 211
9 221
51 142
60 141
46 170
0 196
190 236
71 189
46 107
116 187
0 93
253 281
16 116
79 193
145 298
56 91
12 203
65 254
178 206
4 148
100 148
200 290
84 90
61 243
136 229
131 189
22 136
170 190
115 205
21 50
112 165
68 158
177 275
75 83
205 223
5 88
40 71
47 207
108 182
71 150
33 89
12 111
170 234
53 75
49 74
177 267
87 239
35 116
62 110
251 268
85 91
156 273
21 184
115 118
181 266
23 189
51 253
186 273
187 240
100 289
14 277
253 256
64 291
121 179
125 154
147 291
172 268
152 200
15 245
23 179
212 281
85 202
88 218
58 105
28 159
43 94
50 188
253 296
94 170
0 132
31 295
263 291
191 203
168 201
191 259
80 240
155 282
73 77
70 136
151 231
25 295
183 194
128 242
188 274
72 164
159 274
17 103
59 175
95 261
220 260
38 92
212 245
74 290
19 196
2 178
47 173
27 293
108 207
288 297
152 181
69 207
64 225
277 291
36 290
48 86
176 210
140 174
121 214
192 216
94 162
194 262
19 274
128 255
181 295
115 177
200 298
22 264
275 299
7 11
145 289
59 251
21 251
142 178
146 217
35 80
281 293
12 42
49 255
189 192
97 121
4 297
26 120
13 95
20 78
107 119
165 218
123 186
53 170
80 87
167 199
192 219
13 149
156 257
63 201
45 160
23 49
143 157
128 222
206 290
149 242
77 107
68 200
290 293
73 253
129 205
49 241
142 149
106 114
177 298
44 60
83 89
273 278
220 268
162 231
9 118
21 238
66 261
228 267
109 192
133 172
21 210
25 27
25 180
254 292
44 121
75 267
53 94
15 292
73 224
191 229
233 251
129 246
17 109
209 213
85 271
94 181
159 173
91 206
161 251
72 83
158 257
51 91
84 263
88 118
48 60
45 280
51 161
120 291
23 205
82 294
42 176
175 201
102 134
53 292
4 177
269 285
0 55
105 174
89 165
121 274
25 262
34 253
57 197
210 279
103 253
31 208
10 154
165 199
63 264
240 274
12 268
75 261
12 118
153 249
275 283
245 274
9 52
250 251
118 161
229 274
114 189
5 21
199 222
14 220
186 246
7 206
10 20
23 281
139 283
122 228
203 258
11 120
123 264
13 82
284 294
56 151
113 184
135 224
87 196
202 273
142 209
179 205
213 229
68 228
196 208
154 243
111 115
75 217
238 282
210 274
18 277
177 213
101 132
100 271
2 49
192 245
176 263
97 193
77 89
13 285
8 285
149 192
123 161
113 276
144 186
140 173
69 257
86 141
112 272
57 241
204 216
65 286
127 149
142 163
165 180
57 171
47 81
57 218
114 212
52 296
253 287
125 174
94 97
12 206
69 253
16 286
2 209
51 59
181 246
46 222
145 178
103 259
74 244
68 157
64 240
228 261
69 135
53 163
117 284
106 122
122 138
32 144
192 195
73 91
65 193
120 123
262 275
134 207
101 203
42 116
19 129
22 89
75 265
1 4
126 245
67 107
151 208
199 294
34 144
59 206
22 268
154 233
87 281
57 97
129 226
203 218
30 243
274 297
101 275
95 104
108 169
130 246
59 241
164 203
126 223
55 78
107 142
187 256
16 23
183 226
178 286
257 261
175 284
32 114
79 283
78 140
113 199
29 71
123 154
78 151
207 250
57 208
95 101
14 125
112 249
98 103
60 127
55 111
97 225
87 176
209 279
6 74
77 230
84 104
201 255
151 214
162 174
260 264
26 270
134 141
27 244
207 284
57 96
154 262
21 101
30 282
80 89
57 62
161 166
67 198
116 165
31 270
39 283
9 47
9 188
89 195
180 184
241 296
258 276
49 95
111 178
32 191
89 267
5 133
2 203
170 253
68 275
108 253
0 258
20 169
117 240
161 177
157 297
25 118
115 266
74 226
144 158
163 169
226 299
1 48
53 129
224 250
29 177
39 110
31 230
111 222
148 272
99 197
129 270
222 296
49 236
80 274
195 207
207 295
43 121
3 260
97 184
178 253
63 114
96 269
81 146
18 295
105 170
244 287
140 167
35 76
10 268
208 227
203 205
79 186
147 298
82 147
35 83
25 249
47 150
45 296
64 180
285 291
234 236
24 126
60 155
175 202
70 110
27 102
63 106
188 240
75 211
223 288
25 73
35 70
70 215
113 186
172 253
101 277
8 298
37 200
159 235
38 62
127 187
45 131
71 243
206 234
146 209
223 246
282 283
105 294
232 249
254 270
105 124
103 284
21 132
56 68
170 233
158 172
41 298
217 293
10 199
61 197
96 234
231 280
181 253
212 275
17 187
99 171
173 284
245 281
104 178
14 151
50 201
55 267
219 246
145 171
229 232
43 215
33 195
60 95
160 177
18 102
196 263
52 135
141 287
66 243
173 240
187 263
92 134
73 84
118 179
198 289
184 206
113 283
44 95
260 274
31 255
128 203
264 294
188 255
3 73
131 243
94 246
90 130
267 280
98 164
146 205
48 52
31 141
218 238
127 230
134 212
40 261
8 90
4 45
59 196
27 171
3 117
174 185
154 208
124 152
5 51
53 81
103 222
73 137
16 160
4 72
17 202
165 292
25 221
90 273
261 281
53 284
130 227
90 221
74 133
138 214
177 295
244 280
81 270
106 130
255 299
120 179
257 292
93 134
74 230
95 283
110 225
84 262
68 148
210 282
38 87
0 67
63 225
182 212
87 137
19 212
9 256
103 276
90 258
229 237
92 294
8 162
176 230
86 156
247 265
229 292
45 99
33 218
5 257
169 171
76 232
52 177
87 267
63 69
57 204
119 161
37 117
26 101
118 175
100 273
202 217
16 92
62 247
50 205
120 273
4 257
1 45
23 64
114 280
27 173
151 290
116 252
16 291
123 289
40 91
235 244
109 191
50 211
148 170
27 236
118 193
83 119
106 290
156 235
138 160
183 289
151 299
219 294
42 117
133 209
205 209
70 121
148 171
33 297
93 269
159 215
83 257
17 70
114 156
49 231
134 145
49 139
53 91
8 14
270 277
98 219
68 92
21 126
114 117
147 245
77 114
104 212
72 121
35 238
29 266
175 287
88 100
66 205
127 180
209 220
149 191
59 293
11 80
119 180
19 246
75 125
185 281
9 40
75 103
184 247
93 287
111 245
75 230
7 150
109 122
216 258
14 275
77 251
55 123
53 258
83 194
79 129
65 169
89 220
88 296
89 104
75 268
34 151
198 236
7 158
59 127
202 210
143 160
15 37
144 296
61 169
10 65
33 113
98 189
174 254
157 288
55 77
277 287
62 88
114 131
213 269
100 167
231 295
80 246
76 85
143 254
189 260
16 222
114 126
80 111
269 288
117 121
76 98
105 191
238 271
22 151
174 292
70 223
150 170
7 222
117 278
13 167
29 129
141 255
143 253
36 184
157 274
1 50
241 245
16 130
122 148
190 218
60 98
20 121
99 119
132 137
18 19
160 161
57 274
10 165
191 241
226 242
153 235
35 171
19 251
157 194
255 289
6 110
27 126
216 262
10 33
224 235
209 245
111 281
271 274
2 190
20 296
116 173
284 287
208 287
58 118
47 233
73 240
153 210
66 172
69 76
0 202
33 213
65 184
7 120
28 74
168 242
152 253
214 229
192 287
32 125
87 157
65 297
10 183
80 221
12 178
64 84
50 80
98 146
157 286
61 266
134 237
3 243
39 285
157 283
24 241
111 160
98 226
109 160
81 161
225 241
77 259
40 290
127 140
114 238
204 297
227 287
90 282
181 230
19 139
44 164
25 80
207 230
3 68
39 164
32 149
90 161
110 132
201 289
139 272
21 155
82 95
8 237
117 290
119 188
181 283
232 261
60 192
63 192
12 283
213 280
68 122
74 178
254 275
219 226
75 166
13 299
60 209
78 251
102 122
267 284
157 251
218 245
143 189
207 281
225 261
121 293
83 195
89 223
142 223
67 89
67 269
155 179
127 158
229 257
276 280
189 213
211 228
71 107
89 152
77 279
102 152
122 238
45 47
27 270
95 188
112 209
214 267
88 93
98 177
22 209
74 288
2 98
206 251
126 155
47 157
149 233
9 55
108 139
153 167
79 93
14 191
2 280
143 210
73 139
147 241
48 67
187 198
0 156
46 203
105 270
86 244
78 239
157 163
84 177
87 100
10 157
230 282
201 223
130 249
17 290
164 200
56 208
164 254
73 260
117 285
43 71
61 122
63 277
31 147
132 206
116 286
194 216
96 98
139 228
97 182
297 298
46 206
54 211
66 160
36 145
132 183
268 296
83 254
37 273
180 283
169 269
116 296
146 238
129 212
61 75
11 125
110 111
31 217
73 243
109 283
140 218
160 241
247 266
244 292
279 285
172 206
220 248
22 186
118 286
16 245
79 100
70 211
101 189
128 262
96 163
124 236
65 81
97 99
65 93
91 102
72 263
8 72
83 235
54 259
27 121
48 132
12 275
10 72
134 175
8 60
157 252
17 108
2 199
126 171
179 215
150 199
14 210
136 256
95 109
182 294
157 195
6 206
182 281
42 92
96 190
50 251
36 250
80 165
31 268
67 282
76 241
170 178
136 280
18 26
26 221
32 227
179 209
24 266
209 251
120 202
259 286
208 209
22 41
42 126
72 194
14 25
247 270
106 244
270 279
5 176
38 175
12 56
199 263
20 265
218 225
58 126
132 186
175 292
207 252
6 177
199 250
35 179
211 273
236 269
14 26
79 144
44 83
42 48
12 116
25 226
139 212
58 225
102 233
132 185
61 108
111 137
59 136
4 105
31 125
1 204
97 166
266 299
11 265
202 204
13 250
181 235
13 115
121 276
126 258
139 274
26 275
82 85
132 262
165 185
31 219
270 283
0 298
281 290
192 236
194 246
127 249
116 129
2 192
12 231
38 96
181 258
142 173
38 195
28 114
63 70
84 120
63 118
106 108
107 201
83 287
223 231
68 85
1 98
51 97
62 188
30 61
204 225
152 284
92 222
47 228
94 163
46 256
170 204
116 124
11 155
207 235
86 292
55 139
106 142
83 236
18 168
125 144
243 296
87 109
157 270
16 64
72 114
72 242
19 188
30 66
25 95
17 181
18 72
72 212
8 231
151 295
78 192
74 276
138 240
161 211
27 119
44 152
61 63
40 180
93 136
111 205
69 275
142 235
166 188
202 235
18 281
46 127
55 68
184 268
31 231
110 198
50 242
112 262
5 55
44 150
243 249
13 64
225 249
165 206
161 167
100 185
194 280
249 284
100 168
183 269
150 293
8 109
14 166
58 63
58 69
60 82
122 285
29 83
150 251
2 242
136 188
172 282
134 137
93 106
17 193
11 26
95 135
19 110
54 134
123 220
192 280
14 257
17 41
95 219
37 44
222 232
173 256
91 250
143 195
171 290
82 242
136 152
73 76
11 20
105 269
87 123
62 182
42 106
264 272
38 145
247 273
116 208
77 197
92 224
24 148
106 135
90 287
219 243
6 60
166 291
78 275
89 289
13 83
100 286
73 130
90 233
183 189
165 167
27 191
50 156
45 150
127 262
51 170
79 128
169 249
168 262
5 64
105 247
102 129
35 178
119 220
284 298
50 83
133 160
10 258
137 178
273 281
7 153
75 281
80 270
97 269
185 199
115 151
71 234
205 234
262 270
45 203
72 115
30 230
160 178
203 219
142 227
56 254
183 235
235 258
15 32
252 279
130 283
67 218
53 253
175 216
76 130
13 148
244 297
175 231
104 150
78 298
129 187
117 253
122 240
75 138
25 106
210 237
190 278
205 263
91 106
87 120
85 240
116 223
260 272
255 271
30 276
72 152
199 216
42 241
32 95
58 185
238 291
25 150
31 110
65 123
4 190
266 275
197 296
251 269
148 167
168 243
161 226
76 215
168 171
237 281
97 183
12 263
77 125
44 194
0 48
137 266
34 75
26 262
4 163
224 245
106 158
202 234
73 123
73 157
190 228
10 77
25 126
90 203
186 203
150 203
286 287
61 170
77 139
84 99
54 257
256 295
120 191
8 193
43 256
85 169
33 227
113 274
140 151
13 62
35 264
103 298
98 112
218 240
55 235
175 299
55 254
1 99
142 262
9 48
42 63
27 188
141 279
171 214
44 228
9 233
15 231
112 179
81 104
98 137
39 273
147 188
200 242
182 209
290 297
69 251
185 282
152 262
80 138
16 147
70 180
26 151
124 285
40 76
97 228
77 223
175 268
19 202
9 84
88 199
130 137
93 122
41 276
100 173
166 168
20 288
46 48
33 192
171 232
20 162
85 213
97 233
116 261
97 135
86 177
60 275
16 101
88 253
189 254
121 209
169 243
135 256
179 255
119 169
84 199
254 297
17 267
152 165
43 117
54 291
51 266
166 204
6 283
157 172
13 278
134 256
90 199
143 206
14 21
75 272
82 99
21 116
101 187
21 270
12 230
25 33
13 289
146 250
238 263
72 176
127 271
166 214
86 235
213 232
31 207
281 295
149 200
168 221
119 150
196 285
15 183
140 172
81 142
19 70
157 246
91 180
57 125
46 211
278 292
125 251
62 172
232 262
21 152
193 235
2 272
89 237
39 281
120 161
32 139
229 282
107 212
10 91
18 83
143 289
51 87
16 71
65 89
52 224
278 282
24 124
63 216
105 129
184 281
75 113
65 94
30 110
40 201
37 220
63 81
176 184
131 299
249 273
1 223
254 255
77 79
141 222
51 237
77 218
164 204
35 259
65 66
20 160
80 158
109 239
79 124
36 125
12 52
8 179
256 266
139 188
76 149
239 278
46 156
82 235
53 115
27 199
57 73
108 234
56 297
173 271
8 187
50 240
20 229
0 286
139 238
139 226
165 268
14 170
73 105
148 188
48 158
216 284
76 157
206 218
184 190
71 79
182 198
11 270
63 163
101 256
182 255
223 293
99 163
173 237
20 138
113 230
81 186
95 214
157 185
2 93
75 133
25 165
15 228
179 295
3 292
32 247
77 237
88 222
159 292
12 13
49 127
243 287
209 260
85 94
211 221
128 270
286 298
45 57
101 217
37 100
22 79
71 126
191 233
136 283
18 131
40 53
149 187
112 190
211 293
102 199
168 256
57 203
3 221
0 146
24 25
10 124
12 216
286 293
143 264
235 265
69 166
122 260
31 35
24 173
124 246
126 254
81 292
63 213
84 210
161 266
142 234
154 217
137 297
154 181
2 232
73 107
104 262
187 194
180 192
6 11
55 198
139 262
223 269
172 287
136 158
59 129
61 283
198 276
32 209
16 104
177 212
175 226
33 69
166 213
177 261
160 271
110 233
85 98
241 273
70 256
17 33
61 105
137 267
23 72
205 287
1 81
35 213
131 150
164 248
61 220
46 76
82 250
0 168
48 293
56 141
63 226
74 220
41 288
11 109
14 165
167 298
95 263
202 246
147 202
162 208
174 238
254 257
240 254
40 177
18 247
62 96
170 245
282 285
48 181
98 157
48 253
2 61
208 251
165 205
131 168
122 155
88 95
128 265
127 135
36 231
33 189
154 223
18 170
66 118
51 276
152 216
229 277
154 232
111 238
97 158
243 252
83 281
99 161
101 286
137 289
178 217
123 222
154 292
45 272
97 110
26 248
1 229
55 207
45 213
10 19
14 204
14 237
149 165
98 250
87 151
121 139
18 113
172 244
42 105
196 215
145 191
192 241
49 126
40 99
50 102
117 236
86 287
34 86
88 186
173 280
7 191
3 93
115 199
45 64
166 236
160 209
87 180
55 127
202 230
106 191
93 99
133 277
117 179
19 105
78 97
48 243
82 216
179 194
60 280
168 241
48 272
28 181
80 156
35 237
95 138
226 237
120 122
222 225
24 273
158 217
111 241
38 221
223 258
162 196
6 191
129 139
99 118
174 237
152 213
102 226
100 107
231 274
19 205
174 224
166 177
37 267
87 261
2 225
209 284
38 193
123 292
49 209
122 281
207 253
60 276
7 250
43 54
1 201
73 126
2 175
44 265
183 270
226 247
185 187
130 231
106 225
122 134
103 155
9 108
62 285
70 220
16 288
124 189
17 249
67 244
3 163
25 209
47 187
273 284
74 204
52 115
63 289
93 299
79 155
51 285
67 153
136 214
34 102
133 158
94 197
156 282
108 281
96 113
176 212
85 203
146 230
202 277
138 239
29 115
96 264
21 231
175 285
118 265
33 162
212 217
159 246
55 238
19 288
125 166
65 222
56 177
42 246
71 116
81 113
134 220
12 205
10 29
43 75
191 287
12 102
138 286
93 294
34 76
112 295
87 160
60 268
102 264
132 214
27 226
146 213
162 277
103 224
6 230
250 267
217 280
104 203
118 151
48 246
161 185
45 241
0 1
13 264
156 279
82 96
7 62
221 280
91 135
145 150
65 164
34 152
144 256
14 290
38 107
13 45
251 254
142 251
8 208
216 267
194 298
30 178
21 115
12 165
223 282
75 177
16 73
6 84
140 243
45 153
288 296
131 159
219 248
39 267
135 226
83 185
13 173
40 215
35 132
114 282
86 131
55 170
189 195
113 234
48 154
208 283
283 285
76 179
15 250
2 34
200 227
47 168
20 82
0 73
93 167
107 179
50 162
49 239
110 214
158 226
68 261
105 118
244 298
181 194
265 280
28 163
183 185
162 238
7 8
105 115
186 207
30 287
140 146
124 254
74 298
81 180
61 219
276 284
8 297
1 161
36 187
96 251
105 125
230 258
197 272
2 189
35 236
142 242
193 212
17 49
114 197
33 131
107 258
69 256
70 167
169 204
257 265
122 217
95 116
5 166
97 155
93 292
5 97
114 185
54 299
63 185
22 32
44 153
30 264
199 223
220 233
127 216
39 67
96 184
186 263
189 283
34 118
215 275
39 212
82 146
145 211
83 295
180 219
148 249
124 144
64 200
57 117
124 243
39 208
60 94
2 129
36 172
105 140
69 128
26 222
33 119
28 109
39 41
229 288
53 185
1 241
58 162
38 244
18 284
99 112
38 153
211 241
51 69
25 168
95 201
144 257
235 281
210 298
236 276
15 217
27 234
45 268
119 270
8 157
150 272
161 271
74 249
169 283
78 99
70 296
35 103
86 283
14 259
22 81
11 176
11 255
245 279
0 215
98 209
122 276
112 299
35 61
18 74
225 282
52 97
184 273
155 257
221 270
216 292
55 145
56 66
1 100
97 153
247 269
114 297
69 226
156 296
39 122
21 175
24 100
73 125
208 281
82 231
51 254
9 275
31 196
48 127
33 276
54 201
96 103
99 294
86 253
128 274
107 126
152 233
112 251
34 266
43 220
71 85
33 282
102 161
81 187
35 138
113 241
44 103
149 210
163 196
222 235
43 95
48 247
28 299
111 294
85 207
170 266
0 278
80 203
37 162
0 268
72 261
165 227
58 127
6 76
42 64
85 228
84 187
79 196
165 233
103 251
87 133
43 252
80 233
152 218
83 247
5 131
207 211
63 253
271 291
91 182
71 175
121 150
71 106
67 226
58 207
59 62
25 250
30 228
10 198
9 234
14 192
24 77
48 198
120 289
230 243
52 216
146 288
158 213
266 268
78 120
30 70
10 155
152 217
138 208
227 242
203 293
186 280
84 123
28 243
125 258
42 239
62 85
82 221
100 298
171 189
178 272
85 293
34 146
3 295
282 284
240 289
175 275
98 220
0 12
94 189
33 258
65 118
116 294
166 235
39 96
33 259
179 237
41 215
30 219
194 207
127 257
45 269
127 139
138 159
142 172
211 290
208 257
74 158
192 198
152 222
156 231
162 198
93 291
64 77
21 285
11 30
56 164
0 44
195 211
119 234
53 145
13 109
102 267
46 139
62 217
148 250
200 218
10 64
140 191
128 264
177 191
41 295
47 247
137 194
71 258
13 63
174 216
70 77
194 268
111 169
30 119
1 260
20 22
65 211
214 245
91 228
137 223
84 185
22 31
94 280
62 271
185 224
165 193
54 276
173 275
276 288
63 245
93 157
39 277
69 137
60 176
12 254
28 134
43 114
122 140
237 261
163 238
28 122
131 228
56 158
45 101
160 280
137 256
19 145
247 258
205 264
91 260
55 293
167 205
218 247
104 110
156 278
39 190
206 247
60 250
44 137
117 167
93 189
136 269
16 148
9 60
17 256
177 203
33 235
66 144
12 256
235 270
185 255
30 299
74 241
192 255
49 108
101 269
141 169
126 231
108 270
29 258
147 193
154 257
59 228
10 27
101 111
4 66
45 112
115 178
37 268
70 190
196 206
225 281
164 174
70 125
132 229
60 160
40 239
122 151
40 126
86 218
85 291
16 28
106 164
258 296
194 234
117 182
98 101
160 265
24 285
36 156
214 248
254 268
91 239
158 279
76 269
117 260
134 213
19 40
50 299
37 67
193 236
34 79
12 59
100 116
30 267
100 236
37 39
79 195
48 70
23 240
9 288
100 127
46 265
64 185
92 150
16 156
133 261
8 229
108 215
4 217
199 296
22 251
26 96
157 262
15 88
75 259
16 59
254 282
70 157
2 219
235 273
158 234
120 167
88 215
27 184
92 279
44 232
1 29
15 70
137 186
103 145
119 212
219 257
101 166
72 289
14 168
27 60
1 180
246 268
20 25
113 153
4 85
5 209
166 279
20 105
117 175
2 81
259 295
52 148
94 178
46 273
33 108
109 125
123 265
78 286
149 231
99 153
60 68
211 287
92 208
94 159
42 206
94 106
106 284
79 188
112 260
78 158
116 232
219 267
40 138
27 49
27 66
32 119
27 243
69 265
71 149
215 256
104 107
87 190
153 252
63 202
82 285
0 198
270 271
108 165
11 192
90 209
10 293
37 209
227 289
138 158
126 298
146 158
282 286
100 187
2 238
20 250
250 287
9 218
83 274
169 285
27 130
37 76
37 124
16 37
3 67
202 215
197 225
25 188
84 178
27 35
66 198
37 168
63 76
3 297
30 49
128 177
4 119
266 298
36 224
126 275
66 201
37 52
131 244
124 194
162 197
25 62
65 225
23 26
147 151
255 267
207 222
76 265
53 257
0 7
57 179
34 258
138 245
47 242
172 269
136 218
86 199
63 244
16 19
90 164
97 222
129 183
19 200
28 205
35 63
121 136
73 82
120 259
24 228
212 292
78 147
111 143
142 180
214 284
96 136
81 279
17 153
222 231
181 237
179 269
0 68
90 125
102 150
226 246
30 290
138 229
2 121
124 263
38 182
80 226
285 292
97 230
136 282
165 278
67 108
80 106
45 163
96 183
144 217
237 269
119 232
59 231
201 286
64 262
49 229
147 255
237 268
213 219
79 135
32 267
34 182
27 260
3 250
48 288
69 107
23 219
35 145
127 285
137 240
26 105
22 229
201 262
149 287
19 280
116 218
96 299
4 108
59 78
47 180
19 285
183 203
106 240
10 243
36 233
101 162
63 110
63 97
132 168
16 66
122 131
124 261
115 125
52 70
8 158
10 70
102 243
158 203
20 158
18 221
169 282
17 37
114 135
53 298
99 164
31 172
153 224
82 284
106 216
159 236
16 191
36 69
209 291
205 243
60 294
58 196
47 108
205 276
67 96
193 218
20 224
194 244
130 230
46 79
36 67
52 257
27 259
140 168
18 45
112 130
39 222
78 138
115 201
60 132
120 153
14 36
149 166
245 280
33 212
48 170
7 86
197 226
175 267
24 39
97 115
13 228
95 254
121 264
96 297
169 181
1 217
151 183
84 180
48 131
179 214
52 218
167 238
30 114
205 284
170 271
66 176
115 297
24 178
26 284
147 220
177 231
60 100
32 66
250 292
118 230
170 201
4 96
7 54
25 252
105 143
102 180
32 295
212 267
120 163
195 272
16 186
57 198
68 247
10 95
17 72
174 247
52 117
18 50
29 155
7 187
76 290
44 67
231 254
164 278
102 178
76 295
211 294
144 221
89 269
134 239
3 238
105 183
145 212
33 112
154 289
85 152
135 160
139 249
66 103
134 142
15 180
39 288
8 269
227 260
142 165
74 197
9 156
1 3
167 222
86 263
22 291
48 234
49 178
73 244
152 259
87 219
126 139
161 208
186 187
80 121
53 247
209 277
32 257
231 262
101 200
246 274
46 92
208 270
95 282
215 299
54 293
133 219
179 232
46 118
66 167
119 198
167 227
80 176
43 260
107 160
105 144
186 288
94 151
10 246
128 277
122 297
7 15
53 147
185 214
135 272
85 139
63 218
67 75
174 261
157 287
31 173
182 197
19 207
148 180
178 185
29 146
46 284
134 169
106 260
120 298
15 65
28 195
182 292
23 237
55 134
42 138
274 279
68 296
247 267
77 283
13 211
25 153
18 210
30 190
177 218
156 159
253 266
84 92
49 119
63 170
63 167
137 245
46 150
156 251
49 161
243 294
180 239
158 220
57 131
10 66
108 149
273 294
75 193
8 113
71 82
118 225
134 284
121 159
60 283
107 208
200 278
199 287
58 96
82 124
159 232
132 232
177 226
91 207
204 238
9 123
38 101
22 179
1 235
36 142
14 206
42 245
152 265
28 253
12 32
10 137
97 242
153 180
1 276
40 241
77 173
62 64
48 226
164 262
28 284
16 46
110 188
146 216
252 280
222 240
49 93
102 103
143 251
257 269
15 195
5 179
2 237
18 283
171 283
129 180
139 295
59 120
247 299
42 49
144 197
152 266
47 293
217 262
4 284
62 157
66 216
3 45
168 216
108 168
215 280
214 228
22 279
115 271
111 162
42 201
257 281
87 269
56 296
189 216
144 196
71 228
34 218
104 190
202 298
116 206
109 133
87 256
20 120
20 222
1 163
2 231
23 279
110 212
26 195
69 144
192 222
72 141
228 278
83 180
278 289
49 87
136 174
95 195
9 115
169 224
100 117
192 226
79 89
26 156
167 277
90 170
148 283
66 222
80 200
107 129
39 282
18 135
27 229
171 251
198 229
29 63
28 119
11 220
195 267
47 129
147 288
229 239
270 299
126 199
78 128
49 81
0 247
62 115
28 133
84 87
71 285
62 151
34 104
123 214
95 229
129 222
83 203
68 106
194 202
5 32
22 55
74 113
54 228
135 190
61 277
184 219
14 281
35 170
1 15
293 297
96 268
126 179
171 246
126 285
43 140
162 210
76 150
256 289
4 231
65 91
62 208
1 275
145 163
89 191
160 185
38 211
116 134
154 284
124 260
197 223
38 99
27 299
3 55
120 219
121 261
57 246
91 209
50 220
34 132
245 287
103 170
80 206
92 257
82 206
15 120
5 66
113 200
69 210
64 241
25 181
62 127
23 134
106 271
60 238
3 160
135 216
200 279
47 132
73 189
25 113
54 183
170 287
196 239
48 82
14 71
140 241
129 179
184 252
92 220
19 210
50 146
30 163
97 236
211 271
13 26
22 196
13 22
80 279
145 220
220 274
151 224
210 295
145 229
206 291
32 69
73 129
44 57
40 70
71 122
44 261
26 215
118 246
106 263
78 218
70 238
55 200
65 200
23 130
214 243
16 144
43 201
112 136
23 235
74 146
6 87
242 273
60 166
24 220
23 138
13 103
158 260
78 214
96 110
101 105
105 173
199 285
241 275
68 220
121 226
115 155
73 252
172 175
62 201
16 75
111 282
153 273
6 130
130 192
3 4
49 204
288 291
209 231
104 111
18 187
139 219
92 146
63 190
96 178
143 164
5 6
198 210
31 80
161 216
24 221
74 164
152 177
108 117
113 228
53 212
131 246
60 277
125 280
175 290
42 47
181 292
212 257
73 173
73 97
146 289
23 171
40 194
7 183
95 268
112 215
109 278
5 7
38 169
185 211
213 279
147 258
215 271
59 96
140 185
194 287
117 226
62 120
158 246
178 180
72 145
153 203
22 131
16 241
206 285
243 295
19 53
165 210
51 115
50 61
28 38
152 231
89 149
29 98
19 192
73 165
16 227
68 147
1 61
216 287
263 267
21 230
141 282
150 186
244 288
34 211
16 142
186 217
3 246
220 297
288 299
49 164
68 287
89 162
27 163
12 107
67 276
136 141
27 170
53 206
0 64
45 209
72 129
71 94
169 291
71 270
111 155
35 38
81 128
198 244
207 262
51 275
244 290
111 161
23 164
67 88
28 216
185 288
209 280
111 130
100 178
46 138
179 266
18 164
123 226
178 226
221 253
64 170
82 193
201 280
33 249
219 281
190 289
101 251
20 274
88 172
134 204
10 170
13 29
34 188
7 265
114 260
186 284
20 76
108 229
263 273
57 254
47 234
185 196
200 268
159 288
63 140
174 202
239 286
127 290
37 293
2 275
29 78
258 295
239 268
48 273
207 274
147 170
47 144
55 138
87 278
13 171
157 233
164 252
131 229
207 267
124 209
153 294
164 279
10 189
79 285
97 227
207 293
46 274
49 114
76 272
9 127
129 132
58 226
185 263
77 140
72 94
45 186
114 261
176 217
151 297
0 161
69 224
198 293
94 167
64 295
66 192
5 195
76 283
6 39
135 168
14 231
259 277
73 201
118 238
2 89
115 163
39 89
135 284
203 290
54 229
256 298
74 243
249 291
159 166
97 137
96 173
126 222
117 245
224 258
112 139
100 204
79 194
0 164
30 212
51 286
156 177
157 277
43 188
193 294
91 114
71 240
13 188
237 289
50 147
128 299
4 254
200 234
98 136
166 252
3 11
205 219
181 182
76 276
71 123
169 237
162 293
227 229
167 233
132 268
131 223
65 153
175 289
155 279
60 131
64 198
274 295
40 170
45 262
107 259
36 255
238 240
206 255
55 204
199 208
74 270
197 238
104 254
137 217
115 217
201 264
141 241
255 293
250 262
81 241
37 203
147 276
13 254
180 213
162 202
39 111
140 293
57 268
130 237
83 224
77 87
7 80
47 161
248 250
226 264
102 158
17 177
113 268
180 253
14 200
63 196
137 287
57 105
125 162
141 257
170 188
118 119
69 138
116 266
85 121
14 27
138 140
70 283
93 297
208 271
108 193
173 196
53 199
76 282
124 216
34 138
64 205
255 256
71 112
98 148
126 286
161 290
108 136
79 158
44 52
240 292
139 277
12 46
14 267
1 188
152 252
160 258
37 207
31 187
35 149
27 181
73 172
182 189
8 47
13 52
151 253
45 181
91 144
112 193
81 105
9 165
85 124
169 293
57 161
24 62
92 205
141 218
30 77
85 100
113 130
33 190
67 235
214 263
78 159
75 235
241 292
78 296
117 165
30 71
147 274
119 144
52 285
37 182
68 137
19 198
121 283
196 250
26 85
13 154
9 153
22 232
55 227
104 201
202 248
6 20
57 286
54 188
208 246
4 249
169 287
66 122
207 237
99 144
120 158
5 25
219 237
48 146
44 204
120 205
4 191
193 230
176 297
53 153
22 177
0 92
82 140
259 285
79 181
186 195
105 114
175 205
13 219
61 109
14 217
163 257
166 254
7 269
42 100
234 269
182 229
53 165
33 280
46 70
232 251
159 168
141 204
8 256
48 210
79 218
17 173
70 287
79 268
28 171
224 298
31 246
68 204
129 155
0 288
75 299
80 268
88 203
83 154
33 205
141 193
213 261
132 221
241 271
56 239
2 12
8 183
8 219
46 171
3 7
15 262
92 95
128 280
255 263
186 289
79 221
130 182
103 292
15 286
74 123
128 225
188 233
11 107
234 294
53 154
221 238
68 82
68 248
24 114
1 211
13 184
80 143
67 125
134 299
111 125
88 257
145 254
17 74
5 120
211 252
173 242
184 293
76 252
190 241
243 289
76 89
156 185
201 236
64 290
0 61
15 152
197 278
85 254
37 98
165 272
101 279
107 265
164 241
72 253
9 17
162 270
34 58
126 154
211 217
15 108
39 279
57 127
86 181
16 135
232 264
88 128
185 197
99 149
146 219
4 253
204 260
30 244
114 213
241 280
20 249
110 129
10 197
26 246
126 129
66 114
15 76
166 295
161 170
1 117
130 245
148 297
158 193
190 220
187 221
159 210
49 91
59 270
268 288
85 117
94 251
170 236
154 266
179 218
24 219
206 297
164 197
74 203
90 175
264 277
148 227
137 198
18 159
9 59
127 147
228 273
117 196
18 114
94 296
53 249
8 190
33 75
91 236
10 84
70 199
44 58
200 237
180 191
41 263
115 210
77 207
162 262
67 252
163 195
75 290
11 228
81 290
148 204
182 190
0 45
226 297
169 290
177 253
263 274
173 216
142 293
132 156
85 155
32 50
12 60
114 193
2 262
97 244
144 194
123 297
121 292
255 292
147 208
41 181
13 201
108 197
150 172
178 182
223 238
37 194
183 249
281 299
195 245
175 242
70 119
115 229
221 292
122 139
3 181
82 233
17 130
167 242
55 172
102 278
48 162
15 46
49 66
27 295
84 237
73 219
117 199
21 192
9 74
25 242
94 208
124 151
13 179
23 115
157 186
164 224
11 42
56 260
198 265
91 192
143 169
61 208
164 217
187 241
96 159
87 284
101 299
74 215
73 216
12 132
49 296
92 98
7 58
200 273
8 92
64 177
235 272
151 291
230 242
101 145
77 137
53 85
54 152
164 178
227 238
36 161
19 220
95 271
155 193
9 63
50 85
254 276
6 151
85 129
135 267
162 273
20 66
79 198
17 283
177 196
106 197
116 201
62 168
108 284
123 193
86 157
21 92
28 185
67 243
131 165
106 156
146 235
56 181
4 233
77 110
182 245
63 103
59 172
139 183
87 92
18 30
32 97
131 196
52 163
9 289
45 287
44 242
19 30
154 213
17 218
16 76
90 155
207 259
104 132
46 202
216 231
112 297
114 161
103 217
222 256
165 200
0 230
155 236
73 211
82 215
66 93
122 251
197 221
83 153
69 134
14 132
180 234
45 151
267 283
107 183
108 184
114 121
9 15
88 126
208 221
39 55
2 229
251 290
144 150
35 285
101 265
169 199
214 282
102 265
233 262
118 201
67 70
76 117
225 297
78 280
37 132
79 209
60 83
170 223
97 241
266 272
140 254
232 295
217 271
224 257
79 87
78 291
68 164
141 196
117 274
173 206
82 158
241 286
194 209
164 291
136 202
9 95
90 113
47 263
50 90
81 178
94 129
77 149
19 235
103 108
211 242
137 202
118 173
75 180
242 254
12 235
14 250
1 289
130 185
83 87
18 207
10 106
83 178
121 271
225 295
10 220
50 295
132 218
120 199
213 230
42 70
69 123
5 167
93 212
199 237
168 274
283 297
30 289
71 250
241 297
126 173
124 267
198 298
89 120
158 292
127 244
165 249
258 294
158 240
152 193
193 290
265 275
225 244
88 237
13 274
63 242
61 138
192 227
182 236
138 178
3 63
110 179
93 261
146 171
34 298
24 116
91 243
41 187
68 181
43 124
194 240
32 37
150 165
165 280
90 166
138 236
38 224
154 286
0 229
93 298
66 168
45 274
161 169
198 285
38 201
127 213
26 44
115 243
167 288
179 187
156 277
103 194
131 156
176 181
44 249
224 248
109 141
93 178
46 60
239 269
12 295
127 284
61 238
148 279
35 280
31 195
169 207
77 119
3 77
95 197
188 238
75 298
44 286
238 298
91 274
82 126
26 87
61 67
113 219
177 256
39 232
124 154
253 298
25 53
30 120
21 250
26 60
19 46
9 122
97 214
35 275
122 296
1 109
166 190
28 198
12 43
167 237
166 287
121 243
40 203
115 291
175 224
69 296
191 274
57 123
98 205
151 215
14 157
17 42
60 107
44 107
25 279
83 152
124 269
84 108
84 115
12 236
132 286
127 190
37 109
110 257
127 160
19 299
158 239
116 270
184 199
153 175
23 283
1 67
126 252
142 200
43 229
159 285
231 269
143 242
148 294
139 163
152 279
88 110
178 285
241 254
20 283
139 144
23 284
24 91
29 285
124 224
146 161
104 105
6 289
150 152
54 145
62 195
136 292
171 212
156 204
235 295
16 180
33 156
140 247
2 292
93 150
135 158
60 156
39 53
166 223
37 61
105 250
17 121
74 277
121 253
21 209
118 154
154 162
110 164
260 299
74 134
134 168
222 226
52 201
114 283
140 238
64 95
10 185
117 215
10 176
139 164
53 294
18 105
18 269
38 204
130 229
12 281
73 95
135 211
33 149
34 64
41 240
261 287
31 94
63 92
101 261
6 158
63 188
121 272
58 216
97 246
29 196
282 299
145 201
27 137
40 243
89 124
71 268
173 205
63 230
231 281
119 151
143 155
240 241
49 259
10 201
32 46
111 211
8 151
274 296
201 277
199 259
219 292
2 37
197 243
184 245
138 150
56 149
200 258
159 284
56 123
147 240
29 50
1 77
24 278
99 289
106 281
18 108
71 262
6 16
146 196
98 118
21 154
1 132
214 261
103 262
43 180
126 292
156 281
225 262
15 243
86 123
181 205
103 154
110 227
74 191
97 237
69 95
57 151
35 254
64 134
205 290
5 112
125 180
83 250
61 104
190 238
48 177
120 170
123 159
217 218
16 275
23 99
95 157
12 200
234 257
111 177
127 137
194 198
185 232
140 161
62 233
56 281
198 221
202 275
2 19
42 218
68 251
169 203
81 155
266 297
69 247
98 140
202 211
140 176
162 167
78 181
48 221
75 275
34 143
182 276
207 234
72 92
91 120
193 270
176 231
54 186
139 194
1 114
113 244
34 234
261 292
157 161
5 240
174 243
33 132
20 268
92 212
37 256
182 239
213 236
53 177
182 291
54 295
41 287
31 82
54 243
46 240
0 183
34 220
67 293
54 107
157 198
71 113
235 253
105 149
34 242
176 202
8 78
65 224
6 101
97 156
1 37
54 202
175 273
40 140
168 246
77 199
144 270
48 276
32 218
82 286
146 212
47 70
148 278
127 128
56 182
164 259
137 236
128 186
106 230
74 129
100 126
76 101
134 226
9 46
172 192
219 273
251 263
68 143
78 124
13 135
73 184
114 141
115 244
44 237
39 241
168 172
97 229
137 206
21 36
13 46
31 201
112 268
253 274
21 158
122 262
46 249
182 226
163 264
118 145
24 56
77 282
60 295
144 176
248 288
112 223
194 293
181 214
125 147
126 216
151 194
53 210
14 129
89 132
146 274
8 156
269 275
55 203
4 113
225 243
237 279
160 171
144 203
28 62
30 292
181 260
141 238
80 167
136 289
111 175
258 282
67 123
10 286
17 48
219 299
116 291
160 283
74 190
98 255
43 203
20 262
25 189
35 184
172 251
13 210
228 258
13 229
157 268
251 257
194 223
55 230
2 96
186 192
222 238
11 154
44 299
86 195
198 268
178 296
6 263
106 276
264 287
85 244
165 248
94 140
142 150
8 204
130 142
37 282
33 153
81 100
49 171
50 167
14 279
86 225
265 290
102 287
19 50
196 235
77 159
98 281
54 67
250 290
24 197
58 120
229 255
5 221
38 114
91 140
101 193
88 159
70 90
217 240
52 284
94 295
234 244
118 221
98 228
53 93
111 215
182 237
149 274
5 289
116 128
57 206
180 243
26 52
151 196
125 146
244 252
87 259
115 198
49 226
135 179
98 216
25 247
83 243
59 289
116 143
138 220
68 221
117 268
167 271
215 242
29 119
226 234
115 283
32 133
83 109
26 133
122 244
86 207
69 254
50 208
227 271
28 247
141 299
266 285
193 217
196 271
7 97
11 129
140 147
273 291
173 235
95 259
165 195
245 266
125 193
153 269
110 192
7 204
170 297
44 214
16 115
111 213
23 174
21 85
73 284
206 268
172 201
26 265
117 286
10 231
135 148
69 146
58 113
60 173
171 181
86 204
46 181
67 120
18 61
91 262
45 221
111 299
77 145
25 263
25 264
94 196
110 254
170 259
128 141
94 266
97 140
199 269
218 259
30 274
61 76
173 195
40 75
2 152
55 117
132 213
110 133
243 278
64 238
166 244
131 260
152 162
111 198
80 228
85 142
56 280
67 183
73 121
88 180
1 290
13 124
111 291
119 176
281 285
112 172
135 297
93 149
43 298
13 78
98 271
80 272
91 131
256 263
51 212
136 203
53 201
79 216
198 245
