250 250
118
100
102
73
81
49
81
82
35
89
75
45
111
55
72
79
99
102
96
40
116
110
80
89
71
53
21
21
21
39
25
119
71
59
24
33
88
37
47
103
106
54
81
49
89
33
109
20
115
37
40
63
79
52
84
30
86
86
31
87
105
88
38
56
27
42
21
47
112
48
30
50
34
91
80
55
57
21
56
104
90
28
100
49
61
64
59
27
30
22
46
67
90
64
104
49
38
105
76
30
86
86
61
52
110
73
88
99
74
24
35
44
84
115
73
25
60
64
84
22
66
110
70
36
106
106
65
25
43
21
35
109
39
28
42
81
81
62
60
87
118
28
111
82
23
116
40
115
60
104
118
106
47
20
74
33
106
119
38
29
72
106
71
92
114
45
53
76
87
46
43
85
54
87
47
109
35
67
57
28
104
107
66
31
107
21
96
93
72
67
54
77
53
105
49
99
30
34
55
49
112
31
114
98
50
94
40
65
41
77
25
77
64
72
88
103
73
117
28
77
64
62
34
49
48
115
28
110
82
116
40
74
27
34
105
109
60
25
106
82
34
112
39
30
64
60
113
69
109
21
203 233
147 213
96 206
2 4
35 128
81 235
28 231
177 201
84 193
48 126
32 131
102 154
109 131
146 206
112 133
65 71
70 219
131 175
18 135
146 177
14 22
79 106
42 108
126 159
52 59
105 186
9 190
38 49
243 244
47 105
220 230
23 199
40 154
160 226
5 141
158 163
20 238
121 164
30 198
0 41
89 146
30 39
7 77
0 181
81 174
154 208
51 231
194 205
181 237
104 230
13 186
58 245
103 117
51 223
116 147
154 237
12 193
119 121
122 152
46 224
182 233
52 137
15 109
81 104
40 185
79 84
50 181
5 137
48 212
57 196
63 78
35 192
6 64
158 230
38 129
72 244
131 181
143 189
145 212
35 249
114 229
152 160
104 157
61 66
66 109
129 145
87 144
2 237
3 218
41 160
97 154
130 215
137 154
23 201
49 59
130 201
25 205
129 143
112 204
31 196
63 193
59 160
0 132
61 136
73 218
167 177
80 245
47 217
149 173
51 169
222 232
7 33
176 177
141 239
37 232
147 172
185 230
58 214
119 185
5 100
130 193
24 125
71 125
92 126
113 244
29 78
63 85
114 188
29 91
6 176
30 66
73 148
67 132
104 112
103 213
109 148
93 133
23 70
57 218
153 196
81 226
19 84
22 141
133 232
51 241
158 219
84 124
117 191
81 216
46 69
7 44
70 239
93 141
50 59
61 108
143 203
139 186
14 77
147 161
59 64
70 241
33 115
2 154
56 120
84 102
41 230
110 111
72 103
57 131
5 118
60 91
27 113
127 200
104 213
16 127
28 118
86 163
85 240
166 243
102 212
105 198
58 82
69 154
13 126
18 138
81 244
78 210
130 211
65 87
66 94
122 183
36 121
121 137
111 155
115 175
7 63
31 192
100 223
88 198
188 226
72 208
20 138
32 231
19 222
113 148
38 184
75 87
55 224
19 48
163 232
91 194
77 78
33 153
84 177
5 93
22 51
144 180
42 212
61 227
184 228
26 75
14 215
69 150
41 198
23 190
214 237
115 144
0 64
94 150
84 243
99 209
131 147
189 205
35 94
102 130
115 230
129 205
105 195
50 236
156 241
10 222
227 228
116 144
16 227
164 238
112 190
9 123
71 180
17 50
152 215
