50 750
21
54
20
90
90
24
106
100
32
20
111
22
77
73
44
21
75
29
84
29
50
68
59
27
73
35
108
61
78
48
79
79
82
31
102
104
36
88
85
100
41
28
102
98
33
79
51
89
40
116
21 42
31 43
24 26
3 7
5 27
6 35
16 43
0 49
0 4
13 14
7 14
3 22
0 44
11 47
22 49
21 43
2 15
20 41
5 29
34 48
4 16
28 32
4 30
8 34
45 48
4 24
20 27
5 23
18 23
22 25
40 43
7 18
40 47
1 5
19 49
36 39
4 19
10 20
0 5
20 45
5 44
1 25
6 24
48 49
21 27
19 24
16 45
14 27
28 35
7 21
10 29
35 45
15 30
30 45
17 22
3 30
37 38
3 39
16 26
16 35
11 43
9 12
42 48
5 30
22 40
0 9
18 22
4 7
24 40
20 33
14 38
23 28
3 28
18 19
5 34
19 47
9 45
13 41
3 37
5 33
6 47
4 25
10 16
28 46
19 38
10 13
15 47
15 41
34 46
1 40
46 48
7 9
25 46
1 48
12 32
6 9
32 40
2 13
38 48
1 12
25 44
11 30
31 41
2 39
13 32
28 49
38 49
1 29
33 37
10 23
21 26
21 28
22 28
11 37
14 39
14 49
9 29
2 28
43 45
42 43
23 32
4 42
25 33
1 15
23 29
38 45
2 7
32 48
16 34
15 27
13 43
26 31
23 25
18 21
19 46
0 13
2 35
41 46
33 44
6 13
4 32
3 36
22 33
22 48
1 36
33 41
14 16
10 36
31 34
34 37
37 47
24 38
7 35
9 14
1 18
7 43
6 26
24 29
17 32
17 33
27 35
19 20
6 11
8 9
33 45
30 48
32 41
7 28
29 41
27 34
35 36
13 17
16 37
7 19
19 42
40 49
10 14
9 18
2 21
1 2
11 45
33 38
19 29
25 42
39 42
27 41
10 48
11 35
21 35
27 43
29 38
2 11
15 40
1 4
10 37
41 42
8 17
36 47
9 20
38 40
3 11
37 49
14 28
1 38
13 30
31 44
19 45
3 10
15 23
6 42
0 15
1 23
0 34
22 42
25 35
14 45
10 34
37 42
0 7
18 31
2 37
1 26
0 39
4 15
12 46
22 27
47 48
4 34
25 26
0 19
0 14
26 32
30 34
10 21
21 31
1 37
13 37
36 42
8 25
20 49
12 21
5 8
17 42
25 31
19 34
5 47
6 41
35 41
21 47
9 41
7 29
11 29
21 34
7 17
17 39
9 34
9 24
30 43
2 16
12 40
17 45
8 31
31 39
0 28
9 22
9 36
30 38
20 47
12 49
17 35
1 9
11 21
19 33
2 41
13 18
2 44
11 19
12 20
2 5
2 27
19 39
12 36
15 21
9 35
4 13
5 20
22 29
16 32
34 45
37 48
16 42
0 20
4 22
11 22
23 24
10 41
20 44
0 26
9 42
1 31
24 35
8 48
30 37
6 48
8 30
3 41
9 33
11 36
19 40
16 41
0 8
8 38
7 20
26 33
22 24
35 37
20 38
24 47
9 32
24 48
16 30
15 33
6 43
6 36
8 14
32 47
24 34
3 16
18 42
5 28
16 29
28 43
10 39
34 43
11 20
1 3
17 44
25 40
17 47
16 25
26 35
17 18
44 46
39 47
8 37
34 44
7 45
12 45
12 41
4 39
21 38
32 46
10 38
30 39
41 43
13 15
5 9
1 19
35 44
3 13
1 20
35 39
19 44
32 36
27 29
14 35
24 36
33 40
4 43
17 41
10 27
28 30
12 26
6 8
33 43
24 30
36 49
6 30
10 44
22 46
16 38
18 45
31 45
5 11
37 44
2 19
14 47
23 35
36 45
40 48
20 36
8 20
5 14
35 40
12 38
16 27
14 29
5 18
12 17
4 35
3 20
18 28
6 21
13 22
7 13
1 28
5 26
5 17
29 39
26 46
15 43
29 32
4 41
22 32
20 30
38 41
2 3
4 11
36 37
27 45
7 27
21 25
0 16
41 45
3 25
24 46
9 31
3 17
37 43
31 35
0 18
40 45
34 35
8 33
2 24
29 31
10 25
9 15
15 42
2 42
47 49
3 32
17 25
9 37
27 49
1 45
3 26
33 35
10 31
0 45
5 13
9 40
5 7
30 47
23 48
24 41
28 29
11 17
1 14
12 22
12 25
1 47
33 49
19 25
2 18
23 33
42 49
14 44
18 43
9 19
41 48
29 35
12 37
24 33
27 40
5 45
28 45
11 18
39 43
26 40
10 35
26 34
14 46
12 14
42 47
6 10
3 9
35 48
15 34
26 41
22 26
25 30
34 41
29 36
17 48
17 20
15 35
40 46
10 11
23 36
9 28
26 43
10 30
14 36
18 49
28 36
20 37
41 44
5 10
11 14
23 41
24 49
7 42
18 37
19 30
1 27
39 40
3 40
29 45
16 39
32 33
13 38
5 19
11 26
0 42
7 31
18 39
23 30
16 21
26 28
2 36
13 16
2 10
12 48
1 41
2 26
30 41
26 39
45 46
10 18
12 35
22 23
28 39
1 16
13 19
33 48
6 31
27 33
41 47
43 48
18 35
0 29
2 12
4 10
28 38
30 32
22 34
34 39
29 49
15 49
31 32
11 44
28 37
7 48
24 27
2 14
31 33
30 46
36 43
16 40
6 28
13 44
27 28
6 25
0 36
16 48
2 40
20 21
0 48
1 34
14 23
22 44
0 30
15 22
16 24
14 40
6 38
8 21
8 47
3 35
39 46
3 15
21 48
1 17
11 32
31 40
0 40
3 38
3 27
42 45
9 47
27 48
4 48
8 40
7 32
12 39
5 25
21 45
29 37
13 21
43 46
9 16
2 31
4 17
6 29
4 6
0 25
31 46
15 28
25 32
9 25
5 36
28 40
22 36
20 46
14 41
14 32
5 39
15 18
14 18
7 24
11 39
16 18
30 35
27 32
1 22
17 27
4 33
1 13
2 33
22 39
18 33
14 34
17 40
1 49
30 36
13 34
0 21
17 37
5 41
10 22
6 49
6 27
2 49
16 19
10 15
39 48
4 49
5 12
12 28
6 17
31 48
26 37
8 11
16 22
28 31
7 15
15 48
2 43
18 44
39 49
32 38
14 48
12 13
32 42
24 25
43 44
20 29
2 46
15 20
15 19
12 30
6 12
16 49
32 44
14 31
14 15
9 27
12 44
17 21
9 43
32 37
17 36
21 30
15 45
8 23
25 34
8 16
22 35
20 23
21 29
7 12
9 48
8 32
31 42
29 46
4 38
40 41
16 44
1 32
0 23
33 34
12 24
6 32
39 44
13 27
23 38
5 48
27 47
32 35
2 17
14 25
13 24
14 30
36 48
14 21
13 25
21 41
13 46
46 47
11 25
9 49
20 28
29 42
2 23
12 19
7 10
23 43
2 48
0 31
31 38
20 35
2 32
10 17
8 27
35 43
19 35
6 39
38 43
15 39
