150 250
77
83
30
113
82
78
49
89
35
67
57
93
72
39
34
31
88
32
50
110
50
20
102
77
109
104
30
77
36
38
47
45
101
57
91
116
67
20
85
82
67
22
108
119
93
22
82
61
87
65
51
117
65
34
26
106
70
36
63
38
106
42
63
40
79
86
36
78
86
101
41
33
55
81
84
28
35
99
69
102
44
53
52
41
119
58
28
21
27
71
39
65
94
34
85
105
101
53
116
119
86
89
85
21
50
101
29
117
80
31
100
56
116
84
78
67
22
86
68
81
89
39
27
115
105
44
53
86
78
49
86
44
118
51
98
100
32
59
97
45
22
29
81
118
93
39
117
96
57
117
44 82
11 32
76 113
82 137
125 129
21 87
30 39
38 86
54 61
31 148
70 85
59 108
39 89
37 105
44 143
110 127
140 142
40 118
8 28
35 51
59 124
98 122
57 58
118 136
18 112
18 99
130 140
58 79
65 71
18 64
11 129
2 94
23 134
83 120
64 73
118 123
48 142
72 105
50 110
64 125
30 45
14 21
25 124
2 97
21 39
51 63
7 52
105 127
44 75
108 113
51 133
1 82
56 126
8 26
16 35
47 143
7 80
8 120
122 131
7 72
70 143
25 97
127 130
24 108
90 132
9 73
62 116
22 49
70 128
39 105
121 138
30 87
95 108
63 80
102 135
75 126
11 125
55 141
102 131
1 94
62 113
18 80
119 124
44 102
43 149
22 149
83 139
41 52
17 84
24 89
3 52
14 66
27 69
32 109
102 111
65 126
23 46
47 148
52 68
67 94
146 147
81 90
44 135
69 122
48 62
8 117
74 100
33 128
142 143
10 147
5 38
29 63
12 85
3 79
23 116
114 122
62 71
45 56
9 69
28 123
88 118
68 90
13 25
58 98
17 108
56 75
21 49
6 134
33 85
0 39
10 11
82 114
61 126
37 40
68 130
10 98
59 100
69 72
17 27
96 130
28 36
21 77
27 57
113 143
2 14
77 143
9 65
61 93
70 101
102 130
72 140
51 131
22 142
19 53
39 85
67 116
24 39
133 144
67 107
81 126
11 21
8 129
69 82
54 72
53 73
7 145
43 110
88 126
81 132
21 107
68 125
92 141
15 135
76 134
104 145
58 65
37 126
97 110
15 110
13 20
22 67
108 132
43 98
16 26
89 108
83 95
80 89
0 118
15 134
15 120
73 102
78 148
13 108
77 123
98 123
38 47
15 48
81 111
97 147
37 134
19 90
74 91
137 141
2 127
13 79
11 76
59 89
22 137
47 114
2 137
2 95
26 102
15 99
26 55
63 106
47 91
67 82
40 122
17 59
72 124
50 97
58 136
8 41
45 57
32 55
52 111
64 87
79 102
7 65
7 22
1 70
54 69
68 109
78 127
28 53
102 125
5 88
47 86
33 148
6 105
66 118
8 55
32 139
59 97
67 146
118 119
38 74
3 101
16 130
20 56
