150 2000
60
42
64
40
50
46
64
41
101
70
79
117
23
95
78
94
78
118
53
42
107
68
57
32
84
98
23
36
72
31
26
112
106
70
84
88
49
81
109
30
83
20
79
86
48
38
112
58
88
46
80
27
46
69
39
110
47
94
26
99
58
85
43
44
35
60
64
64
21
53
26
84
106
86
103
86
56
95
24
24
73
84
83
51
85
103
42
112
29
100
43
67
117
66
91
33
106
35
29
59
21
36
76
59
54
59
25
90
86
29
46
92
45
109
75
110
44
97
102
54
30
77
101
27
23
25
92
62
40
102
53
93
70
109
32
104
100
37
74
119
98
100
43
23
41
98
65
66
28
99
48 105
27 99
137 145
51 134
73 74
60 90
108 132
121 132
89 132
57 100
96 148
6 25
77 110
21 77
124 126
31 74
58 81
75 128
97 127
22 112
50 75
14 84
85 135
118 119
74 78
69 72
88 97
55 118
16 81
99 146
5 130
60 80
7 10
109 123
62 81
95 100
48 87
69 132
57 109
126 147
31 125
104 129
9 115
33 149
90 146
133 147
28 43
38 129
89 102
11 34
13 53
101 129
14 101
8 72
69 123
4 36
96 140
35 114
35 149
141 147
83 130
111 138
75 118
28 149
63 109
62 64
76 93
67 79
107 140
87 132
111 124
58 137
74 114
16 22
71 109
7 94
48 52
29 55
68 107
27 57
20 21
91 148
8 115
124 130
50 67
12 107
93 146
110 122
46 70
28 82
87 117
19 26
134 135
49 53
8 143
65 132
30 125
47 115
36 95
73 86
30 65
8 98
70 78
20 149
100 116
133 136
38 61
5 75
97 106
90 129
13 17
5 99
41 121
77 146
69 118
13 33
2 14
80 94
114 136
5 131
114 117
5 141
26 48
80 123
57 111
74 116
27 121
23 68
71 144
113 145
42 60
44 146
126 142
27 113
8 107
118 126
11 123
51 131
59 113
76 116
42 75
92 102
66 115
60 72
67 88
75 131
29 124
6 77
104 116
119 125
113 139
101 138
0 82
39 111
98 115
23 130
27 126
90 99
28 36
14 68
61 97
138 139
6 103
93 124
15 83
67 96
37 68
16 29
55 61
91 115
118 133
91 125
29 119
4 37
43 65
83 134
54 140
50 90
16 72
8 32
7 57
1 27
82 96
1 95
36 143
18 29
11 56
4 77
8 41
1 126
70 82
10 141
34 59
43 134
93 143
102 145
23 48
118 129
102 123
22 57
2 15
34 58
93 127
57 119
95 113
33 110
3 79
95 114
63 131
56 59
11 75
0 103
83 111
115 118
77 108
12 138
74 93
36 70
39 51
66 145
8 36
2 116
11 97
74 80
131 139
33 108
38 52
65 108
23 128
31 131
56 71
45 149
47 116
0 87
5 134
66 94
68 142
4 60
42 68
101 130
65 83
59 135
6 69
29 102
35 47
5 63
106 108
55 56
74 143
55 132
24 30
74 76
38 144
78 114
80 111
13 65
26 78
50 84
2 95
16 45
38 79
46 50
89 107
66 102
2 59
48 84
26 135
9 130
116 139
46 146
100 114
81 111
11 140
67 138
85 103
64 135
4 52
56 144
49 70
20 115
3 133
98 142
64 133
31 132
110 134
123 145
65 136
35 134
26 49
111 118
33 55
107 148
45 89
9 65
30 94
77 81
29 33
68 122
6 145
7 100
95 140
108 130
114 133
61 143
22 46
31 73
37 118
96 98
29 114
29 93
62 110
33 65
71 105
35 112
32 114
72 144
16 108
77 117
76 130
2 98
79 127
32 116
95 128
65 111
7 146
54 122
107 120
5 114
40 93
57 129
123 124
129 140
134 148
60 120
24 129
60 110
1 92
128 148
71 95
11 130
65 92
101 102
87 107
31 65
49 96
24 88
70 120
54 66
88 118
16 149
14 76
11 67
71 140
44 65
85 128
24 79
44 127
30 131
136 148
12 88
3 94
14 112
25 80
45 120
71 136
45 85
56 63
3 36
98 120
34 80
99 104
15 45
46 81
26 120
91 96
40 58
72 146
21 107
2 77
66 73
13 64
29 61
64 122
65 70
86 145
6 87
1 22
83 132
9 120
53 66
2 111
106 148
33 115
19 87
43 137
9 63
1 26
38 123
5 90
43 78
0 102
1 16
124 148
94 136
59 91
10 113
18 104
32 134
29 79
72 92
73 88
46 110
33 141
33 90
8 145
86 119
7 125
27 118
82 125
95 98
14 134
30 95
63 102
1 37
25 57
29 123
62 69
16 62
12 147
70 135
33 129
51 110
98 131
78 82
78 106
27 120
62 109
66 125
5 61
86 126
57 115
86 111
119 128
50 116
42 121
102 127
2 114
28 100
9 147
84 103
14 87
52 126
94 123
27 35
1 56
18 23
37 113
105 135
15 57
101 109
28 105
31 86
17 122
33 119
20 26
15 125
34 101
59 67
45 147
20 53
16 65
57 72
1 124
5 129
60 135
12 123
78 140
58 68
33 98
34 136
53 134
81 94
50 142
5 29
12 146
22 121
68 75
100 147
62 132
47 106
55 83
133 148
67 141
76 134
18 53
8 112
14 43
7 111
73 116
69 71
40 43
18 40
40 42
52 75
9 83
81 85
44 128
28 50
5 55
17 99
14 15
22 36
94 143
7 34
39 99
104 131
6 141
95 108
41 106
6 93
103 123
71 75
28 33
81 132
46 147
9 148
24 72
17 97
68 104
9 103
54 109
45 141
99 116
43 124
43 101
16 67
40 54
88 143
69 74
115 122
22 71
26 95
95 123
13 15
20 129
23 85
66 130
33 148
67 76
27 91
28 134
22 131
50 72
44 148
15 70
67 93
64 67
66 134
98 129
54 57
33 37
66 120
87 90
59 142
72 102
0 33
56 131
30 55
53 84
25 95
95 145
129 139
11 36
43 45
13 62
23 58
10 130
43 75
88 109
0 20
43 106
92 131
28 139
3 53
8 142
96 116
63 88
56 124
77 88
114 135
26 112
17 37
105 122
122 146
27 39
14 136
17 125
21 42
80 102
13 47
3 49
12 75
59 89
13 23
74 125
102 143
65 74
0 61
27 98
51 139
68 93
16 135
89 149
5 88
39 46
8 58
114 120
50 127
26 45
5 147
20 70
20 71
20 33
48 88
1 77
94 121
131 146
20 121
10 93
53 80
26 50
56 103
96 130
61 93
52 131
67 124
66 139
5 22
75 140
82 136
99 130
62 117
89 125
68 82
1 12
28 122
115 127
61 84
9 47
56 61
36 146
14 110
88 136
37 42
62 116
1 144
1 135
54 62
49 86
68 116
125 127
17 34
89 97
59 125
94 126
137 147
32 75
127 133
15 39
92 146
0 110
50 146
99 131
65 116
94 101
21 92
30 31
89 118
6 114
117 144
52 112
121 147
29 136
120 149
47 53
8 110
6 9
24 143
68 118
18 50
100 136
106 140
3 9
2 115
26 61
14 90
12 14
60 117
24 113
21 121
37 79
30 32
8 104
27 124
77 97
25 27
67 136
35 139
76 90
6 40
20 116
50 147
19 71
56 73
52 106
6 139
68 114
33 93
16 110
2 120
27 58
49 148
69 78
6 46
95 125
31 68
103 121
92 137
4 127
10 62
78 97
22 120
49 80
78 107
22 54
94 144
34 42
0 9
39 108
56 108
9 139
3 108
21 32
95 144
54 74
47 134
4 100
62 122
58 110
116 145
2 18
56 94
28 112
18 52
33 121
47 124
43 132
40 116
14 86
10 109
53 110
18 113
125 135
3 128
33 120
22 27
41 81
13 120
69 114
39 59
103 131
89 130
44 47
62 142
114 127
37 93
60 131
28 55
5 139
7 30
86 128
95 102
37 99
11 53
37 70
73 138
64 125
20 74
10 12
27 38
42 128
22 75
38 50
79 130
55 137
109 141
17 55
19 93
6 144
64 124
71 104
13 124
39 86
50 81
64 72
4 6
38 122
79 83
43 77
70 147
0 65
16 144
42 124
18 58
13 89
102 141
28 78
61 130
92 104
119 149
7 129
58 82
27 137
31 36
27 148
73 104
85 99
34 89
125 138
18 119
3 148
30 148
0 5
134 147
59 131
42 98
9 73
88 134
88 124
64 96
84 98
71 139
47 75
10 35
81 102
4 106
87 131
6 136
55 139
100 120
36 65
49 97
33 40
14 88
2 24
13 108
2 100
82 147
129 144
81 84
75 141
57 89
130 147
95 119
52 118
69 141
125 140
42 130
55 80
82 140
72 109
88 131
66 67
44 71
11 109
101 141
8 99
110 113
67 81
2 6
4 146
110 127
19 75
57 90
74 132
85 140
107 121
23 24
89 147
48 120
39 68
51 73
83 140
35 89
39 142
21 86
63 149
93 141
69 120
12 25
5 132
58 73
25 29
24 85
3 115
56 76
17 139
52 66
110 131
119 143
33 142
32 126
35 54
46 60
51 67
43 103
101 131
26 59
50 130
35 144
16 102
85 111
79 92
39 73
32 91
42 125
76 126
13 101
73 149
18 100
4 82
22 31
54 141
37 133
51 90
51 140
134 136
77 131
1 11
99 139
29 51
76 100
13 103
17 146
18 35
78 100
73 84
7 135
24 116
43 149
2 3
15 124
3 73
56 84
98 127
37 111
33 132
30 69
27 147
66 117
4 92
58 126
19 80
84 110
22 84
12 34
110 116
3 63
45 123
3 89
43 114
13 36
3 70
64 79
8 55
88 122
75 134
74 149
68 127
35 76
53 100
75 109
22 73
48 129
38 143
15 51
19 63
32 127
79 88
1 69
64 144
106 121
42 84
33 58
14 96
73 133
73 95
88 133
66 103
24 119
5 8
61 109
75 76
99 121
42 108
84 144
42 105
117 139
3 119
92 114
67 112
55 133
105 132
74 137
37 116
42 114
39 85
136 147
70 132
39 87
80 90
56 93
45 50
7 55
7 117
62 140
16 44
95 142
29 48
5 68
36 141
18 65
7 114
7 54
63 87
132 147
104 113
41 132
46 111
75 82
0 36
22 34
106 142
21 147
3 56
92 142
46 109
19 116
54 116
15 82
21 130
79 132
63 78
115 132
102 107
100 140
31 46
5 23
103 139
1 34
21 132
5 107
50 97
71 103
77 84
57 106
50 66
15 126
48 78
90 123
28 56
85 136
79 125
25 89
107 139
112 123
61 102
62 149
38 135
14 85
116 137
25 47
11 43
24 132
21 39
92 120
108 128
68 72
36 81
20 96
13 45
75 89
44 126
58 113
61 132
98 138
29 43
11 52
91 120
62 85
113 115
35 72
18 143
71 114
65 85
57 61
7 62
78 85
49 118
60 66
37 141
11 89
2 131
82 139
45 95
18 105
40 132
1 28
85 100
1 17
79 87
110 149
97 138
106 129
39 146
34 74
30 86
25 85
108 119
65 126
3 81
135 136
13 24
39 109
15 56
12 102
24 37
4 26
122 133
118 132
57 75
2 7
28 45
14 144
38 121
41 131
79 128
32 118
47 140
16 52
27 108
94 149
129 143
117 120
22 88
128 133
24 102
49 140
31 47
54 83
13 147
32 81
22 33
12 31
77 135
29 104
93 123
86 103
102 122
40 109
46 87
75 148
13 125
40 61
6 124
55 115
39 49
124 137
18 124
51 137
3 68
57 148
41 62
46 136
34 95
133 138
64 84
39 74
26 100
2 41
41 127
15 101
54 111
16 54
111 122
14 66
23 53
110 112
50 100
135 145
28 66
46 102
104 124
9 145
3 50
7 63
64 117
61 80
75 90
6 147
12 118
7 39
36 37
24 44
40 122
51 145
60 148
2 140
12 105
9 76
73 122
13 59
47 108
71 100
91 112
112 114
61 120
0 56
58 132
45 98
105 148
93 103
58 136
7 70
16 91
49 66
10 139
38 132
53 143
55 96
54 75
107 133
37 54
133 142
52 129
110 147
17 57
10 83
34 73
77 114
44 58
53 64
111 143
44 98
23 113
71 99
30 80
73 79
40 90
25 136
100 112
27 59
5 76
31 138
77 115
7 25
10 121
11 101
9 94
49 69
26 51
60 144
18 99
19 119
61 131
39 48
56 123
50 89
73 97
127 135
78 120
64 146
97 140
35 145
78 87
74 139
81 92
51 113
12 133
22 142
100 115
40 130
15 53
39 45
9 91
123 139
10 87
11 15
85 149
56 132
27 46
135 141
20 97
55 90
42 57
74 107
25 149
30 38
70 121
95 99
74 110
99 111
122 137
38 115
21 109
21 38
6 68
78 136
23 59
17 44
95 97
42 127
112 134
0 135
13 109
70 112
99 112
77 94
53 137
1 60
69 144
66 75
38 47
98 114
8 70
5 17
47 111
73 139
27 47
32 60
23 140
2 99
3 90
49 124
58 124
13 105
13 140
25 148
30 43
56 141
45 90
39 116
50 124
100 113
25 107
103 109
27 133
14 31
115 125
33 57
122 141
132 139
66 135
32 67
11 88
3 110
36 128
10 43
81 143
38 124
18 129
97 147
14 63
30 139
80 88
23 72
60 64
98 106
130 138
67 142
77 80
15 47
58 90
25 41
51 135
31 83
3 97
33 95
25 87
12 23
136 149
105 128
108 136
53 146
2 125
50 133
94 140
67 140
28 135
21 117
83 104
138 149
51 146
40 74
82 135
80 121
77 95
51 60
41 47
56 90
11 42
61 103
60 136
89 92
15 32
7 136
1 121
24 87
14 64
61 101
64 65
9 11
101 120
20 64
52 121
74 126
88 90
29 68
99 136
55 138
75 123
79 89
31 141
52 109
63 147
19 118
40 66
84 89
92 112
32 66
102 134
77 121
25 84
72 79
52 80
9 50
43 93
92 95
52 89
20 61
109 127
60 95
54 119
35 109
61 138
71 102
15 94
81 99
10 119
49 74
114 124
53 67
4 120
45 65
42 56
5 95
1 64
110 111
1 100
72 73
88 104
69 87
38 90
14 97
113 140
40 101
49 129
74 92
89 105
8 131
55 92
56 118
84 100
24 40
36 38
30 149
78 131
21 88
48 135
87 119
42 95
94 131
76 103
36 71
123 144
2 70
46 117
83 97
35 119
2 144
105 131
82 104
21 48
54 91
102 132
30 101
2 147
104 147
94 95
37 115
34 141
117 145
46 119
27 139
71 126
9 33
49 54
57 104
48 61
51 138
43 91
48 141
44 49
86 87
10 20
44 147
64 114
92 110
81 136
14 39
55 72
75 104
28 132
76 110
1 43
37 127
77 96
28 145
16 122
34 134
33 88
2 130
88 112
102 111
28 125
4 117
62 78
8 80
45 77
37 125
61 124
79 147
128 142
42 82
50 96
106 130
65 87
29 129
48 89
124 134
27 63
2 27
12 24
57 82
2 66
99 105
12 132
64 113
19 83
40 136
67 139
7 85
18 43
55 123
0 19
57 84
41 76
131 141
107 142
22 86
45 86
126 132
35 95
8 34
51 147
22 52
106 124
66 74
0 58
49 107
65 131
41 67
68 87
19 23
52 99
10 54
100 105
10 89
42 86
61 146
70 108
84 120
80 136
85 145
73 112
36 49
43 107
58 125
10 79
20 59
61 133
28 124
70 71
35 113
118 123
7 89
45 58
19 143
40 51
3 111
69 104
58 131
29 121
60 141
95 141
52 71
26 70
33 43
12 61
3 116
22 113
3 11
25 125
53 58
13 74
24 35
106 144
6 107
104 149
24 121
66 77
109 138
18 78
56 81
6 48
33 127
35 73
49 87
13 48
84 95
90 119
66 104
42 58
13 118
45 135
60 86
14 44
43 51
49 116
1 93
74 135
30 72
123 131
85 110
55 76
50 82
23 144
43 140
41 89
77 122
38 101
121 144
87 141
96 142
81 82
113 118
42 146
56 97
23 56
46 51
66 110
57 74
1 98
106 136
95 147
28 74
35 43
37 39
77 141
13 77
47 121
98 100
17 68
59 143
28 60
64 91
65 130
18 62
15 136
98 145
29 141
30 118
82 107
109 147
20 36
7 37
7 118
35 83
76 81
48 99
22 56
66 118
40 81
40 105
36 76
31 106
68 115
52 64
84 127
37 140
23 147
8 57
84 138
34 85
88 141
4 108
12 50
19 137
63 90
23 107
14 71
37 90
4 83
131 140
13 149
22 63
97 107
36 149
64 92
59 80
83 149
41 143
22 117
107 112
4 40
18 145
3 8
28 54
7 74
111 148
59 123
7 24
59 147
19 109
65 145
0 69
10 32
32 88
102 135
7 13
21 87
75 137
46 134
70 144
33 105
104 123
79 100
39 44
11 95
14 91
3 43
103 106
77 105
3 105
39 138
71 73
78 93
75 98
44 80
16 77
9 56
1 91
13 92
45 53
63 134
12 117
0 67
79 145
47 79
122 127
124 138
30 54
47 50
31 63
118 139
84 86
9 149
17 32
102 149
45 81
58 133
14 137
31 61
38 93
44 92
31 59
25 143
20 99
19 113
48 108
89 112
7 60
56 74
47 87
16 136
24 90
36 109
19 134
91 92
19 144
20 100
77 148
97 143
53 149
106 128
114 142
122 135
40 133
21 59
19 54
13 22
17 145
33 80
53 83
19 82
130 148
79 148
85 138
53 63
94 98
66 79
83 120
101 104
81 120
56 134
23 69
38 106
24 120
11 28
26 102
31 43
76 128
20 130
16 42
23 78
63 135
86 143
17 127
78 109
81 145
6 134
22 64
94 142
1 94
23 44
23 99
79 117
59 116
3 42
36 122
42 89
120 146
6 43
9 54
68 80
0 72
1 65
68 88
98 147
23 37
19 149
17 42
84 130
20 103
22 109
17 60
5 135
39 75
5 15
10 15
75 129
68 99
13 68
91 147
69 133
14 50
34 120
55 142
80 106
96 111
7 28
17 101
95 132
7 81
79 82
76 109
91 111
33 81
28 140
92 108
75 95
13 82
16 124
47 148
79 135
54 120
8 66
46 137
7 147
30 79
107 141
72 117
66 83
15 127
52 81
110 146
37 136
12 90
10 108
93 138
94 141
51 63
10 11
62 89
29 63
14 81
110 129
29 60
12 41
56 101
80 120
38 42
32 82
33 75
26 149
10 68
81 96
88 140
19 45
33 131
114 138
53 93
52 57
4 137
22 98
55 77
30 111
57 130
9 110
22 146
92 129
6 119
82 103
49 127
14 34
16 132
65 144
26 127
122 139
20 88
63 67
14 69
37 97
23 77
57 83
53 102
44 131
11 64
79 93
32 45
18 79
48 64
77 144
18 90
53 148
35 101
0 124
14 135
67 83
87 116
14 53
107 127
52 139
109 114
69 82
9 39
37 62
39 139
1 24
88 108
