250 250
25
94
113
25
52
100
44
96
44
114
58
48
34
100
81
35
83
98
96
70
54
65
22
86
115
58
49
70
116
109
27
22
36
72
79
68
104
55
96
29
50
86
109
116
66
70
84
81
101
60
31
87
58
85
53
105
23
34
55
72
24
114
26
40
119
85
40
103
73
68
112
103
34
102
51
80
104
115
93
85
56
104
105
46
69
38
31
25
53
118
77
109
65
35
29
64
100
101
47
53
49
92
88
115
26
20
27
110
115
100
28
103
84
113
81
85
83
92
42
116
43
51
57
88
66
118
84
99
99
63
32
80
35
53
75
41
105
82
84
52
114
92
36
78
37
97
96
100
22
118
49
97
102
86
65
48
85
81
27
116
24
92
77
40
25
84
113
110
99
77
94
93
49
110
104
118
40
80
99
94
30
80
71
112
98
68
41
115
81
100
112
85
72
21
57
77
85
51
119
116
108
94
90
90
36
74
88
108
86
119
34
96
31
37
41
110
85
114
105
98
94
49
64
47
50
101
56
68
32
108
64
73
82
34
95
50
40
115
91
106
115
105
83
26
23
56
68
40
50
54
55 148
49 177
195 237
51 234
73 74
210 240
58 82
121 132
39 132
150 207
46 248
106 125
60 177
121 177
74 126
74 81
8 181
225 228
27 97
172 212
25 100
14 34
135 185
18 169
78 174
69 72
175 178
197 238
68 205
131 166
46 99
80 205
180 210
57 160
59 123
12 81
0 95
37 148
19 82
109 207
26 97
25 181
54 129
9 115
49 133
96 140
197 233
28 193
188 229
39 102
61 184
153 163
29 51
201 214
158 172
19 73
4 36
90 146
114 235
35 99
91 247
230 233
11 38
18 25
128 199
113 159
62 164
26 193
67 79
157 240
82 237
24 111
8 87
114 174
66 122
209 221
44 157
48 202
55 79
107 168
77 207
121 220
98 241
58 65
30 74
17 150
12 157
96 143
110 122
20 96
28 82
37 67
19 126
34 85
3 99
158 243
65 182
25 30
15 197
45 186
86 123
30 165
58 98
220 228
20 249
66 150
183 236
161 188
5 125
47 206
40 129
163 217
99 105
41 121
46 227
63 183
14 52
30 94
86 114
5 131
64 117
55 241
98 226
23 180
157 161
124 166
21 177
218 223
121 244
13 195
110 142
194 196
142 226
63 77
7 208
68 226
23 161
31 101
9 63
166 226
142 225
142 152
16 115
10 222
88 167
125 231
129 174
27 106
66 104
169 175
63 89
151 188
0 182
39 111
15 98
73 130
10 22
26 77
49 240
36 78
14 68
161 197
188 189
53 106
43 74
32 208
15 183
117 146
37 218
66 229
155 211
165 241
68 233
75 191
79 219
37 154
65 93
133 234
4 140
150 240
22 66
82 108
57 107
51 127
132 246
45 151
36 93
168 179
206 211
4 27
41 158
64 236
76 151
120 182
41 110
184 209
43 234
2 143
123 195
179 248
2 168
23 57
22 202
115 234
58 143
69 127
113 207
145 210
179 233
103 195
63 114
9 31
175 206
3 11
111 150
68 183
58 215
227 238
93 112
74 170
201 236
45 239
166 236
2 108
166 211
30 197
24 81
39 83
108 152
8 188
115 223
81 178
31 156
171 245
97 249
87 166
150 155
66 234
92 244
68 160
54 118
42 180
51 183
115 159
85 156
19 52
129 197
13 235
156 205
8 56
