50 500
94
91
24
117
108
72
107
83
101
20
116
64
79
91
46
44
67
100
37
77
35
41
97
24
72
62
107
97
45
68
111
71
39
67
69
80
20
108
43
101
108
91
97
119
62
23
44
61
103
113
22 23
18 33
17 44
2 34
31 35
30 39
4 24
1 24
22 33
11 21
15 27
25 35
9 21
26 47
29 49
23 40
4 11
8 49
11 28
15 35
26 44
0 47
3 22
1 36
14 44
7 24
29 44
1 2
3 28
2 4
9 42
16 29
3 37
17 33
0 4
1 46
30 48
33 46
22 49
17 21
13 28
43 44
24 46
27 47
26 49
33 38
12 43
4 49
2 23
4 34
27 35
3 7
36 49
8 43
1 14
14 27
20 45
9 19
8 17
45 49
7 32
0 33
37 47
1 49
10 36
5 39
8 21
7 49
10 44
11 16
5 27
16 36
26 46
3 30
10 14
6 7
3 9
8 16
16 45
5 17
6 24
26 36
0 44
11 49
27 40
6 16
15 43
19 23
17 32
25 39
39 45
0 35
11 32
16 18
40 49
25 28
27 29
22 28
12 38
5 7
20 25
0 13
22 37
6 39
4 30
34 43
21 25
38 43
3 11
33 35
7 11
21 22
7 44
7 48
10 37
35 43
29 31
7 31
2 26
6 45
4 38
13 42
38 48
0 25
7 40
2 29
9 13
11 24
18 34
0 48
35 44
18 35
16 23
25 26
23 43
31 34
4 18
20 40
10 31
15 49
14 46
33 49
10 35
1 33
1 29
11 46
2 47
2 46
43 47
2 15
45 48
34 37
18 49
16 44
18 42
25 42
4 26
8 28
5 41
4 9
34 39
35 39
36 38
31 41
6 29
13 37
9 12
5 32
1 38
1 26
6 32
4 10
12 14
21 43
4 12
30 41
1 13
7 34
24 42
2 7
13 14
19 48
0 8
41 45
2 6
3 20
7 14
37 40
2 45
24 48
10 43
12 48
0 11
19 29
27 31
38 40
29 36
36 40
4 7
43 46
32 46
6 11
9 27
21 29
2 22
3 48
31 39
11 43
26 27
17 48
8 13
9 23
12 41
8 42
5 25
2 17
16 38
31 38
32 42
21 39
0 36
17 30
42 43
3 39
10 47
10 22
13 31
40 48
10 30
3 5
1 44
3 19
22 29
24 49
16 41
38 39
28 49
32 45
6 41
8 32
22 35
2 8
4 41
0 6
24 37
11 36
27 41
17 31
19 45
2 28
34 38
36 48
7 23
15 48
29 37
5 44
19 31
12 37
10 29
28 32
1 12
25 40
5 14
26 42
12 47
1 21
18 20
10 21
16 48
17 35
10 12
10 33
3 47
29 33
9 32
23 36
8 37
11 31
32 40
20 47
47 48
18 26
2 27
10 19
1 11
36 47
12 27
20 23
19 41
15 21
21 38
0 39
4 39
16 27
8 46
19 27
0 26
3 31
16 34
17 36
27 46
12 28
0 49
1 41
2 37
30 44
29 47
24 26
31 43
7 12
24 27
16 32
7 20
4 43
24 32
3 35
6 25
15 26
8 9
9 39
37 46
19 38
29 35
30 36
20 33
36 44
8 45
3 43
11 37
7 27
30 49
13 22
18 46
3 29
17 25
23 33
0 28
33 43
6 31
4 20
14 17
13 49
13 44
6 21
6 49
12 32
47 49
6 15
14 23
35 38
18 38
10 49
19 43
32 49
23 31
30 47
0 37
9 24
19 49
14 37
15 23
19 20
0 20
0 43
20 27
21 48
35 37
21 23
40 47
29 46
19 35
36 43
5 30
16 37
2 11
13 38
17 28
5 38
8 30
11 14
5 28
21 40
14 26
24 45
25 43
33 48
0 30
17 22
14 40
12 31
18 43
27 38
6 13
0 46
12 26
9 36
19 30
26 30
10 28
1 6
15 40
10 18
32 37
7 36
16 21
34 47
10 26
16 46
23 27
15 44
3 25
13 40
28 30
32 38
3 41
39 42
10 45
28 40
21 45
5 34
37 49
38 47
14 47
31 40
10 25
6 37
12 13
42 46
30 46
3 13
43 45
11 12
3 10
13 45
5 12
10 24
8 19
5 16
1 16
28 33
9 11
18 40
3 15
20 30
41 42
11 40
43 49
8 41
5 37
14 22
27 37
4 28
0 40
18 41
12 21
6 12
13 25
5 6
7 47
29 30
16 17
23 38
12 15
14 45
5 36
19 34
10 48
23 25
16 30
6 9
8 33
14 36
6 33
1 48
1 17
2 49
7 8
1 22
18 19
37 41
13 19
25 34
28 47
7 18
39 46
19 47
27 36
9 31
41 43
40 41
12 39
11 33
7 13
24 30
13 24
1 42
2 19
15 33
22 31
9 14
