50 250
31
104
66
93
104
66
115
20
25
68
87
104
95
109
70
93
50
41
78
64
52
85
50
56
84
86
115
91
26
23
54
37
60
52
110
44
98
57
97
56
57
116
40
32
105
42
57
88
63
116
33 39
27 49
29 40
15 48
17 34
8 33
40 46
19 33
6 21
29 49
45 46
28 29
7 24
16 30
10 34
2 26
17 27
29 48
17 44
1 48
6 14
4 37
2 6
26 37
14 38
5 13
33 42
9 43
9 22
8 21
23 35
12 27
2 27
32 49
25 35
13 31
19 24
32 36
6 12
17 47
12 30
2 4
13 23
28 32
34 36
8 19
13 34
12 40
13 16
1 17
28 48
28 47
10 36
6 48
3 9
17 21
21 35
11 25
3 34
21 45
15 41
6 31
43 49
17 48
9 15
20 37
16 48
2 35
11 43
1 20
20 46
31 42
19 42
28 42
25 38
16 49
5 30
6 23
21 26
39 43
5 24
9 44
5 7
4 10
0 27
19 31
25 34
28 41
3 16
5 18
23 34
9 37
13 29
2 33
0 22
25 48
27 44
41 49
26 47
28 43
27 48
5 41
8 9
15 26
0 43
3 5
18 29
34 38
10 21
34 48
28 37
27 29
7 20
0 23
2 5
5 48
10 16
7 37
3 31
36 37
8 18
7 46
4 28
6 38
26 45
12 18
18 49
41 42
7 15
14 41
17 49
13 30
15 20
4 23
31 37
24 44
24 35
2 19
30 38
1 14
8 37
44 46
25 37
11 45
24 36
3 25
42 44
2 20
39 48
1 22
31 35
1 9
18 23
1 11
13 27
2 36
48 49
13 35
8 10
22 34
27 33
27 30
0 29
20 25
4 48
1 16
5 26
6 29
7 39
10 42
8 45
8 41
3 46
17 18
2 37
19 45
5 22
26 49
5 35
9 19
0 12
17 46
15 36
4 16
13 41
21 23
42 47
28 44
23 36
1 40
11 34
11 47
30 33
9 31
7 13
15 39
9 30
11 36
3 12
4 47
4 46
15 33
18 30
7 42
18 41
24 26
19 26
21 30
11 46
26 28
11 35
22 39
21 37
42 46
17 31
9 47
1 19
19 41
12 16
38 46
0 17
12 23
4 13
0 40
17 28
26 39
10 18
7 27
19 49
0 26
18 38
20 36
23 40
22 43
40 48
5 6
26 32
10 48
22 48
7 16
26 27
16 19
41 47
18 33
9 11
6 36
2 49
9 34
5 38
8 13
