250 2000
104
41
25
53
68
92
67
23
36
119
100
31
83
92
25
93
68
24
74
111
57
49
97
87
102
68
91
106
21
117
58
105
38
115
90
87
40
37
42
108
89
22
72
104
47
29
78
47
85
32
39
22
113
68
90
47
116
113
86
70
110
76
55
81
24
26
48
44
95
22
84
64
76
36
101
55
45
59
83
110
23
54
113
68
102
35
96
99
80
62
101
70
70
36
83
74
94
111
98
22
65
63
118
22
31
99
57
57
90
72
99
93
106
92
42
89
59
70
20
119
64
101
22
114
69
85
69
96
29
99
98
74
42
96
28
106
76
118
43
46
70
74
72
57
99
46
78
38
96
30
38
40
111
92
34
112
57
35
88
118
115
66
25
89
43
33
75
99
83
50
77
34
105
29
71
84
55
81
102
31
91
72
103
34
96
70
26
86
85
47
84
80
93
89
50
68
55
57
99
118
88
57
84
73
118
35
89
54
48
23
117
119
28
53
85
104
103
44
70
20
71
87
81
96
108
63
45
43
100
76
94
20
65
58
25
64
26
94
50
54
50
99
106
58
32
71
94
67
95
45
23 105
30 91
38 64
100 152
23 97
204 217
87 187
18 183
206 218
86 171
118 232
10 125
162 221
37 176
141 222
133 164
164 165
81 203
116 233
153 241
52 107
78 239
41 199
59 111
7 230
91 197
59 201
24 216
4 222
113 201
78 84
96 129
100 210
151 216
54 193
98 207
138 162
55 87
147 189
166 196
215 229
32 140
25 106
57 99
110 212
64 143
46 193
91 147
154 242
199 215
25 47
47 209
15 237
116 204
32 236
2 67
142 247
22 100
9 101
121 165
37 119
58 165
1 231
164 237
130 244
143 186
7 86
22 204
70 73
78 161
80 102
201 228
180 223
74 224
189 197
58 91
2 87
68 76
3 240
55 99
93 222
229 242
179 196
103 104
16 181
15 220
12 96
87 172
26 248
13 216
47 104
126 134
106 202
54 110
109 193
165 209
54 55
234 247
0 100
89 119
32 206
146 191
52 215
79 233
65 98
113 147
23 202
99 161
154 226
21 123
115 184
38 170
35 238
91 155
96 136
20 62
3 154
18 207
1 71
36 136
35 201
5 101
58 201
136 166
39 207
9 72
48 76
64 95
102 185
7 173
69 198
102 193
175 211
161 246
49 64
117 234
84 86
123 245
37 39
96 131
141 181
7 168
13 41
173 226
115 181
150 165
102 195
120 129
9 133
175 227
183 212
17 43
150 166
114 187
57 246
33 238
53 239
97 132
21 169
108 136
8 154
24 56
65 138
9 115
192 240
135 179
62 79
51 176
109 118
3 172
13 199
47 57
78 145
106 170
214 224
118 216
124 232
120 244
4 189
32 88
17 48
110 167
71 97
37 215
61 180
71 231
128 177
28 174
58 198
22 30
99 172
7 243
89 223
15 229
67 195
47 244
66 85
34 206
137 243
101 169
157 172
84 151
31 152
8 210
141 230
4 85
180 240
11 213
19 241
67 228
127 160
97 163
46 119
35 131
85 215
57 122
109 208
58 114
91 168
71 74
11 59
151 178
189 191
63 217
32 47
193 232
145 175
40 73
14 24
108 229
165 211
70 203
11 225
36 67
32 213
91 240
168 224
18 95
62 210
94 183
109 165
37 136
60 180
74 209
56 170
17 156
85 109
163 189
223 226
5 82
72 189
15 96
43 93
33 53
68 105
215 249
37 233
43 203
69 163
125 220
83 126
20 244
35 235
183 208
11 15
52 213
162 190
135 170
203 205
40 163
39 124
107 230
178 183
151 247
121 198
31 224
70 99
84 154
106 189
117 145
205 210
22 247
192 224
132 180
172 247
121 195
140 229
210 232
159 239
66 205
42 54
136 196
240 242
136 237
193 212
198 234
42 172
127 204
149 198
11 249
80 176
3 137
164 243
161 190
15 137
40 125
3 104
53 68
88 110
218 225
32 136
84 95
33 196
197 210
128 201
42 199
46 245
13 207
38 185
4 174
146 156
11 49
0 219
64 190
79 141
67 158
3 59
154 201
33 121
70 152
50 177
167 191
7 204
81 113
89 129
10 30
10 202
0 118
53 181
10 63
137 249
2 169
74 196
169 203
207 209
136 239
7 156
116 179
111 113
230 240
202 240
122 155
102 122
23 155
54 135
53 71
23 240
71 157
111 166
227 241
82 170
178 216
145 239
44 202
8 126
44 63
116 166
71 218
39 93
78 93
81 149
206 248
155 242
10 27
118 120
39 238
55 204
44 69
201 215
62 98
92 142
60 125
160 195
131 199
62 140
144 221
142 211
55 177
57 150
18 66
29 156
57 84
212 228
15 230
78 194
77 138
54 72
198 233
101 182
182 242
77 244
57 65
71 243
215 221
133 152
181 240
141 149
16 103
230 246
26 220
48 177
164 249
204 214
56 232
146 165
150 242
94 215
17 152
60 117
212 239
81 102
243 246
12 82
62 198
110 168
37 88
104 216
23 37
19 69
79 215
36 229
60 130
46 212
0 209
91 181
23 135
19 172
106 128
76 133
21 96
211 244
63 133
22 66
86 135
17 144
180 202
12 98
144 163
76 163
103 109
106 229
28 244
224 248
234 236
7 50
80 147
65 71
137 210
148 190
84 124
165 178
13 116
43 131
9 221
146 215
2 81
177 194
44 132
119 152
28 54
210 228
151 201
13 128
140 170
14 161
4 178
45 222
88 191
201 206
59 102
166 242
207 212
89 170
6 174
60 137
141 228
97 180
42 77
45 183
207 247
49 103
94 135
178 179
34 134
94 232
88 148
45 188
108 110
218 237
47 134
105 113
40 55
145 185
190 234
220 232
121 249
85 135
68 115
102 166
148 249
48 88
148 237
110 235
197 222
78 82
36 122
14 195
91 192
75 199
21 132
132 159
97 143
119 211
35 212
165 212
35 214
152 183
53 137
0 43
121 212
82 84
9 129
98 100
150 173
28 56
171 187
40 64
34 159
99 127
43 46
61 81
7 65
60 116
54 159
16 162
142 202
78 153
2 94
58 76
98 162
48 243
109 120
7 147
163 208
22 190
56 125
82 180
215 245
48 199
103 194
22 193
38 108
13 24
89 174
32 184
223 243
55 222
0 218
33 190
93 158
27 246
63 190
22 91
46 58
91 154
115 198
167 211
50 108
82 237
43 62
76 98
35 76
68 168
113 119
78 115
19 141
15 31
146 212
8 84
175 204
5 162
40 181
90 216
39 55
25 82
101 220
5 32
29 53
0 175
3 166
57 116
124 249
73 86
145 157
94 201
82 108
206 224
24 39
65 79
90 182
13 152
43 148
157 174
53 184
175 219
143 187
129 164
0 139
197 211
145 192
55 149
119 197
25 36
128 207
109 123
118 141
48 194
52 75
16 240
145 218
6 212
6 199
12 101
55 145
111 157
44 128
58 172
17 38
129 245
31 91
119 173
167 209
12 219
94 235
62 104
110 232
33 126
79 218
24 147
54 224
121 237
35 147
43 52
24 185
47 216
18 115
75 139
37 211
131 189
48 145
31 45
5 171
75 166
0 64
77 99
86 220
5 198
85 93
20 159
59 117
85 237
77 228
12 115
189 201
238 246
42 96
121 203
37 65
28 168
203 230
174 245
66 193
138 191
5 24
0 11
179 192
92 204
133 146
143 155
103 121
37 94
158 204
187 234
122 187
117 167
85 111
143 162
50 89
84 114
158 186
100 227
69 115
12 55
62 203
7 176
18 146
123 176
107 202
75 113
44 156
59 70
151 159
87 211
23 119
23 103
72 240
24 229
79 104
143 213
6 161
129 211
88 164
53 88
91 132
38 135
108 140
41 194
8 17
128 143
3 127
51 98
96 122
30 200
174 202
16 60
187 227
41 127
129 141
33 84
11 71
4 220
16 31
45 48
24 26
4 43
29 243
55 125
116 188
68 178
194 214
3 128
21 23
131 165
150 164
13 249
71 235
16 17
165 190
66 166
62 191
70 72
55 228
23 50
18 80
84 91
24 71
47 87
92 218
64 94
166 234
108 219
89 125
29 87
40 106
83 96
18 20
8 177
58 98
116 201
138 144
14 200
38 68
12 163
80 108
93 107
98 215
164 187
104 192
69 85
17 62
82 168
28 35
111 134
62 86
76 102
53 59
127 192
193 208
51 139
38 246
136 144
63 161
6 175
15 244
77 91
11 111
11 149
122 140
78 135
185 237
7 96
40 199
85 223
157 214
47 137
133 211
24 35
44 211
132 161
57 223
171 238
187 249
70 77
122 205
155 159
44 162
5 187
80 214
22 223
11 44
5 123
158 247
132 143
116 221
29 55
43 90
27 52
122 145
119 206
179 213
28 223
126 135
160 192
35 215
9 17
46 140
43 117
49 101
20 39
94 217
203 239
134 186
177 244
3 208
133 208
182 186
18 194
85 128
81 145
95 128
64 138
23 187
62 165
59 132
8 63
42 248
80 118
46 234
75 90
4 135
38 223
71 94
51 85
31 166
48 126
146 186
207 225
137 186
90 195
132 200
68 193
29 212
139 216
119 221
24 195
111 197
141 196
172 248
149 215
111 151
85 193
163 235
151 172
50 241
0 117
162 225
39 170
137 191
31 163
55 210
71 210
101 105
120 205
85 125
104 128
42 48
34 72
75 205
5 58
66 175
107 143
129 189
182 232
16 65
145 226
207 223
48 78
20 58
33 36
105 138
5 164
180 236
141 237
61 199
94 229
53 226
17 224
9 182
0 199
74 247
27 47
115 125
11 197
3 52
149 168
160 181
6 153
20 170
114 205
1 181
19 226
51 201
153 235
2 161
30 150
186 207
155 175
178 197
59 198
71 198
205 231
1 225
125 180
126 217
213 236
14 204
40 41
42 167
170 203
14 174
132 229
52 154
102 139
50 185
50 133
32 122
88 97
65 135
27 103
44 240
89 100
5 231
24 142
24 197
194 198
63 174
115 182
173 180
217 224
101 120
4 96
41 193
139 209
220 242
3 62
103 184
165 169
97 194
41 44
92 240
16 107
75 126
49 50
16 42
117 120
11 18
63 158
135 220
2 75
38 49
30 219
56 128
15 199
24 107
41 132
124 168
25 207
101 218
41 94
11 218
214 236
124 129
94 246
101 116
21 165
47 236
31 103
56 247
38 211
40 187
58 247
128 212
105 200
168 222
186 218
7 92
3 167
33 186
59 104
51 96
111 139
143 244
140 243
50 204
31 90
191 243
57 189
70 140
14 42
160 233
19 81
75 100
23 114
229 236
37 173
136 177
71 176
21 131
63 181
77 196
70 124
63 138
60 229
55 244
68 102
35 227
52 87
136 212
18 122
11 192
119 180
39 42
61 208
95 138
71 154
144 209
134 188
190 204
11 110
194 197
166 182
160 184
156 204
167 228
73 159
59 218
72 120
19 176
8 182
69 90
77 225
31 110
127 190
156 237
174 176
86 169
108 178
40 87
197 216
6 98
22 36
126 212
42 135
132 144
73 204
64 209
78 105
61 147
57 217
134 234
156 243
101 172
65 186
40 133
31 240
67 140
13 118
55 131
39 60
201 249
158 226
37 179
157 237
106 144
73 99
152 245
60 195
193 221
186 213
51 112
82 243
106 187
223 247
99 174
98 178
28 184
67 91
26 117
87 190
227 239
30 37
77 200
78 151
14 143
108 114
48 65
23 101
74 88
100 221
136 217
35 249
80 116
163 167
140 158
157 195
23 86
101 145
134 249
104 202
157 192
27 29
229 232
0 51
188 196
101 217
215 227
122 242
15 173
61 170
48 116
61 83
60 104
69 209
13 226
3 142
87 107
210 223
139 191
61 77
131 239
31 205
23 108
133 179
140 240
6 54
39 115
191 245
28 112
56 143
60 88
35 47
110 249
7 138
52 171
41 68
52 99
160 246
176 224
114 146
166 200
57 222
15 167
155 195
127 211
67 190
21 77
114 123
188 224
11 240
145 181
133 197
130 132
208 209
105 158
72 176
146 157
75 86
161 241
165 202
76 207
174 242
180 199
0 62
22 145
96 156
194 228
5 138
39 46
111 213
74 120
110 160
47 123
22 151
14 104
73 187
179 180
99 231
99 212
43 234
139 244
188 242
9 46
9 28
103 222
82 231
29 115
17 206
72 153
90 121
153 247
97 121
83 134
29 196
170 191
14 21
231 241
27 247
0 127
74 138
82 120
157 198
1 215
154 215
139 188
193 217
179 233
153 180
175 208
81 223
41 56
38 72
174 186
18 74
100 249
8 46
47 150
75 115
53 66
149 155
200 202
38 219
122 129
70 190
145 149
21 190
196 201
229 239
120 247
64 221
199 212
81 100
8 10
63 67
74 75
65 129
25 34
155 167
89 156
157 197
218 234
37 97
164 178
27 137
27 193
210 227
42 155
17 179
50 246
81 227
173 248
106 199
32 125
40 104
153 214
50 197
44 121
138 189
68 75
25 102
11 87
19 181
110 129
32 36
209 219
9 132
183 217
194 249
139 141
42 158
164 235
52 101
60 170
14 179
52 196
56 248
89 132
117 160
102 243
128 210
35 229
154 175
121 164
61 217
76 233
46 177
137 208
66 97
131 223
169 185
35 183
77 124
47 167
35 160
15 149
184 222
228 244
109 217
142 179
29 70
162 177
50 247
136 197
109 218
113 130
40 207
90 207
4 125
5 219
191 242
88 190
21 151
15 56
80 187
85 95
114 185
0 145
113 132
164 211
91 119
27 159
117 151
7 219
94 188
13 188
55 232
3 27
58 83
20 206
86 236
141 231
50 196
39 65
169 244
77 145
46 138
119 234
23 68
50 174
72 85
193 235
76 107
149 162
94 143
183 245
18 43
79 109
181 186
69 224
81 84
68 154
137 227
61 80
62 66
4 240
25 153
4 119
46 101
154 167
144 240
105 179
69 110
125 179
186 227
35 216
6 148
68 96
66 100
92 160
105 164
4 211
15 218
23 160
202 208
15 27
159 164
93 173
136 150
34 131
69 186
98 165
107 164
17 117
75 108
172 182
49 79
140 204
61 98
8 179
125 172
49 190
76 117
51 249
111 231
32 198
148 168
25 50
165 167
23 42
76 94
25 195
187 228
39 229
35 237
13 218
11 158
87 215
50 128
82 115
179 234
94 242
34 152
98 219
17 213
124 191
103 204
92 230
51 193
105 204
19 61
83 148
63 234
33 50
0 23
219 242
219 223
40 129
72 92
57 196
12 33
115 151
104 196
18 61
3 80
80 188
80 166
2 233
198 200
200 218
39 73
144 193
13 72
184 187
16 242
151 235
106 136
118 210
137 185
21 188
69 203
1 126
119 230
171 234
178 202
103 122
94 167
107 247
91 182
146 209
26 131
110 132
119 228
54 194
215 217
36 242
20 119
38 139
99 124
130 163
35 77
23 233
54 83
130 145
15 128
143 206
9 66
25 128
146 219
27 36
2 56
142 248
47 200
17 210
182 196
97 165
151 219
100 201
115 148
104 181
110 190
22 135
169 170
104 205
135 242
233 239
83 150
33 103
10 215
108 151
120 233
83 111
10 173
51 104
161 216
146 239
66 149
10 105
98 107
236 248
42 72
76 196
59 175
76 143
28 48
73 164
140 215
29 107
175 228
96 127
94 106
103 183
75 191
117 181
14 230
41 45
39 41
58 220
18 19
86 183
92 227
0 223
81 186
32 149
60 243
145 240
93 211
78 138
112 136
2 5
153 194
44 85
14 194
65 143
81 134
78 101
160 203
52 96
34 201
197 230
46 220
92 109
23 165
52 247
104 135
54 181
109 200
16 53
11 214
201 221
29 105
25 81
60 201
134 182
7 180
4 201
141 170
138 224
211 222
204 244
10 79
110 145
21 81
96 216
126 153
71 178
124 207
90 194
158 199
124 163
3 118
79 185
108 157
41 203
10 137
148 216
112 120
21 201
89 208
84 206
12 236
144 239
88 179
128 147
64 162
182 233
63 97
41 106
96 206
93 244
62 106
78 241
115 174
131 133
87 204
69 176
58 65
105 153
57 85
218 220
2 69
132 169
128 145
190 242
33 224
36 200
127 131
94 211
12 196
48 202
117 128
27 183
188 233
85 170
55 156
11 239
76 223
56 156
0 163
30 49
53 169
176 184
20 232
178 196
0 170
140 147
128 182
167 213
2 121
27 134
123 159
88 140
149 199
112 144
27 149
13 54
189 196
178 238
37 61
84 208
37 105
166 224
38 243
159 231
98 115
38 109
31 239
188 197
180 194
79 152
166 221
167 236
207 224
95 121
53 113
3 205
10 31
48 169
2 126
59 224
118 200
84 209
133 231
161 249
77 151
48 92
78 169
155 162
18 100
55 215
21 226
42 188
64 126
38 45
15 39
225 238
219 224
108 223
38 232
74 226
146 188
5 154
160 227
77 168
30 134
154 234
172 212
48 190
88 195
228 229
210 216
184 204
37 165
9 121
55 236
196 243
53 234
211 249
65 168
95 140
148 150
88 158
95 137
68 158
124 205
92 95
102 141
196 216
14 190
174 190
169 189
234 237
127 209
80 113
81 103
183 240
131 191
111 229
36 39
233 236
127 233
52 85
74 127
116 168
51 88
140 157
72 117
222 230
38 62
73 177
154 221
204 235
184 243
123 170
107 227
11 224
42 179
192 195
99 119
188 192
57 216
48 197
132 188
114 117
68 132
67 102
164 225
89 243
184 239
9 195
51 65
7 227
96 99
37 209
140 175
41 196
78 224
81 85
195 240
202 224
14 156
30 41
233 234
20 23
32 222
68 140
147 186
208 243
26 236
134 222
108 129
51 210
46 143
100 156
117 170
11 109
52 93
75 244
68 215
33 107
145 208
180 208
26 32
58 166
12 152
31 243
113 184
159 203
77 109
131 220
57 183
63 153
110 131
218 222
32 164
197 215
92 248
9 75
56 189
13 189
126 182
135 225
35 154
147 245
110 219
135 162
14 22
16 88
32 92
58 120
213 229
54 158
66 74
189 243
66 83
163 203
158 238
41 202
136 172
3 150
57 119
25 73
105 180
27 187
185 245
93 171
2 189
8 110
28 216
129 193
33 232
36 139
26 74
28 117
49 53
42 109
0 171
141 198
187 238
132 134
11 238
71 121
38 98
2 41
86 167
57 75
122 149
183 185
65 181
50 231
119 195
90 142
83 195
132 192
14 82
166 188
14 55
57 226
56 245
131 245
118 154
64 153
7 55
126 147
0 89
120 195
62 172
95 179
194 241
157 177
84 132
24 210
80 244
205 239
63 212
112 153
160 213
20 110
20 36
8 199
216 223
71 145
62 68
97 191
71 175
34 197
28 237
27 45
119 192
7 79
43 55
71 165
166 209
186 217
4 218
39 43
1 111
193 203
126 209
220 243
60 74
123 203
105 242
112 248
90 173
69 124
145 195
163 234
7 22
225 233
26 116
28 239
73 171
50 149
145 223
18 205
29 162
27 113
24 138
1 219
59 216
146 196
168 215
30 47
93 248
75 82
0 21
133 171
28 247
203 246
25 149
2 225
62 95
41 192
174 208
199 228
81 241
25 186
80 202
18 101
3 202
52 124
