200 500
52
112
80
87
33
99
77
41
26
48
68
42
63
50
78
84
24
56
93
43
27
74
76
104
72
56
41
64
34
100
21
67
93
33
86
106
65
95
79
71
76
28
46
119
110
104
83
115
40
109
90
47
63
46
83
67
35
104
111
101
37
64
100
62
30
66
100
75
94
60
78
50
20
104
49
110
88
64
57
60
53
27
40
48
54
103
47
21
40
39
102
57
35
83
99
45
81
79
52
107
71
63
37
71
47
118
62
68
63
51
60
48
59
80
29
45
64
56
46
84
27
28
21
43
43
52
20
105
63
105
92
115
48
62
66
27
60
60
27
55
92
68
36
31
80
45
108
24
81
34
40
41
94
93
64
118
25
116
103
69
101
27
116
29
69
62
89
62
55
96
97
27
44
113
90
57
90
78
61
104
44
34
25
118
107
21
116
65
117
99
66
99
59
62
60
108
56
29
102
91
67 184
0 88
108 118
73 86
76 129
42 52
0 100
176 182
27 78
15 44
155 195
121 129
158 193
27 57
12 110
36 196
77 177
37 196
35 195
23 110
163 164
65 66
48 115
41 142
38 79
74 109
190 193
147 186
100 174
113 195
36 184
13 61
10 61
2 56
45 65
9 80
28 98
26 143
68 98
37 177
58 98
41 51
37 198
125 141
6 184
161 168
68 127
29 78
38 81
123 146
70 84
126 168
69 111
66 131
44 58
109 189
40 47
102 198
29 43
13 75
36 50
70 182
115 163
148 197
1 23
71 143
22 107
18 191
43 58
102 149
54 138
101 163
65 130
51 159
60 126
62 173
107 115
30 132
32 70
24 179
55 75
47 163
39 97
133 140
49 83
103 194
157 173
104 156
8 174
15 187
86 140
1 49
47 134
118 163
46 174
38 93
89 135
132 174
76 181
9 22
36 183
180 193
39 106
6 153
39 93
95 147
146 193
29 177
147 168
14 140
73 179
108 114
66 192
89 94
98 174
10 117
33 49
72 155
60 155
31 49
52 178
45 144
76 125
22 45
72 162
11 98
119 141
8 12
101 112
38 102
0 171
33 48
20 156
58 176
16 89
68 177
19 73
65 95
87 150
92 174
50 104
72 143
85 175
39 103
158 186
77 138
78 129
102 124
34 182
2 78
7 23
23 42
32 88
137 182
156 178
29 86
61 121
66 177
4 101
130 135
16 143
8 67
118 194
1 148
24 149
107 172
66 139
36 121
78 137
166 175
59 88
125 189
17 42
129 152
24 172
120 133
39 43
44 127
76 139
47 68
0 86
61 186
60 194
16 90
11 149
0 56
25 26
42 107
129 166
49 132
99 175
40 179
172 180
7 40
8 27
79 165
21 25
22 25
60 115
71 190
16 198
42 71
23 65
150 152
32 34
2 131
9 194
62 133
70 174
153 174
5 30
3 119
96 182
25 42
12 16
114 180
14 137
23 38
3 125
35 142
96 111
72 118
91 133
6 17
3 132
171 185
42 89
71 188
13 90
54 113
29 179
35 196
72 186
87 128
107 198
25 177
70 116
76 110
65 85
8 56
2 97
50 190
93 120
156 186
137 147
134 165
34 133
119 144
31 106
48 165
25 181
52 95
93 157
80 178
23 41
25 187
90 189
11 168
82 124
30 197
61 114
147 164
61 101
7 66
66 92
26 125
20 43
78 136
110 177
115 152
102 151
130 194
91 98
5 174
154 174
156 187
20 72
121 134
133 153
81 178
6 171
4 15
34 178
107 151
18 96
0 60
72 142
116 194
151 192
42 166
105 198
77 105
22 40
156 199
80 193
86 164
42 86
16 131
35 76
123 172
53 135
78 172
77 118
69 194
36 69
126 187
34 93
4 8
3 85
30 164
35 50
121 194
78 92
89 120
12 113
45 118
148 169
177 196
88 190
157 199
26 186
12 84
31 88
21 68
43 137
78 98
93 140
151 184
40 123
36 105
52 102
152 154
71 151
111 130
93 129
69 120
67 105
51 84
105 145
119 188
18 43
18 183
63 121
167 186
24 161
22 165
126 128
118 150
0 31
61 125
129 130
196 197
81 187
47 132
139 167
72 182
42 137
0 117
36 163
76 186
61 160
42 139
40 112
72 89
112 151
149 193
33 98
173 189
131 189
70 105
108 130
4 45
121 124
88 197
110 183
164 171
95 158
62 135
70 152
159 182
55 60
88 175
117 158
61 90
58 119
112 118
1 117
77 115
112 190
100 165
47 82
23 142
86 192
29 63
38 189
45 197
1 125
133 160
147 194
2 4
18 114
122 171
31 189
48 174
53 166
74 100
0 98
192 194
23 184
55 174
5 164
19 166
104 130
76 78
3 32
21 80
146 154
130 144
143 193
104 196
159 178
48 159
28 194
12 103
159 169
86 138
157 164
46 52
14 82
17 122
2 114
12 39
135 156
51 142
128 198
39 199
129 199
150 157
54 193
162 170
60 165
48 81
18 52
32 127
1 134
0 1
155 192
13 63
107 128
56 114
65 106
35 48
64 198
57 192
4 114
169 171
172 175
2 145
81 176
63 129
82 130
37 63
76 123
51 52
136 166
42 59
107 183
47 77
21 58
56 62
136 180
63 184
152 186
8 80
68 137
102 143
7 67
92 142
35 144
171 193
53 63
46 165
42 160
46 170
16 54
33 104
34 169
138 167
107 127
19 127
64 162
30 83
121 122
26 157
18 171
80 81
24 46
80 137
40 126
56 107
