150 1000
82
20
48
71
85
50
109
117
98
37
112
119
117
69
48
62
78
118
111
117
102
76
33
48
90
110
76
55
73
76
33
87
77
61
38
42
91
80
91
22
97
83
21
94
32
49
88
43
99
80
40
81
36
53
62
106
96
118
93
101
27
106
68
84
47
38
58
70
98
29
72
75
44
73
49
56
54
70
79
33
30
52
47
98
37
89
36
113
39
109
94
98
47
94
114
74
113
52
24
91
113
29
47
89
34
28
26
69
30
37
34
40
21
113
70
39
34
38
84
106
27
111
84
106
37
79
60
30
63
117
102
109
26
81
78
92
41
84
41
52
54
108
24
55
101
27
26
116
45
43
69 73
18 82
6 148
9 139
12 136
27 48
14 72
125 132
51 79
52 93
41 91
65 114
0 8
20 78
8 107
30 53
129 135
29 49
44 110
18 30
118 122
45 109
132 144
72 114
15 45
38 68
57 133
3 65
75 133
90 144
99 135
16 22
84 123
30 46
64 83
108 113
72 85
55 67
66 127
13 83
1 143
50 104
9 134
17 19
63 136
11 122
12 34
138 149
7 86
29 143
53 142
101 138
6 65
33 107
35 41
28 99
42 53
79 130
62 148
48 98
61 110
72 126
113 144
53 125
4 101
4 46
49 142
16 107
49 100
43 143
73 148
85 103
14 54
52 67
15 18
15 125
90 141
21 105
18 126
57 75
61 75
106 124
42 134
108 143
1 127
50 142
138 147
6 55
65 110
70 83
97 126
19 75
31 118
38 146
113 140
71 103
98 139
31 59
69 82
24 59
68 70
11 111
70 118
16 33
30 86
6 18
33 93
53 78
26 116
49 68
23 131
22 121
81 105
31 53
14 123
2 77
84 120
2 147
28 55
73 88
23 86
14 68
128 147
32 80
65 103
87 139
71 74
29 94
124 126
43 97
22 30
0 84
20 86
55 100
30 77
2 88
98 103
95 131
37 61
5 11
14 98
140 144
19 141
19 143
19 114
49 143
129 136
49 58
6 117
44 60
36 149
47 134
4 28
41 132
141 143
57 98
93 143
47 65
118 136
5 58
103 134
22 106
57 82
50 81
63 141
99 146
42 95
46 135
25 117
16 140
12 88
58 73
22 83
69 123
83 140
37 134
21 49
41 130
104 123
23 120
66 105
117 143
14 143
4 12
9 25
93 135
78 83
7 108
41 50
26 76
63 78
100 125
7 104
111 125
83 95
118 149
63 111
65 108
70 124
51 117
4 65
36 143
46 64
43 114
87 122
68 92
68 87
18 41
45 127
2 60
43 121
106 111
27 134
10 116
83 97
64 113
51 140
54 57
3 97
18 35
12 27
16 103
23 80
57 58
68 112
111 118
80 135
9 119
32 85
71 106
72 145
99 113
17 31
46 86
87 133
31 138
63 82
42 89
34 51
47 62
44 88
17 57
4 53
61 141
39 127
90 133
15 138
9 34
101 148
70 117
58 98
82 148
122 139
58 124
36 92
30 105
24 133
36 140
81 131
0 58
20 133
8 51
50 112
54 95
67 111
21 111
27 71
43 51
61 69
55 109
7 65
86 140
76 89
20 79
79 109
130 131
84 114
15 40
37 46
59 69
6 142
20 34
85 115
34 78
45 134
42 110
32 70
101 146
111 122
7 92
5 137
57 89
72 80
19 37
43 149
26 87
19 60
52 135
131 145
19 92
113 115
35 52
48 56
61 83
80 90
4 85
61 130
76 112
15 35
7 14
34 67
71 119
17 100
109 142
65 106
2 64
4 120
85 117
50 78
37 121
58 84
20 113
119 128
53 99
113 143
16 27
38 134
0 1
138 142
0 77
56 108
47 96
24 149
24 145
36 134
132 149
56 101
29 109
22 103
21 124
101 109
59 101
100 110
123 146
56 146
14 50
53 149
110 129
36 50
26 86
8 20
76 137
12 17
88 115
39 62
38 43
21 98
34 144
48 140
6 59
12 39
20 144
33 63
114 123
69 149
8 38
20 68
37 146
121 127
39 44
86 127
77 78
128 138
17 83
6 52
11 115
36 39
10 79
36 130
2 96
70 71
18 27
107 129
23 100
84 115
62 145
51 125
29 139
15 73
67 99
79 110
20 85
14 49
30 137
46 85
83 116
3 58
37 45
12 69
40 148
86 87
60 137
102 114
16 32
77 115
58 99
34 128
27 130
62 101
66 147
51 147
16 55
54 61
118 145
87 130
66 116
24 79
40 105
24 31
10 72
74 139
19 68
10 48
98 111
14 110
10 109
65 125
21 65
36 60
69 139
8 49
37 73
87 143
16 118
69 88
30 110
12 98
75 130
48 130
47 145
70 112
22 38
36 111
50 82
85 119
25 74
14 41
83 94
32 124
44 96
76 124
21 74
56 58
5 135
105 107
20 30
47 56
48 141
35 73
0 23
25 94
11 97
42 119
53 146
16 40
141 149
18 73
65 127
102 131
132 138
2 112
9 70
109 146
36 109
19 33
18 37
6 44
60 92
59 129
35 110
22 53
33 139
30 66
65 92
106 107
27 67
17 80
127 141
27 76
86 147
25 112
15 58
31 128
1 142
36 107
103 129
38 141
74 118
105 112
62 139
108 120
89 138
38 80
16 115
10 103
13 24
29 129
62 83
7 136
22 112
65 145
0 15
7 139
30 128
52 69
61 139
27 40
43 57
44 53
11 109
42 78
40 63
6 47
49 113
115 123
12 75
38 76
28 83
58 110
12 55
47 116
53 127
9 12
73 115
23 32
43 117
8 73
22 124
57 87
30 138
0 13
120 141
80 148
92 126
31 109
6 105
49 60
35 59
72 108
76 148
21 43
115 116
29 89
40 138
79 80
70 92
40 133
115 135
91 111
50 58
45 65
56 94
27 144
1 55
47 149
2 17
31 65
8 106
19 87
88 89
71 81
32 118
37 123
80 147
23 27
62 131
89 121
27 125
130 142
8 44
11 27
61 93
94 121
16 101
39 111
94 105
50 63
12 45
35 47
72 109
43 69
44 100
92 122
76 131
104 136
44 99
99 138
50 123
56 84
64 89
28 102
91 103
2 116
38 101
53 110
112 122
4 62
69 126
57 145
9 95
1 105
97 100
70 94
0 52
4 142
32 116
26 149
64 88
100 141
16 81
27 137
109 136
21 34
81 126
38 122
1 91
5 25
83 141
79 89
17 113
51 78
81 82
27 142
0 3
14 34
24 148
53 122
63 79
25 80
4 102
87 137
76 94
16 109
94 147
11 78
106 130
78 139
33 119
7 119
21 36
55 113
71 80
16 52
34 147
21 46
42 84
0 2
1 146
51 64
83 126
20 115
63 139
71 148
10 86
66 92
66 101
19 48
41 118
3 15
38 61
24 76
5 128
58 78
124 130
2 123
45 115
29 117
17 35
6 94
65 107
62 113
31 127
86 94
64 105
12 118
43 99
69 122
131 147
72 96
43 91
109 127
17 77
124 143
88 124
3 106
13 21
47 107
54 107
74 128
19 66
91 129
110 140
62 88
56 131
91 113
84 139
84 110
78 92
99 114
7 63
109 115
85 118
86 145
104 124
27 94
84 116
42 59
115 149
13 28
32 44
18 104
85 90
13 128
32 92
15 92
26 58
26 57
104 111
112 117
42 130
61 64
22 60
8 59
39 89
123 124
78 133
18 22
16 51
45 74
4 129
90 100
10 115
57 140
7 20
106 119
95 114
80 134
55 105
10 140
1 35
23 95
92 111
6 48
62 117
19 124
128 134
70 148
12 145
86 92
94 130
42 49
84 85
43 45
93 119
42 54
61 90
112 129
19 24
38 96
132 148
14 16
25 67
37 136
62 124
32 94
68 133
3 136
82 120
48 63
66 117
79 83
45 103
5 142
43 55
112 124
52 121
29 107
23 82
52 88
59 126
29 55
6 58
11 93
112 149
77 82
94 123
87 99
17 33
28 145
24 95
87 136
69 120
7 12
22 71
130 134
3 42
136 148
106 135
85 110
58 109
56 127
113 142
21 137
18 43
29 63
105 132
20 51
42 74
26 143
48 54
92 120
46 128
59 77
64 98
15 24
57 123
2 49
23 138
32 88
1 93
101 113
15 36
121 130
16 141
6 97
28 65
13 39
18 59
72 123
116 140
24 147
113 149
73 102
12 74
18 36
65 149
3 21
66 142
41 60
4 125
95 122
31 41
4 113
103 132
6 53
105 119
123 131
9 99
60 111
16 120
14 127
0 34
41 127
91 102
13 88
44 143
9 104
86 100
4 14
35 92
73 109
8 40
17 119
42 132
64 78
107 148
79 148
43 56
92 134
7 60
106 125
52 79
17 54
15 83
9 58
69 119
127 134
5 110
2 47
27 39
38 66
27 88
5 82
64 118
90 91
44 126
20 143
87 98
59 128
97 148
128 132
88 127
24 40
79 142
51 111
8 108
16 66
40 80
32 34
21 62
76 93
25 107
82 85
80 84
33 114
53 57
86 97
39 136
119 126
16 44
35 108
121 125
44 140
126 144
127 130
10 57
74 95
50 72
8 131
19 147
56 99
25 127
77 93
49 52
18 97
64 141
20 37
129 143
48 88
40 86
83 90
32 105
48 131
10 125
32 126
80 87
72 81
90 142
52 124
103 144
89 96
25 39
78 87
62 127
14 47
21 119
17 79
54 141
31 142
75 131
58 111
39 53
45 139
15 31
97 134
9 89
86 132
69 128
14 92
80 99
68 139
3 121
58 86
112 130
38 89
102 112
15 148
137 141
22 113
58 63
41 149
30 149
51 82
70 135
97 109
50 100
12 37
36 52
80 96
75 95
118 130
57 79
95 109
120 147
132 139
13 114
12 146
27 78
12 115
126 148
