200 250
21
73
36
100
76
90
77
83
30
113
82
78
49
89
35
67
57
93
72
39
34
31
88
32
50
110
50
20
102
77
109
104
30
77
36
38
47
45
101
57
91
116
67
20
85
82
67
22
108
119
93
22
82
61
87
65
51
117
65
34
26
106
70
36
63
38
106
42
63
40
79
86
36
78
86
101
41
33
55
81
84
28
35
99
69
102
44
53
52
41
119
58
28
21
27
71
39
65
94
34
85
105
101
53
116
119
86
89
85
21
50
101
29
117
80
31
100
56
116
84
78
67
22
86
68
81
89
39
27
115
105
44
53
86
78
49
86
44
118
51
98
100
32
59
97
45
22
29
81
118
93
39
117
96
57
117
109
79
36
116
74
22
41
107
40
51
88
58
75
86
89
105
66
54
45
96
31
47
105
92
98
79
64
95
107
53
93
96
112
61
45
119
115
66
58
36
49
27
74
104
82 94
32 61
63 176
87 182
25 29
137 171
80 139
36 188
54 61
31 48
35 70
58 59
89 139
137 155
44 143
10 177
42 90
18 190
58 78
1 35
59 124
172 198
8 157
18 186
18 62
18 49
30 40
108 129
15 121
18 64
11 29
102 194
23 184
33 120
14 73
68 73
192 198
72 155
0 10
14 125
95 180
21 64
124 125
47 102
121 139
63 151
57 102
5 77
125 194
8 63
83 151
82 101
76 106
8 76
85 116
43 97
107 180
58 70
31 172
57 122
93 120
25 147
30 130
124 177
40 108
59 132
123 166
112 199
72 120
28 189
5 71
38 137
108 130
113 195
52 80
35 126
61 125
25 55
2 91
131 151
63 194
118 162
30 74
69 102
49 194
43 199
33 72
2 89
84 141
67 174
89 103
14 52
77 116
69 159
32 152
26 111
15 73
96 197
118 148
52 94
47 167
40 46
81 135
22 194
19 62
108 148
0 117
33 74
78 143
110 192
47 55
63 88
129 185
12 29
16 103
22 123
64 121
62 145
9 56
28 119
23 68
88 140
68 163
98 125
58 117
8 106
49 125
6 121
34 133
35 89
110 150
14 111
32 126
40 111
30 87
68 110
98 109
50 119
72 127
17 130
178 196
36 121
27 157
13 127
43 114
102 193
165 177
159 161
43 70
1 130
22 52
40 151
42 131
3 22
39 169
85 166
17 74
39 44
167 183
26 57
81 111
58 171
29 82
19 72
104 173
3 157
43 195
60 126
38 82
7 81
118 121
91 125
165 192
135 176
84 145
154 165
8 126
37 176
147 160
65 110
113 120
22 67
82 108
98 193
26 116
58 189
145 183
80 89
100 168
65 184
20 65
73 102
78 98
58 63
173 177
98 123
38 97
98 165
111 131
47 197
55 89
34 37
69 190
91 124
37 141
27 102
113 129
11 176
39 159
22 137
97 164
2 187
152 195
52 126
15 49
105 126
56 163
47 91
32 167
22 90
109 117
22 124
47 100
158 186
8 91
7 95
82 105
52 161
14 187
2 179
15 57
72 107
20 151
4 119
9 118
27 178
78 103
2 125
155 188
36 47
83 148
5 6
166 168
58 105
182 189
59 197
46 167
18 69
118 140
174 188
