300 3000
113
65
113
71
51
64
65
106
76
116
22
89
56
59
78
47
109
44
96
108
56
106
104
109
62
68
29
46
85
69
70
30
115
115
82
98
112
79
84
68
27
38
37
115
29
47
43
118
24
71
58
112
57
42
101
51
90
63
77
107
112
79
118
59
27
32
37
119
43
53
119
102
23
88
97
33
115
72
31
119
23
70
112
113
92
45
44
115
88
54
102
33
113
52
24
20
116
94
71
39
27
70
21
83
38
51
96
86
103
59
85
59
61
29
104
86
107
28
81
75
114
63
40
108
48
45
108
44
71
112
116
78
62
69
93
33
100
69
99
36
61
116
27
102
78
111
68
65
71
29
72
66
25
45
54
105
70
94
29
21
86
77
31
29
27
105
94
59
106
25
27
99
21
34
82
79
25
30
76
77
92
29
23
49
54
109
34
56
83
95
109
50
53
72
111
112
109
37
103
48
42
111
27
43
77
89
55
35
52
63
44
76
24
47
105
110
88
71
46
51
46
87
33
79
40
76
23
29
93
107
57
115
50
65
91
59
86
78
74
70
21
98
26
26
77
63
116
97
114
95
29
41
62
94
52
82
51
56
44
76
95
33
72
77
30
95
116
97
53
23
47
54
53
106
60
63
49
109
40
44
84
101
117
26
76
49
41
107
37
65
63
64
30
67
21
41
42
70
70
27
183 189
99 127
179 190
98 165
167 284
233 258
146 190
19 233
21 156
99 229
95 296
79 278
24 157
16 230
60 134
2 76
17 227
129 248
117 294
98 101
56 214
87 104
106 202
37 276
14 188
63 205
183 283
142 193
72 259
71 209
258 285
27 73
202 212
27 82
125 249
163 235
74 181
19 136
56 232
112 247
17 297
62 280
204 252
173 263
28 82
34 286
108 119
13 84
40 62
63 166
101 217
98 278
228 297
160 286
98 106
103 159
167 221
135 171
61 125
134 153
195 221
15 191
81 256
99 143
17 48
259 265
170 237
98 116
102 235
11 93
170 201
120 196
31 92
269 292
92 178
175 288
66 99
55 180
23 206
71 76
35 223
89 93
24 205
244 259
7 255
104 260
0 177
81 269
84 125
228 291
3 166
155 268
23 284
59 87
163 229
152 183
250 272
275 298
177 294
184 286
91 249
126 197
143 278
148 227
155 191
158 208
109 176
65 93
153 200
129 205
68 88
34 71
60 84
98 237
78 84
79 173
70 227
123 257
100 105
102 255
10 48
157 166
187 231
3 87
136 208
257 268
54 296
28 56
126 138
45 268
218 262
99 242
41 57
65 141
167 214
149 263
15 230
117 120
123 298
187 204
31 224
27 144
224 279
135 169
102 180
64 138
151 237
58 244
46 175
137 261
95 286
25 224
44 53
52 142
98 220
239 251
22 135
1 31
59 218
161 223
113 151
2 277
36 102
149 298
135 263
58 110
34 122
83 227
130 277
50 279
75 270
54 98
137 157
151 216
55 126
129 206
107 239
42 260
195 258
158 191
53 146
217 268
52 87
195 269
30 227
72 105
126 249
107 255
15 159
70 75
205 285
29 277
41 64
19 259
0 262
117 146
15 86
154 166
113 191
123 221
92 247
78 94
73 86
140 201
28 297
34 211
233 292
11 297
30 33
8 33
44 178
59 231
16 149
207 213
15 89
159 180
11 36
162 253
97 154
54 146
183 265
168 180
192 257
218 291
226 274
19 76
60 104
121 130
96 261
28 276
185 261
136 273
89 272
121 187
242 296
231 267
147 259
151 269
69 91
12 66
88 296
137 152
200 267
162 273
54 63
0 190
67 78
26 39
220 265
160 268
127 207
199 219
26 50
118 188
172 200
220 236
40 73
72 293
40 98
155 156
97 204
156 271
176 182
10 148
148 222
107 116
67 101
26 127
169 266
41 297
218 233
259 261
6 86
99 252
159 184
88 255
8 163
111 184
46 173
84 246
95 200
105 248
184 267
75 189
73 150
121 230
65 132
30 136
164 266
171 295
3 106
34 217
132 240
24 90
78 237
236 277
237 296
12 120
22 185
137 168
143 196
164 275
13 246
111 229
158 212
18 100
134 214
154 287
19 129
97 230
118 259
55 85
205 256
119 193
257 280
113 123
205 277
151 218
14 275
147 187
173 299
87 257
185 244
204 293
73 275
54 191
139 235
243 246
66 97
77 188
54 75
32 200
83 103
59 250
118 149
43 246
200 204
85 182
148 175
274 290
44 202
189 217
164 183
184 280
73 282
57 109
10 127
141 210
113 143
269 283
44 268
26 244
172 208
29 72
19 135
38 98
16 115
279 299
164 232
31 214
89 237
75 116
16 78
100 111
52 155
68 78
99 292
39 180
116 174
215 252
67 264
231 244
66 163
150 160
97 129
256 291
142 265
95 224
35 210
195 262
15 190
41 59
132 273
58 228
143 225
75 293
71 126
41 111
231 261
80 222
178 252
97 146
102 192
57 137
19 88
79 155
112 172
267 296
145 195
55 123
38 130
168 216
201 279
184 257
231 293
264 297
61 109
196 263
5 253
93 152
24 283
1 189
52 185
163 292
175 253
95 174
127 169
75 178
11 120
109 275
169 270
65 88
94 285
70 137
120 240
27 88
25 208
79 123
7 18
76 192
102 297
20 229
36 101
59 271
58 199
88 95
211 293
232 233
58 104
173 198
131 134
223 263
9 241
22 86
176 186
135 258
63 158
41 259
151 152
210 282
52 123
45 57
34 290
30 92
146 256
30 290
90 265
99 293
67 259
145 237
73 243
101 155
136 196
113 287
49 95
153 249
7 270
4 250
49 281
148 195
190 237
79 277
156 270
115 178
89 168
33 260
167 293
129 186
63 299
164 168
147 170
17 117
229 268
122 278
1 22
225 238
203 213
17 69
225 247
15 184
167 196
100 160
63 286
178 289
38 210
43 237
80 112
61 106
80 280
39 81
3 16
71 216
88 271
249 285
88 221
16 255
116 117
116 232
154 157
110 244
67 205
181 199
18 40
98 260
20 51
23 232
3 120
143 239
144 276
92 232
108 249
118 239
55 276
50 183
127 213
32 118
61 284
101 136
287 296
48 121
145 271
26 168
11 136
165 170
154 156
16 114
146 233
201 293
35 176
0 166
55 251
116 119
7 235
217 231
46 91
31 69
251 288
96 124
15 18
41 171
208 225
71 187
193 232
24 228
108 191
164 229
100 142
32 129
159 250
60 258
92 93
27 81
43 175
110 257
194 299
171 281
207 221
152 242
153 266
80 262
61 209
103 178
210 213
73 232
45 212
5 83
110 137
86 232
44 286
43 232
76 95
54 155
97 297
151 206
38 115
25 165
95 152
65 180
57 113
190 270
158 273
27 47
136 166
31 122
74 210
57 106
203 261
111 200
69 110
103 277
20 107
54 259
115 235
77 173
48 267
195 206
222 241
5 77
36 88
50 251
109 163
66 159
122 270
18 232
91 122
199 261
16 194
62 210
251 287
51 235
182 255
9 248
14 156
77 245
50 80
47 213
189 207
11 279
50 229
21 295
172 256
118 272
182 272
180 275
167 222
26 229
35 49
177 206
6 49
100 203
2 86
27 65
97 261
38 191
85 147
71 264
93 288
118 189
70 222
93 144
120 237
39 73
2 207
245 257
8 200
94 109
202 226
121 164
23 211
107 170
48 71
142 241
111 183
5 105
178 294
3 277
33 185
6 30
66 194
55 282
185 213
86 281
57 101
208 298
98 227
31 221
142 240
156 252
161 175
105 110
87 155
161 241
24 219
23 270
6 285
25 250
59 243
37 44
87 116
43 252
35 185
16 178
172 177
104 182
85 292
262 293
123 132
156 286
9 94
79 179
67 204
10 82
119 263
54 131
58 206
143 227
93 243
21 22
168 204
5 127
141 248
80 298
16 284
110 289
46 220
113 241
23 124
140 176
142 230
100 271
198 289
134 244
194 265
62 157
36 221
119 170
118 177
2 245
43 154
55 252
263 296
66 140
20 242
214 280
3 224
15 265
202 259
100 148
9 224
198 210
45 81
68 274
122 199
106 219
218 274
58 233
22 176
73 94
105 170
9 95
24 109
60 63
212 283
211 259
173 221
157 266
254 277
206 292
152 211
12 70
70 237
12 55
129 299
106 169
115 286
147 264
77 139
174 262
173 289
186 211
43 98
105 229
73 222
11 225
75 185
47 175
102 197
187 196
283 293
22 66
30 109
0 169
107 132
149 227
60 156
41 208
13 281
15 76
201 258
57 151
48 128
15 160
195 245
217 221
93 139
253 274
201 271
28 102
66 214
236 274
249 255
8 271
25 266
224 228
24 52
119 274
179 183
37 101
101 182
75 240
187 263
28 41
94 291
255 280
120 263
128 281
59 234
147 210
223 287
16 262
81 211
42 94
12 131
165 247
66 239
240 253
20 202
246 295
2 166
278 287
167 251
18 66
58 161
41 123
126 252
169 256
99 269
46 52
118 134
38 127
124 240
171 199
66 186
173 216
53 191
176 272
142 246
4 39
56 80
85 188
104 184
156 157
43 282
20 275
99 222
122 261
199 270
195 240
45 116
44 86
17 281
56 290
99 285
189 216
274 282
86 104
13 158
140 242
57 269
31 161
120 174
142 205
73 145
38 241
176 190
208 285
28 157
127 205
111 161
215 231
141 247
229 241
38 282
195 211
83 121
27 121
226 246
16 172
115 188
192 225
23 102
91 253
132 296
49 159
280 293
75 292
56 122
156 234
146 197
103 267
224 280
258 294
170 219
58 274
34 167
36 109
41 269
17 200
174 249
177 219
4 282
104 212
60 198
12 258
115 147
179 225
39 272
138 209
112 191
20 225
31 56
52 86
97 286
23 70
247 288
22 295
3 207
157 190
4 73
5 298
96 183
73 270
5 213
77 186
190 217
185 276
35 270
15 92
55 58
53 91
77 94
12 255
209 221
145 282
202 277
32 213
55 298
55 286
20 224
133 211
70 142
164 239
105 254
164 256
9 47
86 269
34 193
93 102
7 238
136 285
140 220
190 198
236 275
246 296
131 161
55 259
198 201
7 219
205 227
214 223
53 219
30 146
38 73
137 209
23 29
181 273
157 220
166 261
122 205
49 216
177 250
114 148
9 19
75 232
101 286
91 229
20 259
145 289
126 297
72 106
156 288
76 97
59 197
102 294
43 233
18 163
45 184
11 55
87 256
39 242
240 268
13 85
74 280
158 277
201 265
102 109
251 253
150 237
62 231
4 48
26 74
71 211
222 258
178 266
9 218
2 260
45 238
15 218
120 173
73 248
102 138
143 182
53 119
45 168
49 102
128 216
127 175
186 251
49 130
111 152
48 113
113 286
128 158
30 257
53 205
103 244
7 37
60 87
185 208
10 280
196 286
162 190
23 194
48 125
24 200
124 236
13 101
162 224
119 281
34 254
24 110
83 278
118 147
56 196
55 176
41 118
61 73
148 203
3 7
31 273
204 261
207 269
62 69
95 193
200 241
17 130
10 160
101 209
30 297
17 85
173 188
179 298
82 249
147 256
86 172
39 42
134 246
63 248
9 67
44 60
209 226
78 271
138 231
169 180
198 228
6 153
86 185
87 152
43 158
134 223
57 252
15 132
6 199
24 102
12 285
28 90
166 256
21 189
1 87
87 146
173 206
31 58
103 260
55 161
85 261
241 265
73 142
200 281
24 57
36 54
95 134
53 251
140 292
4 79
211 286
4 70
16 21
173 183
123 187
64 268
162 204
185 189
115 266
169 295
2 142
4 233
57 245
236 290
241 249
69 288
126 152
58 173
194 283
18 56
76 222
127 134
76 239
54 64
42 111
96 275
31 253
29 251
140 266
90 241
62 207
111 130
36 188
135 223
145 153
146 221
25 39
115 160
141 266
157 253
254 294
25 258
35 209
53 218
60 202
12 265
123 190
78 205
40 160
5 53
245 251
278 285
191 276
152 170
62 209
123 203
68 133
103 281
95 199
157 297
169 259
149 262
257 279
32 208
14 206
284 292
12 191
95 183
93 182
57 157
48 225
29 243
29 38
238 280
35 239
50 159
140 204
119 270
178 213
204 227
84 240
27 272
207 252
0 280
101 244
239 258
130 287
111 277
65 277
102 136
167 243
93 137
58 114
18 67
204 286
10 258
231 263
106 217
150 270
139 146
71 97
86 201
115 136
64 113
167 232
1 99
146 162
236 276
4 205
47 191
5 208
191 253
170 268
50 170
140 189
17 263
38 103
174 217
270 281
39 203
40 200
2 114
187 239
91 92
138 295
35 203
40 195
146 216
196 210
86 103
85 103
66 175
35 258
49 229
69 140
132 269
181 186
84 120
125 227
120 264
51 117
12 75
91 274
53 280
67 170
8 208
27 170
181 183
62 285
110 131
125 294
58 153
180 289
58 230
194 216
85 230
58 297
140 149
32 130
194 254
119 262
146 181
0 244
162 183
8 75
208 280
119 141
49 269
199 237
181 296
22 293
172 291
75 134
2 80
30 251
234 292
70 116
60 73
187 285
134 194
168 253
35 189
54 286
50 127
149 219
44 263
73 230
10 68
78 244
61 201
3 60
24 172
9 129
60 263
42 268
22 169
48 80
52 125
169 250
15 23
53 151
151 213
122 229
157 235
130 270
154 290
119 142
216 254
102 286
18 208
98 177
2 256
150 206
217 223
126 282
133 271
39 145
62 248
132 245
122 218
119 242
76 119
113 231
66 160
74 211
114 214
33 137
15 31
2 263
54 148
199 262
2 31
221 259
111 206
86 148
205 282
77 276
63 259
181 190
102 171
85 256
268 289
222 299
56 237
54 204
5 291
218 294
37 178
243 267
41 53
23 143
10 171
74 153
43 183
54 255
197 263
140 165
4 114
60 217
23 52
16 95
28 235
108 165
161 255
33 172
179 186
62 298
5 230
116 127
8 21
25 45
123 262
86 227
102 285
13 22
89 164
131 254
24 243
212 238
199 246
78 162
132 160
114 192
238 294
39 69
244 264
53 102
90 171
245 256
46 155
38 109
0 186
265 282
124 233
263 286
63 147
7 198
115 262
8 67
106 136
99 122
80 152
180 294
201 249
110 226
279 292
274 296
120 296
158 259
74 106
56 81
120 172
128 148
37 278
100 227
131 169
76 173
177 256
79 174
235 284
71 214
33 97
205 262
108 221
64 182
79 120
15 200
44 163
74 80
60 252
122 226
2 191
47 69
11 221
200 246
23 257
212 290
172 174
196 280
147 260
214 226
132 229
177 178
144 259
97 251
19 178
262 271
70 180
83 191
35 43
52 189
27 291
3 228
135 153
31 209
16 42
61 203
194 226
76 126
159 296
39 70
11 195
5 91
165 186
244 288
2 229
171 284
172 192
107 236
150 298
4 201
250 263
39 127
77 175
199 214
146 210
58 151
127 296
72 191
243 262
19 229
121 134
123 126
120 276
73 127
78 240
31 201
128 155
106 230
43 128
68 153
32 196
201 223
179 268
169 263
142 150
34 276
24 160
99 144
189 279
181 269
57 222
212 264
51 195
70 146
23 138
55 299
34 252
31 54
132 252
69 274
2 103
16 127
23 154
133 257
138 292
190 215
102 154
266 297
112 276
73 114
163 180
115 201
7 211
164 299
77 273
19 232
28 198
182 248
205 221
95 257
180 198
163 198
139 247
62 72
5 277
253 258
145 216
144 266
95 132
151 170
27 198
49 276
22 80
147 233
29 288
104 220
19 279
171 278
210 233
51 215
56 263
108 226
192 272
4 105
174 287
8 66
72 110
42 204
28 132
51 172
109 207
140 145
16 226
118 136
1 221
104 264
30 277
2 124
129 274
13 159
55 167
79 128
29 174
32 162
136 202
63 86
43 231
22 203
21 247
1 210
14 295
24 265
96 142
26 122
185 271
78 187
105 267
134 206
193 291
48 147
127 135
170 210
113 118
66 192
103 134
67 129
84 169
18 206
226 232
192 249
80 170
28 275
99 286
161 292
210 277
104 139
45 49
27 215
214 271
33 48
74 152
230 296
136 237
66 215
10 120
217 290
142 245
17 241
179 283
261 285
89 176
117 186
144 277
101 191
116 135
242 292
222 287
276 290
108 110
244 282
119 161
261 273
42 158
141 255
221 240
10 154
117 272
146 248
102 116
38 284
30 289
227 276
4 269
5 114
78 249
96 249
110 121
20 262
164 217
137 161
16 210
79 200
148 288
156 225
193 239
45 172
49 268
25 141
163 271
12 274
136 220
185 235
101 156
69 152
62 239
85 139
125 193
39 119
34 42
134 227
33 180
1 151
229 292
26 145
16 52
209 288
146 240
148 223
76 248
218 239
55 190
84 130
169 181
255 267
141 211
245 246
21 97
3 298
77 141
148 157
57 181
122 146
121 255
203 270
197 240
140 142
24 296
229 276
157 248
124 194
146 154
43 205
184 201
49 282
94 163
158 292
37 113
60 113
63 69
0 263
48 255
231 288
234 277
225 266
90 91
171 298
214 288
189 203
151 185
245 290
190 289
14 102
83 250
2 217
98 172
51 86
28 155
20 121
6 164
177 264
162 252
92 117
194 243
2 184
154 240
85 229
44 151
46 83
53 234
32 49
100 225
133 171
180 243
6 186
159 270
73 116
260 275
169 190
244 255
105 195
176 195
93 259
79 242
12 43
164 290
35 143
75 123
30 129
14 190
130 152
127 263
90 154
45 48
98 205
249 292
148 168
145 241
139 179
21 244
182 185
77 234
109 272
2 152
218 290
142 192
48 208
21 190
62 121
212 287
27 279
162 175
59 199
79 168
241 250
23 184
9 178
13 150
205 212
136 149
107 184
57 128
75 171
62 250
29 136
94 298
256 293
109 124
59 72
295 296
78 199
61 291
5 150
115 246
73 278
38 280
174 187
9 281
17 224
27 33
99 142
144 260
139 299
8 207
147 207
81 115
121 186
184 231
261 288
78 257
197 294
3 253
177 230
21 257
215 263
107 109
160 227
287 299
67 198
157 195
10 23
210 290
183 273
94 223
104 235
1 255
283 284
57 184
147 241
7 251
6 262
81 239
186 204
248 281
138 184
255 284
107 190
88 109
141 171
116 155
1 125
66 265
200 289
207 220
182 293
232 265
170 263
170 254
118 150
40 288
2 243
24 162
165 185
108 271
6 140
15 131
141 280
93 249
1 263
51 266
67 247
117 188
61 287
78 290
56 155
204 241
20 175
26 49
65 67
208 210
97 159
2 119
55 81
82 184
73 81
3 262
77 198
0 238
131 190
247 280
38 184
110 240
179 188
98 159
10 141
76 91
210 248
22 27
31 44
242 284
36 108
50 180
212 219
9 297
96 290
119 208
8 84
87 243
158 226
220 251
63 68
42 91
86 90
122 126
80 282
13 215
32 134
82 225
22 196
15 124
208 230
69 75
203 286
206 295
115 206
270 286
80 184
26 61
166 235
153 298
68 217
1 11
237 254
135 150
11 218
219 293
62 293
31 174
57 81
173 238
109 199
21 135
65 256
40 63
160 173
127 226
64 167
69 114
125 127
120 287
33 45
182 219
64 239
2 52
164 171
262 273
70 283
161 187
239 253
3 164
114 130
33 143
246 257
73 102
82 142
179 193
151 291
66 203
46 283
197 256
169 292
85 283
123 140
148 289
43 270
22 268
0 124
41 82
266 286
14 193
113 165
185 231
68 283
195 214
223 291
35 93
92 230
19 267
70 219
8 92
30 262
60 262
153 207
96 225
110 191
56 171
27 108
148 287
91 254
43 134
177 188
21 170
118 241
41 240
49 212
32 174
132 144
91 188
36 297
68 240
199 239
226 296
47 284
74 190
170 290
25 219
110 247
281 292
33 240
152 221
6 135
78 267
150 266
110 200
54 178
5 140
118 137
217 232
160 215
237 280
91 134
126 184
72 124
45 160
47 276
51 54
66 254
72 176
178 206
46 54
184 224
168 235
160 194
54 278
11 75
209 291
102 227
88 226
0 103
23 131
47 127
113 237
61 81
287 289
95 239
85 175
20 73
95 266
74 233
20 61
63 85
22 239
42 110
145 217
157 276
67 265
22 200
11 26
239 265
77 107
150 288
135 145
114 217
196 251
32 219
74 242
29 159
140 271
152 247
49 271
72 212
224 290
135 163
7 294
200 292
142 173
70 241
55 278
226 287
19 59
1 145
145 227
116 213
65 119
115 168
79 88
12 292
69 128
77 228
174 220
48 277
115 270
145 170
26 158
71 85
229 269
75 138
51 196
15 243
59 168
183 257
138 228
208 269
37 282
66 222
37 82
37 253
115 234
57 163
144 200
26 38
222 271
142 215
10 237
173 274
164 267
153 289
72 261
161 290
212 243
78 228
1 17
31 235
132 246
84 293
71 90
62 122
16 294
277 283
3 27
208 294
61 167
35 292
18 153
133 238
148 292
150 179
227 282
125 272
66 267
44 241
29 90
9 58
36 73
113 282
83 281
95 118
25 170
196 230
187 240
88 116
179 266
19 158
1 196
119 131
163 227
112 245
17 122
55 90
169 210
124 293
202 272
164 227
112 142
134 209
25 299
222 230
45 89
137 272
52 216
29 199
216 297
53 203
58 113
235 274
159 176
75 207
64 187
187 235
142 209
202 258
91 283
199 230
143 181
193 280
97 235
208 246
101 272
195 260
154 200
35 55
7 222
171 294
65 161
31 203
157 251
234 289
248 272
91 186
153 166
3 284
102 282
203 263
6 158
206 215
64 250
71 261
185 224
65 138
20 250
169 202
177 210
74 182
20 36
57 293
39 147
2 39
46 102
17 212
252 276
19 266
47 295
164 203
133 153
54 236
107 165
48 265
42 147
167 235
14 211
28 168
9 240
13 237
8 268
31 67
4 234
189 231
88 219
244 247
84 209
126 295
108 170
37 112
18 104
75 99
84 272
91 262
60 150
181 270
111 168
8 216
30 212
115 255
3 121
229 293
173 286
25 262
96 99
66 226
91 195
11 286
105 213
46 75
146 226
37 70
22 67
30 282
155 234
33 280
136 206
18 162
169 220
258 287
96 205
130 159
191 235
72 290
62 218
216 285
253 286
7 72
20 37
59 227
28 64
109 278
31 249
236 288
127 141
170 286
84 157
74 110
80 219
136 290
117 295
125 174
120 247
214 231
37 174
22 238
117 183
118 216
204 214
93 158
28 97
131 182
185 293
8 157
74 299
191 293
46 219
68 218
35 166
41 149
124 223
31 241
0 107
73 112
256 270
54 167
51 298
236 292
93 244
118 295
61 138
94 110
12 182
217 276
69 214
86 153
153 296
70 198
109 169
215 237
272 287
151 208
31 148
54 149
195 244
41 211
54 145
54 83
20 114
152 207
5 157
154 293
192 210
113 213
85 235
139 252
45 284
39 151
133 286
96 148
28 202
134 241
107 285
154 190
14 63
8 195
193 252
65 178
158 165
111 202
56 299
95 151
134 280
51 77
70 296
178 291
181 202
192 265
128 252
235 286
128 204
21 164
39 82
150 275
138 275
245 286
178 277
120 229
54 282
177 234
55 284
158 299
1 39
4 236
117 242
156 282
76 257
6 214
214 252
72 280
87 195
106 130
188 264
71 107
18 172
109 126
162 186
87 279
187 256
78 193
115 171
175 248
29 281
225 248
106 120
107 136
266 295
207 219
81 284
93 145
280 295
39 160
64 227
117 194
40 172
9 173
39 215
16 26
22 123
17 214
89 121
126 288
134 202
162 271
3 194
157 285
164 273
33 264
125 229
62 92
36 46
82 159
151 260
1 133
127 139
25 87
98 250
102 271
159 257
18 133
103 221
53 110
280 282
72 172
3 192
39 132
214 290
199 250
65 200
135 205
79 223
229 282
225 254
83 84
101 263
236 269
22 256
47 236
5 271
60 61
193 216
99 206
50 160
157 225
2 292
81 182
165 267
11 192
94 119
29 82
248 298
18 256
21 117
78 245
6 141
57 138
251 289
111 263
42 89
217 271
124 184
136 187
7 129
33 158
141 281
156 212
229 238
29 183
59 170
192 279
239 295
145 167
73 136
168 249
5 21
64 170
60 206
203 268
118 193
198 199
9 76
69 122
101 259
14 250
70 96
16 281
54 267
135 152
4 225
127 192
114 257
215 239
33 211
158 284
40 219
106 109
178 260
128 175
108 297
216 264
29 152
254 272
96 216
53 134
31 125
101 268
53 85
64 295
38 156
196 215
18 93
156 193
17 274
135 191
193 207
103 222
75 111
208 229
44 115
127 261
240 282
26 228
35 44
21 125
201 236
22 271
82 230
108 164
107 247
141 295
67 99
44 226
138 270
97 152
77 134
221 230
122 251
47 75
121 240
46 74
51 262
234 299
189 192
7 80
7 119
10 52
15 29
162 179
167 296
97 256
130 269
68 101
93 257
55 189
219 241
192 292
134 184
133 215
191 252
274 295
55 262
11 176
230 234
172 243
80 194
73 233
83 262
26 152
138 297
145 156
189 202
36 100
29 238
12 200
75 85
71 77
1 5
14 137
140 247
70 210
61 114
11 145
47 270
70 200
56 139
289 294
53 221
6 194
23 180
129 238
77 144
24 75
36 198
259 286
46 100
72 244
94 111
43 63
179 217
36 273
71 78
267 292
183 213
50 64
179 237
54 66
75 129
90 111
27 129
195 281
70 93
41 113
208 258
45 245
168 231
75 198
164 210
101 126
141 180
217 219
10 61
28 89
151 190
172 215
37 98
17 139
203 225
98 248
81 222
49 116
28 32
60 196
186 290
49 131
67 268
48 129
29 129
218 272
32 186
144 182
213 223
21 178
138 171
113 126
253 294
162 285
22 222
64 233
109 282
176 196
250 296
5 31
177 275
3 209
199 213
91 189
112 165
3 67
88 246
41 116
240 278
15 78
11 201
10 131
27 45
238 295
76 295
5 27
22 82
215 236
58 282
94 125
192 275
64 97
190 265
157 183
145 250
51 81
97 207
109 197
92 237
171 192
214 242
6 209
202 288
20 27
47 134
272 284
111 214
21 249
97 245
60 90
49 129
157 290
2 246
190 227
221 225
157 231
59 131
203 271
139 158
163 250
114 194
77 195
135 175
141 144
222 283
51 256
33 114
31 93
20 168
93 222
79 294
77 177
48 190
29 80
82 258
192 204
196 270
83 100
197 293
119 227
184 276
61 223
16 50
93 218
67 89
63 83
140 198
12 88
92 241
170 199
114 226
104 123
84 256
206 281
186 249
153 277
122 128
39 224
144 184
142 285
3 205
120 201
98 132
39 41
211 276
203 290
26 146
103 196
101 274
96 133
172 229
108 214
111 172
64 231
116 270
9 105
69 92
47 51
147 198
9 125
52 162
156 257
58 188
285 289
213 287
73 272
224 236
144 207
0 114
23 157
116 175
226 278
125 215
41 176
135 229
144 255
137 143
178 203
180 190
91 238
55 216
210 279
106 152
204 239
262 272
61 147
40 130
46 125
2 165
52 139
94 231
68 197
152 289
170 246
89 94
5 122
181 209
120 228
113 252
135 174
99 265
266 276
63 184
202 278
48 185
81 90
79 89
12 184
168 172
34 225
267 294
134 274
88 299
223 226
77 226
192 240
4 53
76 84
65 258
45 59
2 127
144 149
161 206
28 127
85 114
104 131
81 291
105 169
83 290
144 216
85 160
161 265
141 289
49 99
106 147
158 161
26 59
5 232
85 220
5 111
199 216
32 188
207 293
249 254
98 128
40 218
79 235
6 128
107 120
227 280
6 190
32 88
17 222
128 230
181 280
96 168
55 213
162 167
5 42
18 223
83 253
54 141
82 174
0 62
7 101
241 252
108 138
68 177
157 289
1 137
25 215
82 198
100 282
117 173
106 227
240 258
153 258
2 7
6 265
0 109
139 261
258 259
47 261
176 289
10 64
98 239
111 164
215 269
143 173
209 296
183 211
3 201
10 282
143 279
102 172
238 271
34 115
96 291
75 212
2 14
62 165
230 277
73 134
43 202
69 85
6 125
27 286
62 76
234 276
230 266
46 258
52 106
37 127
18 91
80 193
123 256
109 142
11 248
17 237
96 243
135 194
23 75
85 183
151 211
71 134
29 177
180 229
135 269
108 205
1 61
37 69
176 198
124 212
149 209
58 194
168 245
119 253
24 40
253 269
106 185
199 293
59 155
216 251
113 288
197 239
148 166
60 99
244 258
200 203
84 117
40 124
