300 750
36
52
31
55
99
45
39
54
72
58
22
61
69
54
89
65
45
23
64
62
55
29
54
45
31
23
52
25
114
46
58
30
31
69
117
110
46
37
96
98
27
98
92
76
84
61
21
109
64
117
52
51
27
38
28
38
93
60
95
87
39
33
49
50
34
47
92
61
116
69
39
23
99
63
31
64
104
84
105
101
82
37
84
89
107
93
59
32
85
34
99
104
99
81
86
113
60
59
54
56
108
26
111
87
69
74
31
106
38
117
39
100
86
55
21
26
80
112
90
46
26
22
82
57
83
49
51
75
88
37
111
28
43
54
95
45
108
59
83
26
108
102
59
26
89
112
84
50
105
55
28
63
57
90
101
72
119
84
27
39
101
70
47
77
104
23
54
44
114
117
102
102
99
93
60
20
86
25
50
71
60
58
114
97
29
47
101
80
111
108
52
45
58
79
102
94
34
36
70
28
85
52
62
116
26
103
116
44
60
47
95
100
85
41
29
46
21
110
59
112
98
91
37
88
50
71
62
117
39
112
77
104
96
72
100
54
55
97
78
47
76
105
27
41
79
36
20
80
78
111
72
56
82
42
76
64
93
70
113
65
114
71
49
90
23
30
77
110
59
35
37
115
73
96
88
32
112
40
44
22
31
48
58
93
22
66
90
96
116
83
93
110
86
22
32
89
84
89
31
23
123 222
18 83
244 267
102 184
35 181
180 289
154 224
101 124
172 183
11 71
27 215
75 285
121 209
26 297
229 249
223 240
11 104
49 58
161 278
65 285
26 94
0 297
3 122
101 186
164 294
74 257
79 294
201 252
203 228
2 204
209 242
66 179
237 253
167 283
150 204
101 296
98 230
233 296
149 272
171 267
13 128
93 144
46 174
77 97
26 99
33 288
93 212
54 99
202 273
104 134
177 235
107 153
86 149
58 93
51 264
64 77
145 170
19 209
58 217
149 295
157 182
250 283
37 147
49 101
10 236
205 239
58 171
99 257
244 260
11 16
93 208
105 127
16 36
177 285
26 146
3 280
260 264
6 107
53 159
116 208
95 166
55 267
206 224
236 276
44 150
111 299
127 190
206 216
93 215
62 243
119 223
117 132
175 239
45 239
35 200
161 182
66 268
149 290
175 178
77 279
222 278
112 188
105 157
70 125
13 250
122 187
56 289
254 280
193 284
25 71
93 238
211 253
155 207
134 202
85 233
7 211
100 263
121 172
257 294
207 298
60 237
29 49
35 293
29 81
107 281
126 152
45 106
4 38
13 292
98 138
50 225
157 240
29 202
113 159
24 111
84 118
48 200
94 185
18 235
123 216
125 276
43 223
81 134
147 227
66 73
50 297
154 168
70 290
104 184
260 281
99 215
96 264
33 299
110 235
51 233
151 229
246 261
147 152
27 79
46 152
43 197
65 202
198 245
134 187
49 168
16 94
242 268
32 267
142 275
26 254
128 158
141 255
104 159
184 289
35 239
36 188
131 291
6 29
193 288
37 163
9 62
82 105
138 251
101 226
32 56
4 160
12 214
18 54
43 171
162 254
130 291
13 51
34 57
42 74
2 257
64 163
266 268
198 269
0 158
191 195
56 252
103 270
157 264
40 187
252 295
50 135
38 101
124 148
210 243
198 212
61 200
29 219
81 227
188 240
136 279
35 131
140 286
57 104
144 150
43 96
93 197
235 283
132 246
111 156
9 127
79 121
122 202
203 298
181 239
143 161
26 127
248 267
13 58
123 209
166 208
5 157
12 41
92 258
225 255
52 167
16 288
131 138
182 242
93 123
121 289
0 36
15 285
80 267
43 142
3 289
47 60
72 160
4 88
13 31
11 250
27 65
248 290
217 232
10 130
3 55
51 144
3 119
22 129
199 224
216 241
277 279
139 288
49 128
132 195
141 206
82 258
72 285
202 258
4 141
112 264
16 144
200 256
137 187
86 274
61 191
27 92
67 168
231 269
178 195
88 102
84 236
69 98
9 57
23 65
198 287
94 229
55 185
242 294
74 269
81 187
160 212
132 279
228 262
101 175
140 255
264 276
62 192
97 201
120 171
18 121
160 248
216 267
185 262
210 260
43 283
147 247
179 203
79 183
141 181
59 282
23 136
28 258
108 137
61 281
52 228
140 182
0 150
108 185
70 165
197 200
97 113
68 148
227 276
169 252
11 160
151 297
86 162
77 223
111 270
36 250
163 219
91 215
121 251
38 152
21 50
186 239
139 199
227 254
66 258
96 227
0 269
55 276
53 214
31 184
67 216
131 186
38 277
46 212
199 228
1 250
1 241
187 252
80 194
147 179
27 152
126 174
27 102
281 293
12 207
124 177
116 132
7 170
54 93
74 82
85 253
6 75
15 26
159 258
189 209
58 113
184 216
287 296
38 269
245 289
219 281
121 165
35 129
36 180
170 183
188 254
7 82
86 194
149 204
58 245
3 93
9 171
187 211
57 277
99 180
213 222
18 96
53 79
167 225
160 285
37 240
97 100
46 74
183 223
128 250
33 43
131 256
70 104
167 214
13 99
21 65
31 169
136 144
63 94
6 121
100 113
106 249
204 239
132 162
154 260
247 249
143 204
106 265
72 123
64 223
85 138
168 288
7 184
56 102
177 247
99 160
19 43
49 282
181 223
130 197
144 194
37 79
100 237
3 224
9 119
94 199
187 257
14 265
70 123
70 119
0 279
43 221
50 270
77 274
26 204
98 104
171 235
187 271
173 190
182 247
62 146
19 29
43 85
36 208
155 166
30 166
237 261
38 274
178 263
67 117
28 288
55 216
11 280
11 158
214 220
157 243
292 295
28 39
255 257
184 286
71 123
136 290
60 264
24 226
43 195
143 275
83 198
95 191
50 230
145 158
22 67
14 140
62 231
18 43
188 227
56 63
46 50
110 199
62 126
9 186
30 169
253 285
176 280
100 211
10 278
1 56
77 196
15 140
58 128
68 210
37 266
87 132
12 31
126 250
136 157
79 136
121 166
84 147
236 297
110 276
166 246
23 277
44 114
215 294
103 125
63 140
91 195
155 280
230 278
188 282
66 118
233 267
103 291
132 288
39 242
16 37
45 160
26 112
28 90
21 245
84 205
49 137
31 117
9 204
47 238
114 197
108 216
19 99
140 231
110 225
199 208
6 137
12 163
92 96
93 184
20 297
46 230
48 103
3 113
95 293
62 261
102 279
60 253
43 50
145 213
54 268
105 112
60 124
208 269
205 216
1 266
278 283
12 81
31 67
179 194
9 61
140 215
201 288
90 168
14 244
3 265
120 168
70 180
91 292
140 261
49 193
27 227
176 291
108 208
55 59
87 172
64 227
87 104
128 255
125 194
21 250
90 141
118 212
21 162
56 213
105 175
106 154
184 283
146 292
191 257
30 47
111 129
216 257
138 267
162 223
15 245
105 164
34 86
69 160
125 248
73 124
180 282
176 215
106 159
133 258
14 136
70 145
89 230
206 283
251 298
151 167
155 289
225 253
149 202
50 275
33 78
108 207
122 251
37 110
170 280
69 168
191 237
13 219
49 280
125 284
28 47
203 255
18 157
180 219
189 246
67 205
19 297
27 86
59 181
227 246
193 241
165 226
290 291
89 262
71 165
89 96
22 28
61 133
7 63
74 130
124 213
201 292
135 210
52 219
137 279
83 165
31 272
9 14
74 271
104 197
188 252
263 287
100 281
44 96
159 171
124 226
47 180
117 257
15 221
177 204
42 252
277 287
48 125
251 291
19 147
149 260
100 188
81 223
71 288
177 199
103 242
24 41
193 283
50 299
114 176
118 255
242 270
95 148
43 139
99 114
248 286
74 138
188 297
176 219
69 148
63 76
152 252
105 287
45 104
38 211
32 45
29 54
39 177
82 202
2 68
54 197
2 271
191 193
21 164
90 119
65 247
17 205
62 99
56 144
94 218
55 250
137 191
5 231
66 207
13 134
261 262
240 264
185 234
7 207
26 102
149 167
54 274
125 184
117 240
35 270
77 87
38 278
95 266
32 261
27 54
16 218
159 289
32 275
44 239
146 282
17 131
65 291
1 238
107 117
139 242
81 194
