300 750
47
26
45
53
105
70
106
68
36
60
72
51
91
107
68
40
91
118
70
88
33
113
31
21
54
49
77
84
93
92
64
20
50
90
106
35
92
44
36
60
84
88
43
108
76
91
28
47
90
78
67
55
23
30
57
109
59
66
73
85
91
118
37
21
40
23
89
64
99
105
104
64
25
27
52
81
51
60
61
73
70
60
108
73
23
97
115
62
44
68
79
67
118
97
20
90
100
89
34
32
74
118
76
80
78
60
93
61
52
86
114
54
27
102
59
82
80
54
76
56
55
36
103
53
113
55
24
45
25
90
57
31
41
65
91
99
57
117
40
41
83
34
75
42
68
115
56
28
101
113
116
36
29
51
22
74
87
26
99
92
48
89
103
69
34
27
48
24
76
20
45
91
86
101
66
35
48
102
95
29
95
44
46
56
75
48
110
42
106
90
66
34
111
102
84
25
109
64
81
117
117
107
88
35
88
34
102
68
117
78
77
44
54
55
81
109
35
23
84
21
93
30
88
36
64
104
94
105
100
55
102
97
42
71
65
110
37
47
110
86
57
68
63
91
103
24
33
71
27
97
72
53
59
92
21
104
28
95
89
109
31
24
38
53
75
83
96
44
63
86
111
100
34
54
24
70
110
37
21
69
114
25
54
105
50
56
41
58
31
63
99
42
67
118
76
74
33
104
98
76
42 71
43 281
224 226
7 153
77 255
256 285
216 243
0 149
50 104
13 264
64 107
103 222
100 200
44 61
249 297
72 121
43 115
102 270
91 255
29 98
66 84
28 54
204 282
80 84
8 45
98 124
20 204
5 227
23 273
22 118
25 190
68 143
57 297
90 201
5 119
89 299
54 186
169 220
10 250
5 70
155 295
194 251
174 175
148 256
127 249
171 274
66 69
95 127
64 185
28 121
57 79
210 295
80 185
195 215
30 272
17 77
127 264
3 80
37 138
139 203
126 216
166 285
193 261
9 112
192 198
130 255
40 272
209 250
172 218
157 254
174 190
70 83
138 164
28 73
28 253
168 169
34 155
100 154
19 47
109 245
263 291
253 287
83 255
197 256
54 225
116 210
46 228
119 238
63 210
147 215
15 91
84 246
101 290
46 148
9 207
25 146
151 198
12 282
106 209
32 290
252 263
200 244
138 298
63 260
201 262
44 175
11 30
131 291
2 89
32 63
49 178
88 299
29 101
33 187
10 23
26 271
28 171
22 78
61 137
14 39
99 214
59 129
102 278
261 280
45 243
43 292
132 223
4 292
25 233
243 295
101 215
73 129
95 138
207 252
232 298
84 266
77 265
213 243
226 231
175 223
18 271
219 246
150 263
2 135
41 246
183 194
213 256
51 75
104 282
3 36
22 33
172 298
86 151
83 241
64 216
10 36
234 281
34 137
37 297
24 38
35 207
248 284
59 164
51 268
93 107
56 126
129 229
32 124
67 117
167 183
85 177
20 219
6 211
208 209
95 233
130 298
141 282
57 78
41 129
77 134
185 236
13 117
137 166
202 285
7 69
92 169
140 299
164 210
125 146
170 241
59 168
71 252
201 202
61 295
83 138
19 129
75 142
189 242
32 91
91 227
148 160
211 235
152 289
121 135
43 277
88 129
211 252
40 165
101 154
160 237
42 291
8 67
197 236
9 20
40 288
111 253
99 137
164 178
38 251
13 280
81 194
45 69
147 161
53 210
15 123
6 42
50 165
73 101
0 134
92 122
175 285
45 64
84 210
87 242
0 7
68 81
137 202
101 126
50 89
65 154
196 212
72 77
197 298
230 298
84 104
11 143
90 188
75 226
69 150
14 150
76 82
30 284
110 271
21 131
37 251
87 163
211 285
36 292
108 275
86 192
79 229
221 255
30 118
20 148
99 162
171 228
155 296
258 267
17 142
269 288
75 231
184 269
38 229
5 147
91 256
35 91
21 47
9 191
129 157
211 229
71 134
67 157
167 289
34 59
9 74
80 293
16 202
240 262
245 267
87 253
58 231
131 289
50 278
22 159
259 286
30 88
120 297
149 162
217 235
221 278
1 9
211 271
69 233
15 152
252 291
63 268
9 222
194 252
111 269
70 112
252 255
127 152
1 2
219 289
236 262
15 221
85 209
113 154
107 152
105 120
79 222
116 182
45 84
137 248
92 116
20 200
254 272
22 261
10 173
123 224
60 291
44 270
76 250
135 228
109 292
31 101
35 124
148 208
37 80
156 248
108 130
154 269
115 291
40 115
53 91
114 163
83 259
136 211
210 271
19 140
16 241
51 140
251 276
100 108
8 288
57 170
26 116
76 283
69 192
24 122
35 187
170 288
124 147
82 109
148 274
180 216
215 283
56 243
156 286
51 275
108 164
32 197
134 274
16 203
92 218
5 78
66 279
178 228
10 243
39 143
220 284
111 251
167 203
190 194
75 297
217 291
106 166
75 292
143 192
110 248
26 235
168 267
96 144
139 197
158 237
34 194
145 157
112 145
12 91
54 139
88 271
182 246
10 138
30 239
153 187
141 193
113 265
108 109
5 209
1 119
35 294
13 203
158 181
16 245
1 70
85 89
19 94
36 232
27 29
14 235
214 259
76 231
124 236
33 40
93 293
204 288
129 217
10 191
127 259
128 255
30 92
176 218
6 112
108 193
33 174
180 299
186 256
10 230
22 244
96 238
0 116
226 245
169 218
7 45
181 262
211 226
55 144
87 219
202 247
164 235
45 173
111 286
53 268
122 298
270 290
158 236
214 270
155 240
135 162
16 38
177 264
279 284
118 160
62 255
117 119
49 291
35 216
154 270
3 28
45 268
256 298
21 256
163 222
13 57
51 78
126 255
67 105
239 279
246 276
65 93
136 142
229 282
4 291
19 284
82 272
70 280
38 91
202 253
11 104
31 208
137 286
27 295
7 277
271 275
100 116
41 295
75 253
224 296
131 209
67 103
43 137
81 135
37 280
100 118
45 290
104 124
134 285
8 183
109 284
124 202
31 129
29 255
125 160
216 245
15 259
134 150
92 115
179 239
92 252
49 297
82 153
67 225
109 287
127 149
145 251
103 176
133 185
10 131
45 100
113 255
59 90
15 204
255 257
83 209
47 80
10 181
233 235
248 273
44 75
174 241
29 78
117 211
1 214
12 222
101 229
125 212
116 276
147 251
194 237
83 299
69 75
75 235
31 94
202 268
33 273
49 142
244 264
143 218
276 296
101 148
209 219
77 293
141 248
29 185
87 112
163 237
224 233
27 290
245 255
280 295
45 278
175 222
18 61
89 193
15 41
190 276
235 260
105 208
76 134
146 164
79 232
12 14
7 14
47 292
104 222
217 267
160 292
6 59
248 253
35 265
141 184
226 260
27 72
78 176
207 255
63 266
25 75
91 280
79 134
136 291
53 155
98 208
67 267
20 157
151 285
138 263
164 165
35 40
294 296
111 296
73 260
186 293
72 216
115 178
76 259
26 276
43 185
10 98
130 136
214 268
78 99
186 187
170 234
166 181
45 194
283 291
187 260
11 55
64 223
24 241
269 299
42 102
201 207
37 104
18 37
58 188
96 296
19 75
230 257
27 185
151 229
10 90
117 189
153 253
40 95
29 39
116 132
23 133
85 238
113 174
171 256
62 105
138 219
124 149
61 147
50 176
42 238
140 231
107 293
148 237
18 140
239 257
73 150
280 287
63 93
71 161
16 276
228 235
52 114
13 136
64 166
2 255
162 244
181 248
10 141
1 251
98 102
126 130
141 189
55 276
13 44
31 241
32 145
46 168
210 212
273 285
39 172
116 228
201 228
49 263
1 69
219 265
91 155
48 102
33 130
46 103
134 174
206 287
31 33
127 241
164 297
222 266
203 246
90 105
192 227
48 68
85 193
100 268
122 229
148 262
4 252
60 178
47 138
137 170
16 133
163 182
130 180
83 104
76 195
3 240
61 139
72 146
75 184
89 198
88 149
128 279
249 265
82 149
12 281
161 264
121 194
23 297
68 237
78 207
182 298
197 291
6 227
24 252
63 114
202 204
15 31
183 264
84 296
30 98
96 115
43 243
236 240
56 66
144 178
228 263
