100 2000
29
108
44
46
90
83
30
81
44
83
58
75
20
22
56
34
107
97
117
100
27
48
99
95
40
24
22
112
54
116
30
63
104
55
89
74
118
51
36
94
115
26
101
67
28
37
82
67
114
79
47
22
59
79
49
79
83
52
24
117
100
34
112
84
21
81
39
20
113
107
46
60
65
28
107
74
97
21
21
92
33
101
46
72
60
75
84
75
59
88
25
39
54
117
56
56
31
27
108
76
42 71
43 81
24 26
7 53
55 77
56 85
16 43
0 49
4 50
13 64
7 64
3 22
0 44
61 97
49 72
21 43
2 15
70 91
29 55
84 98
54 66
28 82
4 80
8 84
45 98
4 24
20 27
5 73
18 23
22 25
43 90
57 68
90 97
1 5
19 99
86 89
54 69
10 20
5 50
70 95
55 94
51 75
56 74
48 49
27 71
69 74
66 95
27 64
28 85
21 57
10 79
85 95
15 80
30 95
17 72
27 77
64 80
3 38
3 37
16 39
26 66
85 93
12 61
9 98
30 92
55 72
40 50
9 72
18 57
54 90
74 83
38 70
64 73
28 53
28 68
55 69
34 54
0 47
9 19
45 63
53 91
83 87
55 97
25 56
10 54
16 28
38 46
10 19
47 63
15 91
15 84
1 46
46 90
9 48
7 46
25 98
12 51
6 82
9 90
32 63
0 52
44 98
38 63
1 60
62 75
30 44
11 91
2 31
32 89
49 63
78 88
29 99
1 33
10 87
23 71
26 28
22 71
61 78
37 39
14 99
14 59
29 78
2 61
43 80
43 45
23 92
32 92
4 33
25 43
1 95
15 73
29 38
7 95
32 52
66 98
65 84
13 77
31 43
23 26
71 75
18 19
46 50
2 63
35 41
46 83
13 94
56 75
4 51
3 82
33 36
22 72
51 98
41 86
64 83
10 16
34 36
34 81
37 97
24 37
35 38
7 84
48 64
51 59
68 93
7 56
26 29
24 29
32 67
17 67
83 85
19 77
11 20
6 9
8 95
33 98
30 41
78 82
41 57
29 77
13 85
17 66
2 37
7 85
69 92
40 99
10 64
25 46
41 70
59 68
52 71
1 2
61 95
38 83
19 29
42 75
42 89
32 91
27 91
48 60
11 35
52 89
21 35
43 77
29 88
11 52
40 65
1 54
37 60
42 91
8 67
36 97
9 20
40 88
11 53
37 99
64 78
38 51
13 80
81 94
45 69
47 61
10 53
15 23
6 42
50 65
1 73
0 34
22 92
75 85
45 64
10 84
42 87
0 7
68 81
1 26
50 89
54 65
12 96
72 77
97 98
30 98
4 84
11 43
88 90
26 75
50 69
14 50
76 82
30 84
10 71
21 31
37 51
63 87
11 85
36 92
8 75
86 92
29 79
21 55
18 30
20 48
62 99
28 71
55 96
58 67
17 42
69 88
31 75
69 84
5 47
56 91
35 91
21 47
9 91
29 57
11 29
34 71
57 67
67 89
34 59
9 74
80 93
2 16
40 62
45 67
53 87
31 58
31 89
50 78
22 59
59 86
30 88
20 97
49 62
17 35
21 78
1 9
11 71
33 69
15 52
52 91
63 68
9 22
52 94
11 69
12 70
52 55
27 52
19 89
36 62
15 21
9 85
13 54
7 52
5 20
22 79
16 82
45 84
37 48
16 92
0 20
54 72
22 61
10 73
23 24
60 91
44 70
50 76
28 35
9 92
1 31
24 35
8 48
37 80
48 56
8 30
15 40
14 63
59 83
11 36
19 40
16 41
40 51
51 76
0 8
8 88
57 70
16 26
76 83
22 24
35 87
70 88
24 47
9 82
48 74
16 80
15 83
43 56
56 86
8 64
32 97
34 74
3 16
18 92
5 78
66 79
28 78
10 43
39 43
20 84
11 51
3 67
90 94
75 97
17 91
6 66
75 92
43 92
10 48
26 35
67 68
44 96
39 97
37 58
34 94
45 57
12 45
12 91
39 54
71 88
46 82
10 38
30 39
41 93
13 65
8 9
5 9
1 19
35 94
3 13
58 81
16 45
1 70
85 89
19 94
32 36
27 29
14 35
31 76
24 36
33 40
4 93
10 27
55 59
28 30
12 76
6 8
33 93
74 80
86 99
30 56
10 44
22 96
16 38
0 26
18 45
7 69
45 81
26 62
11 55
44 87
2 19
47 64
35 73
45 86
22 68
90 98
36 70
58 70
14 55
35 40
38 62
16 77
64 79
60 84
18 55
17 62
19 49
16 91
35 54
3 70
21 56
22 63
13 57
51 78
26 55
5 67
39 79
46 76
65 93
36 42
29 82
4 91
19 84
72 82
70 80
38 91
2 53
4 11
8 31
37 86
27 95
7 77
0 16
41 95
53 75
24 96
9 31
37 43
35 81
34 37
0 18
45 90
34 85
8 83
9 84
2 24
29 31
25 60
15 59
34 50
15 92
52 92
49 97
53 82
25 67
9 87
27 49
45 51
3 76
33 85
10 31
0 45
13 55
59 90
4 15
55 57
9 83
47 80
10 81
33 35
48 73
44 75
41 74
11 17
1 14
12 22
1 29
12 25
16 76
47 51
37 94
83 99
69 75
35 75
31 94
2 68
33 73
42 49
44 64
18 43
76 96
1 48
77 93
41 48
29 85
12 87
37 63
24 33
27 90
45 55
80 95
45 78
22 75
18 61
89 93
15 41
76 90
35 60
5 8
34 76
46 64
32 79
12 14
7 14
47 92
4 22
60 92
6 59
48 53
35 65
41 84
26 60
27 72
76 78
7 55
63 66
25 75
80 91
34 79
36 91
53 55
8 98
20 67
45 85
63 64
40 96
94 96
11 60
73 86
16 93
24 72
59 78
26 76
43 85
10 98
30 36
14 68
78 99
86 87
34 70
66 81
45 94
83 91
60 87
23 64
24 41
69 99
2 42
1 7
4 37
18 37
58 88
75 96
19 30
57 85
27 51
10 29
89 90
17 53
40 53
29 95
32 33
23 85
13 38
62 71
5 19
24 38
47 49
61 76
42 50
38 40
7 31
37 93
40 48
18 39
50 57
73 80
61 93
16 71
28 76
36 52
13 66
2 60
44 55
48 62
41 51
1 98
2 26
76 89
31 44
32 41
45 46
10 68
12 85
72 73
28 39
1 16
28 49
63 69
1 65
19 55
2 91
33 48
3 30
46 74
34 87
6 31
27 33
41 97
64 66
5 27
68 92
48 93
68 85
0 29
22 48
52 62
4 60
38 78
37 47
33 70
16 63
80 82
4 30
40 95
3 39
4 61
46 84
72 84
46 75
84 89
88 98
49 79
49 65
81 82
12 64
61 94
21 97
23 68
37 78
7 98
82 91
6 97
24 27
52 63
2 14
31 83
64 96
30 96
15 43
36 43
40 66
56 78
44 63
27 28
6 25
50 86
16 48
40 52
31 71
48 87
20 71
50 98
13 68
11 93
1 34
44 72
0 30
70 86
15 72
16 24
40 64
56 88
8 71
27 70
47 58
3 35
10 37
39 89
46 53
65 71
17 98
1 20
3 69
44 79
84 85
5 44
7 32
31 61
40 41
50 53
3 53
77 95
24 42
48 59
47 98
0 77
14 69
12 54
56 98
58 60
40 73
66 94
7 34
39 82
60 62
34 56
35 36
16 83
4 35
5 25
37 70
11 21
45 71
37 79
21 63
36 95
8 81
93 96
9 16
54 67
6 79
28 72
69 83
14 49
7 28
4 56
0 25
66 71
46 81
15 28
75 82
9 75
36 55
28 90
22 86
46 70
14 91
64 82
5 89
44 61
87 97
15 68
48 82
58 97
24 57
34 35
61 89
3 15
1 64
16 68
44 84
74 85
35 80
77 82
22 51
17 27
66 90
43 71
4 83
13 51
33 52
39 72
1 84
69 89
18 33
55 63
24 76
43 66
14 34
17 90
1 49
5 94
21 38
54 56
13 84
21 50
17 37
41 55
19 97
10 72
56 99
33 77
41 59
6 77
5 7
15 27
2 49
19 66
38 79
10 15
39 48
70 99
49 54
12 55
62 78
6 17
77 99
48 65
50 87
11 40
2 8
26 57
26 42
2 96
51 94
66 72
35 66
29 63
73 81
57 65
4 7
48 83
2 41
1 44
49 68
16 89
20 70
8 86
6 38
21 82
7 68
2 98
63 72
16 98
32 72
42 74
25 95
71 93
12 44
56 71
20 29
2 46
9 53
12 26
27 65
81 98
22 26
20 65
91 96
15 19
32 98
12 80
32 83
12 82
6 62
16 49
13 67
32 94
41 92
14 31
39 62
54 74
11 82
14 65
9 77
12 94
17 21
24 59
9 43
25 92
82 87
36 67
21 30
35 53
81 85
15 95
37 84
1 63
58 73
25 84
8 16
77 84
3 61
22 85
48 89
70 73
71 79
57 62
62 91
32 58
42 81
69 96
79 96
4 38
16 44
1 38
1 82
55 79
23 50
33 34
12 24
39 44
73 88
5 48
48 98
16 40
93 95
54 77
47 85
32 70
19 87
67 79
16 25
14 61
17 43
5 26
68 71
15 25
63 71
24 64
19 80
57 86
4 48
24 32
27 63
51 82
67 71
14 84
80 96
13 45
23 75
43 70
85 94
18 68
33 82
47 96
11 99
9 78
70 75
62 67
7 59
32 82
55 83
25 29
46 92
47 93
29 42
58 78
2 21
69 73
49 69
57 69
43 91
33 57
10 40
23 52
0 98
41 88
62 66
35 51
20 24
4 70
46 52
67 82
10 77
43 58
35 69
35 52
58 64
14 56
11 89
9 56
2 85
20 31
25 78
24 53
80 86
0 12
53 57
1 24
9 55
9 64
30 48
7 39
15 53
28 58
59 62
16 84
65 68
21 80
8 82
13 78
31 59
20 69
50 96
9 69
49 84
91 98
78 94
13 92
77 87
62 94
54 81
59 96
55 68
37 90
38 76
19 78
34 88
40 84
18 27
29 68
23 60
63 94
37 76
23 83
34 38
6 63
5 42
18 95
14 96
54 88
66 78
46 48
26 71
7 21
86 96
9 97
32 87
13 70
28 73
15 76
23 86
82 85
64 91
22 83
1 21
28 69
55 99
58 92
28 79
39 40
54 64
9 89
12 90
19 24
92 99
2 13
52 82
34 51
78 89
10 17
46 98
8 62
4 69
52 90
6 57
63 70
17 99
19 76
63 88
75 90
14 25
14 30
84 92
50 61
69 93
38 56
46 97
54 96
61 66
5 79
37 81
52 67
10 56
1 66
58 87
16 20
41 61
32 49
9 47
36 51
7 41
17 59
21 95
4 68
6 13
7 71
43 59
38 72
17 30
85 97
46 96
16 34
19 85
11 30
16 67
74 90
62 74
17 22
5 77
42 63
11 32
9 39
78 85
46 57
72 94
29 72
25 97
30 89
40 87
4 18
48 51
2 82
12 34
58 80
6 50
76 79
5 98
3 42
43 74
8 73
13 33
5 95
53 62
55 71
44 71
88 95
42 90
67 81
80 99
4 67
20 75
16 19
19 59
14 79
34 42
15 79
17 24
36 71
49 61
67 78
12 98
0 11
6 68
22 87
16 69
33 87
48 99
29 34
44 78
3 54
60 82
18 26
47 99
77 96
36 83
4 39
90 91
20 73
28 74
50 88
0 68
17 78
6 7
56 94
29 89
59 92
29 50
39 41
66 91
79 94
29 65
18 83
23 35
8 29
79 97
23 59
9 46
27 62
53 98
19 73
49 81
25 30
36 49
72 85
3 94
23 55
51 63
40 91
6 73
4 75
5 41
50 90
14 47
82 93
0 48
1 6
9 14
65 86
53 58
1 77
82 94
51 67
40 78
23 80
40 81
71 87
80 90
9 15
31 73
10 97
27 82
83 92
60 81
27 94
94 97
28 70
14 20
51 88
63 74
27 53
7 88
22 88
49 71
12 95
69 77
39 52
20 21
13 15
7 47
65 94
93 94
16 60
13 19
28 45
42 73
30 63
16 72
40 56
3 49
47 74
20 92
72 96
51 97
66 92
7 27
17 23
42 56
49 53
15 70
5 90
15 86
42 79
15 87
69 85
20 62
19 96
14 42
30 86
55 89
21 75
11 92
34 62
29 56
28 95
31 49
57 95
34 72
37 72
8 10
19 82
31 74
9 24
54 93
17 92
9 40
89 92
70 78
51 73
24 74
39 68
49 83
65 87
21 34
1 45
15 97
44 58
50 55
21 81
77 94
32 54
21 61
13 82
25 79
37 66
31 36
28 93
51 89
39 60
74 89
47 67
22 44
41 54
61 98
72 78
51 65
85 86
36 99
65 99
53 70
4 58
59 97
16 85
39 83
13 32
30 68
86 98
3 51
49 88
59 89
8 40
57 72
42 47
53 67
83 97
19 22
1 99
19 36
37 68
28 37
19 75
44 77
0 33
39 94
6 32
48 81
38 42
13 69
13 23
60 64
44 45
82 84
11 84
44 92
29 51
61 86
9 86
43 51
64 77
16 90
80 87
2 84
26 49
48 71
41 82
15 94
44 85
23 97
5 6
0 10
26 65
4 29
85 88
80 88
17 97
65 74
0 91
6 67
43 50
7 75
1 37
76 77
22 37
69 86
62 83
3 4
46 61
4 28
50 52
54 80
8 45
13 47
73 97
10 74
0 50
31 84
6 87
68 90
22 29
17 85
23 42
78 92
81 90
38 95
36 37
47 68
0 41
1 55
61 62
4 41
63 81
59 64
5 12
57 92
74 99
36 68
35 72
8 87
63 65
79 89
20 45
38 99
58 91
3 55
50 64
20 63
78 87
74 76
1 15
91 97
11 37
33 54
35 62
13 26
8 42
27 32
65 90
18 59
26 47
17 76
71 85
75 80
35 56
70 97
33 97
75 84
92 98
39 69
41 63
47 62
6 85
3 32
58 85
75 88
56 84
63 92
33 43
12 60
31 52
51 80
45 66
10 78
36 72
56 64
20 23
8 26
7 79
26 52
22 99
19 34
43 67
19 90
39 76
12 65
6 26
38 65
57 90
59 65
51 68
11 78
1 18
51 55
18 34
62 73
35 92
52 87
25 54
68 87
96 97
8 85
16 36
27 87
7 40
48 75
21 69
36 65
89 97
39 75
26 95
45 95
53 90
38 60
14 48
22 97
39 91
52 93
29 91
20 77
15 69
64 86
20 56
13 56
62 96
30 83
70 96
27 92
37 91
10 22
68 91
25 42
73 87
70 74
90 95
10 46
70 93
20 99
52 73
14 73
37 64
5 30
12 27
74 86
2 48
9 58
31 81
76 98
46 54
53 68
70 71
11 39
5 76
33 56
19 69
24 30
17 19
33 61
13 88
11 45
47 86
23 25
12 79
30 62
65 79
57 79
16 18
39 95
55 81
18 47
3 56
90 93
18 24
42 99
11 13
47 78
4 85
28 51
4 6
60 97
15 61
28 64
27 66
11 80
35 68
45 75
56 89
18 73
26 79
36 46
58 90
56 67
20 89
79 98
20 51
30 69
1 79
9 50
3 97
2 29
47 89
10 28
62 77
50 60
0 64
58 66
8 14
10 36
24 90
26 68
4 10
2 95
22 46
22 66
63 99
27 83
30 85
28 92
4 96
4 87
2 57
22 57
4 40
0 73
18 97
76 97
33 58
25 34
30 38
77 81
55 84
63 93
30 91
26 84
33 78
11 25
64 71
7 42
14 76
46 62
6 98
31 72
18 84
24 50
94 99
2 62
9 71
12 49
18 20
63 83
22 91
14 77
36 81
67 85
12 17
85 91
0 27
51 54
5 96
14 80
17 33
0 32
6 45
39 50
49 93
50 85
65 98
22 50
70 94
15 65
14 53
1 17
10 88
72 99
32 85
1 23
40 90
13 99
12 19
36 44
59 82
3 6
16 22
16 27
11 95
12 43
62 64
14 28
15 60
17 77
13 20
8 35
51 64
19 48
24 83
49 66
4 34
33 71
28 36
38 57
77 92
47 94
43 78
15 37
44 56
39 56
7 63
18 98
36 84
47 88
82 97
7 83
40 54
32 46
84 93
39 74
57 93
15 18
30 79
71 83
15 81
62 93
7 9
20 68
7 93
86 95
34 39
21 76
13 98
42 85
55 56
26 93
39 46
0 78
5 46
20 98
22 36
12 86
0 99
63 84
18 42
18 71
5 59
37 54
25 35
9 41
46 93
52 98
16 57
31 93
37 98
21 52
18 56
15 29
23 84
5 57
2 33
1 3
5 92
1 75
72 92
53 81
36 85
2 45
45 48
82 88
27 37
28 67
20 64
23 27
11 23
0 62
63 77
75 79
9 17
19 57
5 18
26 44
19 37
24 89
44 66
19 58
35 82
45 92
31 50
62 80
61 74
36 39
41 80
59 60
24 55
34 77
26 38
4 78
11 24
12 50
25 58
64 72
13 46
21 72
29 40
6 69
47 95
12 69
23 94
0 96
46 69
14 82
7 51
18 46
58 63
9 23
5 69
67 76
26 45
9 11
46 68
41 42
0 4
65 73
57 74
6 83
27 80
67 94
12 28
48 72
53 77
11 96
52 72
77 78
48 86
8 43
35 98
29 84
17 38
11 50
45 61
66 74
14 15
67 96
45 76
31 77
47 75
21 51
2 23
41 73
20 76
4 65
71 89
18 25
2 99
34 43
28 42
64 98
5 87
28 77
1 35
39 53
10 62
11 58
54 63
46 91
7 48
47 57
23 96
32 90
25 52
4 16
31 51
0 83
41 43
2 27
48 61
9 18
8 28
56 83
43 82
71 86
43 52
26 73
5 68
66 93
14 71
11 87
33 45
45 58
36 40
18 54
22 41
25 69
19 79
35 42
8 32
17 51
37 62
54 91
19 72
65 82
23 40
17 75
31 99
63 79
7 30
92 94
2 83
0 28
29 36
15 22
22 39
28 96
21 60
54 75
18 75
2 20
10 55
48 91
28 48
61 77
1 76
18 91
29 66
7 82
65 67
15 85
6 24
4 46
0 51
35 79
53 78
50 63
72 76
32 34
77 90
1 90
3 58
26 30
29 87
8 36
48 85
25 63
4 95
28 33
10 39
18 81
63 67
77 86
23 43
16 42
62 79
12 57
82 90
73 92
15 54
23 30
1 89
1 11
31 97
36 82
30 81
19 21
31 55
23 61
13 28
10 21
33 68
66 80
29 73
8 65
6 47
59 73
14 41
79 95
29 39
53 60
14 29
31 41
30 99
27 73
41 66
