50 750
89
53
104
35
25
117
66
54
28
111
44
28
53
64
63
98
60
118
108
43
66
27
80
113
97
102
21
28
69
54
25
38
87
62
105
92
59
52
78
119
95
54
27
28
99
70
107
91
20
47
32 44
11 32
13 26
32 37
25 29
21 37
30 39
36 38
4 11
31 48
20 35
8 9
5 39
37 43
10 44
27 40
40 42
8 18
1 28
9 35
22 24
7 48
8 36
12 18
18 49
30 40
8 29
15 21
14 18
11 29
2 44
23 34
20 33
14 23
18 23
42 48
5 22
0 10
14 25
30 45
14 21
24 25
2 47
21 39
1 13
2 7
5 27
25 44
8 13
1 33
1 32
6 26
8 26
16 35
43 47
7 30
8 20
22 31
7 22
20 43
25 47
27 30
8 24
32 40
9 23
12 16
22 49
20 28
21 38
30 37
8 45
13 30
2 35
25 26
11 25
5 41
2 31
1 44
12 13
18 30
19 24
43 49
33 39
2 41
17 34
24 39
2 3
14 16
19 27
9 32
2 11
15 26
23 46
47 48
2 18
17 44
46 47
31 40
35 44
19 22
12 48
8 17
0 24
28 33
42 43
10 47
5 38
13 29
12 35
3 29
16 23
14 22
12 21
6 45
9 19
23 28
18 38
18 40
13 25
8 48
6 25
21 49
6 34
33 35
0 39
10 11
14 32
11 26
37 40
10 48
0 9
17 27
30 46
28 36
21 27
7 27
13 43
2 14
27 43
9 15
11 43
1 20
2 30
22 40
1 31
22 42
3 19
35 39
16 17
33 44
7 17
26 31
11 21
19 32
4 22
3 23
7 45
10 43
26 38
31 32
7 21
18 25
41 42
15 35
26 34
4 45
8 15
26 37
10 15
13 20
17 22
8 32
43 48
16 26
8 39
33 45
0 18
15 34
15 20
2 23
28 48
23 27
23 48
38 47
15 48
11 31
39 47
5 37
34 40
37 41
27 41
2 13
26 29
9 11
22 39
14 37
37 47
2 45
2 26
15 49
5 26
6 13
41 47
17 32
9 17
0 47
8 41
5 32
2 29
7 15
4 19
9 18
27 28
3 28
2 25
36 47
33 48
5 6
16 18
5 8
32 39
9 47
17 46
18 19
24 38
1 3
16 30
6 20
7 13
8 12
19 29
15 47
23 37
2 19
11 14
0 30
7 32
34 39
7 10
25 27
31 37
21 46
12 15
38 49
12 41
17 45
31 47
14 45
6 36
0 16
18 43
22 36
9 16
8 16
16 31
13 21
11 35
8 14
15 29
32 49
24 33
21 32
1 8
1 7
19 45
14 24
31 33
46 49
16 19
1 15
30 31
30 36
14 46
8 47
2 16
11 48
7 19
35 45
16 29
24 48
28 31
12 30
27 39
19 47
4 46
2 21
20 37
18 31
35 46
25 34
27 35
22 28
9 44
25 37
23 33
26 42
25 41
45 49
38 46
4 7
22 26
12 24
23 26
32 43
27 33
7 12
0 21
11 12
44 45
8 21
21 31
9 48
7 24
36 43
1 43
5 25
44 46
42 45
6 29
24 26
24 45
18 21
29 45
17 39
11 39
28 42
37 44
20 30
22 45
31 42
12 14
7 29
3 46
3 17
23 49
14 47
10 18
4 48
0 2
8 42
3 39
32 46
35 49
7 18
14 17
12 20
34 37
3 41
7 41
39 45
9 26
0 48
0 33
31 38
3 9
30 48
21 28
21 26
39 44
13 33
8 33
20 46
11 15
8 30
3 49
16 20
20 34
31 46
5 20
5 46
31 41
5 30
13 49
15 40
34 43
21 29
3 48
28 29
1 41
37 38
44 49
13 18
28 46
11 37
18 20
7 33
17 25
1 47
23 41
15 33
22 37
2 15
19 28
28 37
29 30
29 36
17 29
2 4
27 37
12 25
14 33
5 31
16 48
7 26
19 26
36 45
6 49
16 25
29 32
19 44
23 42
27 34
6 16
12 36
8 43
1 35
38 44
12 47
17 23
2 27
30 33
18 37
4 47
33 41
4 42
12 23
11 42
8 38
16 34
9 31
11 47
31 44
16 41
36 48
29 49
33 43
33 36
4 34
17 41
34 49
2 43
46 48
25 36
36 42
8 22
16 42
0 37
28 35
3 30
23 32
1 30
18 47
10 21
0 29
18 42
1 17
9 28
0 15
9 37
41 45
14 44
12 31
23 45
27 45
29 47
9 49
10 36
3 18
27 44
1 38
33 46
21 33
14 34
10 14
10 25
4 9
27 47
15 45
4 16
36 37
14 15
13 41
24 37
22 41
2 24
15 17
28 49
26 33
28 43
39 49
25 46
3 43
2 8
27 42
20 40
20 22
16 39
44 47
7 44
37 49
9 34
17 20
19 21
13 17
5 28
5 16
36 44
0 45
20 45
1 49
11 45
5 24
13 23
45 47
10 24
17 43
13 15
8 31
2 49
24 28
27 46
0 1
15 16
5 15
10 22
11 18
9 33
33 37
30 42
11 20
28 40
38 48
4 10
13 27
1 4
19 20
41 43
0 6
14 35
0 25
7 25
21 36
4 25
25 39
11 44
16 37
24 32
7 34
8 37
31 49
10 29
14 27
12 29
4 28
26 41
0 23
5 42
18 33
10 30
6 11
24 41
15 44
22 25
0 19
2 38
27 38
15 46
8 40
30 32
2 17
11 24
42 47
30 49
6 23
36 49
15 32
3 32
0 22
4 13
7 39
17 47
11 19
43 45
15 37
12 27
1 11
8 27
25 35
17 40
7 40
44 48
12 26
24 30
16 21
6 24
1 46
31 39
26 28
38 40
37 39
34 36
4 41
18 29
14 19
0 14
9 29
16 46
38 41
18 26
8 11
10 49
5 29
5 35
34 35
4 44
1 36
7 36
17 48
12 43
12 19
36 46
9 40
15 22
0 34
0 12
34 47
21 43
2 6
0 3
18 39
20 36
34 41
40 46
6 22
1 45
12 17
0 17
20 42
6 12
16 28
15 18
2 28
22 44
14 36
3 38
6 9
9 21
37 48
4 31
27 32
11 30
23 47
5 11
29 48
6 21
24 31
10 37
6 40
21 25
33 40
13 35
35 41
15 23
21 35
21 45
15 38
3 10
1 12
10 38
3 27
0 32
0 13
19 30
32 48
14 48
32 45
22 35
17 49
18 41
3 11
0 26
15 28
39 40
10 27
0 8
25 30
23 30
34 38
43 44
11 13
4 23
10 39
35 43
0 27
25 38
3 42
10 26
5 49
3 25
10 45
41 49
12 28
20 41
11 36
11 46
3 8
5 40
33 47
1 48
20 44
11 41
16 40
0 35
6 8
13 39
10 12
1 18
17 19
10 20
13 32
7 9
18 32
21 42
4 37
18 35
3 40
2 42
22 33
23 43
11 28
8 28
13 47
25 31
0 38
8 46
37 46
10 16
4 6
3 14
20 26
36 39
2 5
7 37
17 24
40 48
5 9
17 35
20 47
15 30
30 47
