250 750
90
86
42
65
54
58
95
96
70
78
109
36
106
70
37
55
111
24
46
41
37
104
70
86
108
66
30
64
67
46
71
89
112
93
86
98
31
62
74
33
72
63
50
59
65
67
94
57
23
72
30
40
108
80
106
97
78
68
41
77
94
92
47
38
117
65
116
81
59
71
94
112
66
24
103
112
23
29
101
26
81
111
46
69
24
84
98
82
32
119
92
58
43
119
76
93
116
73
54
56
76
80
100
22
37
83
114
40
92
95
99
105
39
77
106
95
94
85
109
106
36
81
97
112
32
53
85
29
106
71
117
114
31
97
117
48
112
63
21
36
39
100
21
110
109
59
85
83
24
74
22
93
36
99
85
100
32
102
109
71
53
58
117
116
87
114
45
79
110
46
95
81
78
48
71
119
88
88
83
44
42
37
69
110
116
86
91
80
68
32
83
53
71
81
50
38
27
75
50
117
53
77
78
63
106
81
62
26
49
25
102
24
94
52
114
42
118
37
103
119
102
118
104
53
31
34
23
39
41
53
88
26
111
99
69
49
60
112
55
90
69
89
94
44
21
40
66
72
110
101
203 233
147 213
96 206
2 4
35 128
81 235
28 231
177 201
84 193
48 126
32 131
102 154
109 131
146 206
112 133
65 71
70 219
131 175
18 135
146 177
14 22
79 106
42 108
126 159
52 59
105 186
9 190
38 49
243 244
47 105
220 230
23 199
40 154
160 226
5 141
158 163
20 238
121 164
30 198
0 41
89 146
30 39
7 77
0 181
81 174
154 208
51 231
194 205
181 237
104 230
13 186
58 245
103 117
51 223
116 147
154 237
12 193
119 121
122 152
46 224
182 233
52 137
15 109
81 104
40 185
79 84
50 181
5 137
48 212
57 196
63 78
35 192
6 64
158 230
38 129
72 244
131 181
143 189
145 212
35 249
114 229
152 160
104 157
61 66
66 109
129 145
87 144
2 237
3 218
41 160
97 154
130 215
137 154
23 201
49 59
130 201
25 205
129 143
112 204
31 196
63 193
59 160
0 132
61 136
73 218
167 177
80 245
47 217
149 173
51 169
222 232
7 33
176 177
141 239
37 232
147 172
185 230
58 214
119 185
5 100
130 193
24 125
71 125
92 126
113 244
29 78
63 85
114 188
29 91
6 176
30 66
73 148
67 132
104 112
103 213
109 148
93 133
23 70
57 218
153 196
81 226
19 84
22 141
133 232
51 241
158 219
84 124
117 191
81 216
46 69
7 44
70 239
93 141
50 59
61 108
143 203
139 186
14 77
147 161
59 64
70 241
33 115
2 154
56 120
84 102
41 230
110 111
72 103
57 131
5 118
60 91
27 113
127 200
104 213
16 127
28 118
86 163
85 240
166 243
102 212
105 198
58 82
69 154
13 126
18 138
81 244
78 210
130 211
65 87
66 94
122 183
36 121
121 137
111 155
115 175
7 63
31 192
100 223
88 198
188 226
72 208
20 138
32 231
19 222
113 148
38 184
75 87
55 224
19 48
163 232
91 194
77 78
33 153
84 177
5 93
22 51
144 180
42 212
61 227
184 228
26 75
14 215
69 150
41 198
23 190
214 237
115 144
0 64
94 150
84 243
99 209
131 147
189 205
35 94
102 130
115 230
129 205
105 195
50 236
156 241
10 222
227 228
116 144
16 227
164 238
112 190
9 123
71 180
17 50
152 215
80 148
103 132
61 179
61 112
69 165
175 205
35 41
9 152
179 232
20 26
146 240
19 210
101 133
51 151
119 151
49 155
51 139
4 113
68 167
77 233
134 236
11 129
163 169
139 200
17 145
143 220
32 109
14 210
66 166
67 111
118 185
218 236
7 222
28 242
80 160
14 171
35 210
187 201
184 236
58 70
179 180
7 139
10 102
47 176
144 220
34 79
218 235
6 210
116 166
41 232
103 190
18 229
4 54
15 124
164 195
5 53
44 140
2 114
40 146
50 116
36 186
5 195
139 215
108 219
11 122
211 242
117 240
98 108
12 241
53 146
45 120
190 234
48 86
54 163
136 249
159 168
52 236
22 151
94 125
33 56
117 126
173 215
17 234
139 227
15 97
37 58
184 187
61 246
51 137
23 76
97 152
34 57
83 185
29 79
60 214
29 85
111 192
28 244
74 230
20 245
57 171
155 207
152 244
18 233
197 203
108 207
44 142
14 229
78 195
8 240
12 196
20 204
14 57
85 139
105 190
112 236
14 142
69 110
44 190
93 99
201 239
56 135
71 93
23 114
118 122
14 130
136 170
79 187
2 22
193 218
205 229
157 243
78 97
205 243
18 48
92 109
101 148
194 244
71 108
70 190
83 186
3 172
72 109
74 83
153 233
17 212
174 210
3 57
12 152
123 162
85 244
13 245
60 79
40 168
210 232
168 225
133 228
240 242
64 163
78 169
40 184
129 210
39 200
64 65
189 191
38 227
24 92
33 205
4 53
236 245
14 220
154 249
51 144
66 93
61 171
97 235
115 212
6 225
78 197
16 55
142 235
0 120
4 97
26 195
40 241
39 68
132 142
55 237
54 74
118 152
41 61
47 132
36 210
154 245
82 118
46 118
55 144
81 122
89 215
121 208
12 213
105 129
116 246
164 190
122 232
77 106
131 216
126 169
37 120
61 167
7 116
163 231
104 197
68 197
62 160
182 191
117 178
57 129
100 183
43 55
184 222
65 162
81 188
44 161
105 220
78 227
221 241
60 168
109 197
9 88
19 20
201 238
50 110
85 117
12 210
141 246
155 235
25 62
106 236
58 186
14 63
34 137
107 197
54 57
64 142
14 178
117 167
166 227
2 34
40 47
36 245
134 150
159 200
56 238
46 96
110 119
5 183
70 232
59 226
39 53
40 218
9 67
86 237
21 237
88 129
170 185
54 165
85 218
66 175
24 162
221 246
6 124
103 194
163 238
130 171
63 68
98 238
175 187
14 74
14 208
143 231
160 199
136 137
128 203
5 61
115 134
92 103
140 206
138 230
161 221
110 142
60 77
2 130
56 247
16 58
11 70
39 121
28 171
7 152
170 232
157 199
54 112
41 46
32 170
26 142
193 239
20 34
16 49
22 149
38 72
207 244
49 98
73 115
126 224
77 210
234 246
50 160
53 198
118 198
187 224
112 131
65 248
115 151
14 174
14 188
64 73
182 216
149 171
47 141
218 225
8 221
20 54
2 123
71 175
113 222
85 148
96 213
83 247
180 200
23 46
138 190
119 173
40 156
149 174
150 190
50 117
23 223
70 199
25 97
20 247
20 62
158 184
86 120
8 16
31 70
60 63
34 221
85 229
10 75
15 230
12 199
65 235
222 237
99 184
57 186
97 101
133 179
9 15
3 119
32 175
151 197
224 236
71 231
56 158
36 183
25 195
192 236
33 208
31 69
58 218
7 126
56 69
180 242
173 246
50 205
23 53
4 9
183 185
74 124
162 164
66 197
98 120
16 30
168 245
139 237
153 234
19 76
171 230
105 134
224 240
104 115
78 150
141 177
118 215
51 134
127 219
81 100
67 200
232 235
47 122
52 74
196 208
40 230
117 216
145 194
112 207
48 137
12 189
64 233
7 217
117 134
51 187
106 234
1 217
150 194
18 191
54 149
34 66
184 189
1 84
60 128
28 197
61 197
69 114
44 76
14 183
120 211
47 65
79 168
23 116
68 159
122 143
160 210
8 99
111 246
36 226
85 171
4 221
73 248
145 187
120 150
159 213
93 224
10 172
142 229
47 62
36 49
2 44
0 248
138 156
76 179
75 80
74 150
6 189
8 219
60 230
5 73
56 83
29 198
76 164
53 112
0 118
121 204
44 204
52 221
48 93
84 168
230 234
94 236
63 174
86 96
145 169
193 201
105 222
1 19
113 150
18 174
128 215
112 139
83 111
28 164
11 100
196 241
41 85
80 111
176 206
49 102
96 242
53 201
66 157
