50 250
108
104
56
118
89
29
77
43
85
118
107
49
114
75
105
114
62
94
89
101
107
32
80
99
52
48
82
21
95
60
75
84
96
112
82
117
21
91
40
38
41
80
68
36
87
105
82
30
80
103
22 23
18 33
17 44
2 34
31 35
30 39
4 24
1 24
22 33
11 21
15 27
25 35
9 21
26 47
29 49
23 40
4 11
8 49
11 28
15 35
26 44
0 47
3 22
1 36
14 44
7 24
29 44
1 2
3 28
2 4
9 42
16 29
3 37
17 33
0 4
1 46
30 48
33 46
22 49
17 21
13 28
43 44
24 46
27 47
26 49
33 38
12 43
4 49
2 23
4 34
27 35
3 7
36 49
8 43
1 14
14 27
20 45
9 19
8 17
45 49
7 32
0 33
37 47
1 49
10 36
5 39
8 21
7 49
10 44
11 16
5 27
16 36
26 46
3 30
10 14
6 7
3 9
8 16
16 45
5 17
6 24
26 36
0 44
11 49
27 40
6 16
15 43
19 23
17 32
25 39
39 45
0 35
11 32
16 18
40 49
25 28
27 29
22 28
12 38
5 7
20 25
0 13
22 37
6 39
4 30
34 43
21 25
38 43
3 11
33 35
7 11
21 22
7 44
7 48
10 37
35 43
29 31
7 31
2 26
6 45
4 38
13 42
38 48
0 25
7 40
2 29
9 13
11 24
18 34
0 48
35 44
18 35
16 23
25 26
23 43
31 34
4 18
20 40
10 31
15 49
14 46
33 49
10 35
1 33
1 29
11 46
2 47
2 46
43 47
2 15
45 48
34 37
18 49
16 44
18 42
25 42
4 26
8 28
5 41
4 9
34 39
35 39
36 38
31 41
6 29
13 37
9 12
5 32
1 38
1 26
6 32
4 10
12 14
21 43
4 12
30 41
1 13
7 34
24 42
2 7
13 14
19 48
0 8
41 45
2 6
3 20
7 14
37 40
2 45
24 48
10 43
12 48
0 11
19 29
27 31
38 40
29 36
36 40
4 7
43 46
32 46
6 11
9 27
21 29
2 22
3 48
31 39
11 43
26 27
17 48
8 13
9 23
12 41
8 42
5 25
2 17
16 38
31 38
32 42
21 39
0 36
17 30
42 43
3 39
10 47
10 22
13 31
40 48
10 30
3 5
1 44
3 19
22 29
24 49
16 41
38 39
28 49
32 45
6 41
8 32
22 35
2 8
4 41
0 6
24 37
11 36
27 41
17 31
19 45
2 28
