250 250
110
108
35
29
104
71
118
90
37
68
78
68
102
42
59
44
28
62
106
25
100
103
94
60
106
101
101
70
78
40
53
21
28
20
82
65
24
81
87
41
81
97
41
63
71
81
39
79
75
77
85
56
60
59
96
99
40
29
49
51
50
34
104
110
35
66
107
39
79
26
112
40
104
85
35
55
98
54
115
54
112
80
90
52
71
66
31
92
27
112
75
57
27
59
100
42
57
39
113
69
46
57
89
30
22
105
65
101
39
112
35
83
72
105
68
76
103
31
100
110
24
55
100
31
46
32
105
35
51
50
84
77
87
54
39
89
91
37
70
62
29
85
26
34
22
74
90
105
37
70
48
41
57
28
104
83
40
89
98
23
119
63
33
86
97
104
108
20
21
58
62
31
76
20
97
78
26
67
116
44
69
44
65
106
104
102
69
76
71
99
79
23
42
44
41
71
29
29
71
30
20
66
93
76
66
70
34
73
69
30
49
70
106
46
56
90
28
57
46
32
37
58
35
59
82
108
63
91
118
114
54
118
60
79
26
59
82
40
64
83
103
93
34
89
119
70
112
28
108
38
219 223
68 132
48 206
89 109
12 86
27 98
22 214
132 175
129 151
102 193
191 241
115 164
200 208
78 170
7 8
103 230
79 235
49 229
10 44
68 130
18 22
9 45
232 244
72 214
15 145
168 188
7 33
103 215
125 233
44 240
235 249
72 166
223 234
130 146
214 233
108 113
85 122
5 67
77 116
113 133
51 93
100 154
84 109
167 169
63 86
11 72
62 84
149 238
57 236
29 143
53 142
1 138
6 15
57 233
185 191
28 199
103 242
179 230
148 212
48 98
110 211
126 222
63 194
25 103
54 151
204 246
49 99
92 166
150 207
143 149
98 193
23 185
4 53
114 117
65 152
18 215
175 240
91 221
155 218
57 176
25 125
11 174
124 206
184 192
193 208
77 151
42 100
188 197
155 206
65 210
83 220
176 247
119 175
81 218
88 246
213 240
21 103
239 248
59 181
119 182
9 124
18 20
61 211
20 68
133 216
186 230
68 156
183 243
3 128
176 216
18 249
31 123
121 122
155 181
53 153
131 164
2 173
227 234
70 247
52 55
228 238
123 236
23 218
114 128
182 247
15 230
65 103
39 137
171 224
129 194
74 76
43 247
122 180
0 84
120 136
55 200
30 227
38 102
153 248
231 245
187 211
11 105
64 148
140 144
69 191
19 143
119 164
49 243
36 179
8 49
167 206
60 144
99 236
234 247
104 228
41 82
41 93
207 248
93 143
15 97
186 218
55 158
3 234
122 206
107 182
100 131
63 191
49 96
142 195
135 246
25 217
66 140
138 162
23 108
133 222
69 123
133 190
174 226
34 137
149 171
30 141
123 204
73 220
105 216
17 93
43 64
162 204
75 109
93 235
78 183
158 207
0 41
26 226
113 178
100 175
4 57
61 75
45 233
18 199
63 111
115 208
24 70
67 201
15 154
93 236
214 246
93 214
37 172
68 92
18 137
141 168
95 177
160 202
221 243
56 211
77 184
60 116
147 183
14 113
190 201
107 154
53 197
118 235
62 77
53 66
73 80
8 207
12 168
161 168
85 130
19 69
59 185
182 206
45 221
13 72
31 99
46 167
137 186
13 133
38 199
132 181
139 213
234 242
12 151
88 247
67 244
53 107
104 141
111 177
39 183
