300 5000
116
58
101
89
55
42
43
30
102
82
102
61
30
32
107
69
54
60
50
107
61
88
23
92
103
47
44
47
68
59
70
64
97
52
85
84
74
109
46
108
71
28
49
33
93
88
82
79
29
112
66
70
80
69
95
116
49
71
43
97
110
94
93
40
78
58
56
32
47
83
72
50
43
54
63
116
22
77
76
83
69
22
86
82
24
61
30
53
112
53
82
55
79
55
75
37
45
63
101
25
26
54
55
102
88
51
98
42
60
106
58
110
109
24
24
65
117
34
50
61
67
112
96
79
99
103
96
76
99
78
81
57
64
69
39
84
100
118
106
40
56
96
82
45
100
38
42
49
52
72
91
52
116
119
111
47
55
39
104
34
97
65
71
93
66
91
57
46
41
96
119
77
72
33
55
105
52
29
86
84
34
57
68
30
109
59
110
96
79
46
110
108
91
113
34
90
36
71
116
109
99
67
119
52
81
106
37
113
115
103
29
29
93
78
92
34
69
82
110
28
108
52
69
31
97
83
101
114
86
50
103
66
97
54
98
110
40
67
55
36
102
117
45
27
75
69
93
24
31
35
85
71
67
86
35
45
49
68
91
67
98
26
113
28
61
43
70
81
90
106
49
25
103
27
84
110
76
58
66
40
73
31
43
73
97
58
50
78
107
73
26
37
79
71
45
72
95
96
86
117
173 205
130 291
214 288
50 252
73 297
4 117
37 233
18 68
6 68
21 86
32 168
10 275
21 212
176 187
41 272
133 214
15 264
3 181
66 133
53 191
2 57
39 228
49 291
109 111
107 130
191 197
51 259
124 166
54 172
1 213
78 134
146 179
60 150
201 216
193 254
107 248
12 88
55 287
97 189
166 296
115 279
82 240
75 106
207 299
212 260
43 264
143 146
241 297
142 204
149 265
97 125
97 109
137 265
154 216
82 286
17 202
142 197
100 272
1 59
265 271
19 287
8 165
1 131
87 214
144 180
236 293
57 86
22 154
70 223
228 261
130 152
101 278
130 273
74 274
208 291
52 137
126 268
40 53
55 249
43 272
29 242
96 129
103 104
31 166
65 70
96 162
172 187
226 298
116 213
147 204
76 284
202 256
4 10
59 243
215 259
155 254
284 297
50 100
89 269
132 206
46 91
2 15
229 233
65 198
97 213
102 173
111 249
76 254
71 173
65 184
38 220
35 138
205 241
46 136
20 262
4 53
7 118
51 121
186 236
1 85
151 155
101 258
86 266
107 139
172 209
76 248
145 214
35 102
207 223
148 169
152 243
61 275
96 211
164 199
34 217
186 284
73 295
39 287
81 146
231 291
7 18
163 291
26 273
181 265
165 250
102 245
70 129
33 59
275 277
12 233
193 217
250 266
237 264
46 57
83 288
89 153
47 132
21 69
86 158
160 254
4 108
74 106
165 238
159 215
92 140
85 279
62 229
26 51
109 218
53 72
149 213
197 207
28 45
256 270
114 224
116 118
32 274
244 270
104 139
32 238
217 248
10 117
147 221
37 65
30 161
171 231
78 127
128 224
98 158
180 272
22 49
107 143
23 139
129 215
67 295
244 247
116 285
6 184
37 43
1 119
172 257
51 84
2 231
8 160
30 241
104 185
80 290
13 211
41 219
228 267
160 227
197 263
96 269
81 185
65 135
22 57
59 108
114 158
91 218
121 274
159 211
201 278
189 291
263 267
247 282
143 282
175 245
23 40
174 214
208 279
61 265
53 120
125 211
217 286
13 182
41 90
68 224
268 295
10 262
44 283
209 265
136 187
210 280
124 159
120 206
156 267
85 209
139 263
126 173
55 232
22 139
96 115
83 143
105 153
118 249
15 83
137 203
169 293
63 170
75 183
26 94
20 235
283 285
108 111
163 215
2 290
12 170
155 185
90 253
13 124
39 80
207 228
201 283
97 98
71 224
149 281
54 70
56 84
89 245
5 167
160 222
47 224
92 232
80 97
22 145
61 221
129 225
260 290
82 139
59 205
92 116
54 186
146 190
236 242
162 187
48 293
84 92
228 272
24 104
77 98
249 299
211 226
180 253
14 187
93 246
219 261
25 90
147 237
90 215
103 225
4 218
88 203
10 175
68 86
32 145
33 184
147 196
128 260
101 199
142 246
113 145
207 235
54 138
106 224
149 196
200 261
119 164
40 129
91 108
175 267
6 203
209 254
51 221
83 152
120 277
17 150
57 91
4 281
163 229
60 139
250 260
53 68
131 160
99 213
87 219
2 296
53 174
9 269
89 257
107 286
106 129
111 216
80 163
2 40
140 222
152 155
172 223
4 205
135 171
103 223
90 157
16 271
211 241
77 220
82 116
28 189
244 245
52 108
76 144
163 216
18 66
121 239
78 293
181 243
98 249
92 156
127 255
160 218
120 238
139 255
54 219
51 144
215 248
212 292
75 92
210 260
81 145
149 190
144 212
71 161
227 242
5 250
107 166
168 279
7 156
234 262
130 278
65 194
78 277
222 238
104 198
1 133
32 282
192 244
15 127
121 157
215 243
71 102
133 240
41 81
16 299
3 30
120 146
276 277
98 214
199 254
32 164
196 256
15 200
192 194
102 215
67 210
17 139
12 202
131 146
182 243
162 298
60 212
118 188
37 216
154 237
19 223
179 269
36 215
79 160
46 230
50 262
9 31
73 241
72 285
219 228
6 133
226 271
44 246
211 283
13 66
236 272
85 294
52 167
30 298
13 212
44 226
53 63
9 56
179 294
98 128
186 274
200 284
157 230
121 297
10 265
187 290
24 298
165 284
66 128
93 163
131 259
71 246
65 81
2 244
127 182
94 102
69 78
54 278
51 60
78 151
90 113
111 120
104 114
28 295
191 222
88 106
151 159
52 216
107 292
120 212
6 289
110 274
28 137
141 197
80 292
27 245
83 147
57 249
3 85
244 278
29 84
84 232
188 244
148 288
60 295
37 108
118 134
147 255
40 163
205 295
85 284
220 240
49 132
135 221
135 218
165 216
2 249
148 298
48 138
185 287
147 160
222 278
122 282
145 286
191 214
192 299
132 175
59 271
182 193
69 247
111 112
165 285
62 185
164 252
203 233
93 137
50 112
32 71
109 234
148 229
0 173
200 228
6 171
240 287
64 234
9 227
46 99
93 161
231 257
54 160
9 262
132 166
47 152
28 242
53 294
5 202
208 222
176 262
148 293
209 248
47 220
7 13
208 290
22 125
182 206
180 215
98 145
99 244
3 93
108 272
88 174
62 113
82 289
24 282
34 273
243 255
72 250
33 268
43 240
146 158
90 277
113 122
241 265
118 296
58 91
217 265
100 261
37 258
82 293
26 62
135 248
268 276
168 269
63 78
41 115
169 281
162 215
34 246
4 158
125 262
90 255
216 231
189 190
5 25
120 182
51 182
79 255
175 203
100 266
216 253
7 174
223 249
36 195
194 257
82 251
206 208
139 224
115 174
29 232
140 263
52 243
7 198
74 153
175 234
119 187
143 179
92 114
102 150
39 111
42 97
5 245
169 249
175 197
36 278
107 228
159 241
191 223
218 298
44 152
216 225
40 68
95 206
212 249
56 251
112 205
45 57
211 294
108 278
67 222
29 138
131 295
219 241
23 159
119 217
12 194
35 104
182 262
10 226
118 183
47 229
24 274
104 287
21 135
147 243
202 285
24 197
116 265
139 168
125 137
11 189
31 98
45 281
55 271
200 264
227 249
120 236
248 255
135 243
120 209
159 267
237 285
27 128
162 165
51 139
196 238
96 242
203 271
187 265
128 218
130 203
24 145
66 93
31 202
88 241
55 74
11 100
92 179
192 254
83 96
5 293
21 153
44 287
237 284
187 222
67 211
185 212
139 243
0 184
108 214
36 277
200 215
155 169
12 253
57 212
26 118
96 123
152 226
107 163
75 294
194 282
206 220
159 201
59 211
137 273
19 173
3 272
140 224
179 204
143 229
13 256
161 261
79 188
14 238
103 141
138 232
35 190
58 194
91 117
158 228
143 177
153 198
46 201
80 122
52 250
16 224
60 237
177 191
33 129
61 84
120 171
66 95
98 224
76 293
154 229
55 243
66 275
188 278
118 164
178 294
153 223
31 121
115 250
64 199
63 235
67 71
190 216
66 215
166 291
20 112
55 272
0 128
68 173
30 291
24 284
137 221
42 247
114 168
44 284
66 108
189 219
175 187
79 90
6 246
133 170
18 158
198 277
151 158
188 266
194 250
168 264
88 263
8 262
7 130
248 293
115 264
42 137
204 269
185 262
18 267
132 285
161 228
86 184
26 259
42 153
127 293
58 89
1 188
96 294
136 263
11 25
6 215
191 294
177 261
61 261
190 299
222 235
28 235
107 137
246 290
73 149
35 207
37 214
11 147
35 83
94 274
32 61
61 107
223 238
121 237
120 299
127 222
55 155
209 244
155 262
164 287
22 280
123 194
23 111
205 247
58 232
93 171
16 155
240 279
93 152
145 177
56 272
79 119
28 263
23 226
10 235
142 215
17 85
109 196
40 67
99 143
51 289
67 270
1 144
59 289
153 236
134 177
44 253
8 33
32 286
94 268
128 235
145 231
45 128
164 238
23 37
12 215
59 282
113 208
42 198
18 30
84 196
75 90
135 204
123 288
121 144
1 135
66 131
176 198
136 246
22 40
7 225
37 86
290 295
32 150
168 193
29 62
116 189
21 119
24 295
61 197
191 196
22 198
15 149
251 261
43 285
35 263
51 122
0 41
117 150
62 125
70 239
91 187
181 263
205 260
10 21
155 201
105 270
275 285
254 278
292 298
22 34
125 255
208 255
25 166
43 157
139 279
166 282
215 245
7 148
28 208
155 236
88 214
80 205
236 291
61 87
94 199
276 279
3 74
167 282
109 150
24 149
27 147
155 197
175 225
97 115
103 111
199 252
18 210
6 31
170 253
120 205
151 264
19 181
101 226
1 35
3 202
111 150
9 230
57 157
225 286
97 255
28 259
48 98
131 221
105 175
1 225
17 80
13 76
36 54
90 114
117 141
253 292
20 274
14 129
52 132
54 139
135 202
150 250
72 233
38 82
135 247
15 27
144 153
40 189
155 250
31 92
24 97
44 298
163 174
182 215
73 280
117 167
120 224
101 296
191 254
89 243
259 270
103 242
62 184
53 269
197 215
291 294
90 294
42 157
16 276
49 125
50 242
216 274
17 114
68 270
213 261
158 220
152 235
49 75
88 180
19 56
65 78
99 124
141 207
224 282
107 118
25 168
101 241
194 268
11 164
24 36
129 246
116 244
71 151
165 239
236 251
47 81
53 147
206 261
240 288
158 237
47 262
78 200
255 272
18 168
136 257
17 42
203 286
54 133
51 109
46 61
39 93
93 194
100 240
54 281
40 43
139 191
57 270
40 64
242 260
83 131
125 269
173 200
86 164
273 279
77 137
86 176
171 281
21 163
81 127
174 196
88 170
13 279
105 110
44 52
118 127
87 235
136 252
12 168
222 292
111 142
69 280
39 292
95 208
104 188
21 59
34 244
38 54
134 140
10 159
94 261
97 266
110 282
134 256
28 154
67 223
9 159
22 268
176 220
108 169
32 190
219 277
10 225
31 117
144 190
106 127
37 276
19 124
86 258
28 240
147 287
48 216
6 236
122 226
112 292
35 144
182 254
159 173
205 264
28 161
147 207
184 267
143 184
22 256
36 101
15 140
183 231
190 240
63 167
31 168
55 203
227 289
101 210
149 226
58 229
87 257
106 137
73 194
202 249
95 103
110 238
121 295
93 236
12 63
51 232
43 106
23 187
147 149
48 124
128 234
267 278
167 191
126 137
127 240
39 87
230 277
250 278
43 151
198 265
123 151
138 174
39 270
50 71
36 167
49 135
216 280
13 117
140 208
157 295
123 186
101 245
37 41
4 67
84 149
52 254
92 207
227 229
29 132
0 51
66 101
46 238
17 251
215 277
72 92
215 273
11 270
16 48
11 83
104 160
59 219
126 213
192 203
87 107
160 273
91 139
77 261
31 189
81 105
8 173
33 229
140 240
4 156
15 289
145 291
228 262
193 256
88 160
85 247
110 299
107 138
121 202
91 268
49 152
160 196
126 274
114 246
66 250
22 107
17 65
27 261
167 190
27 121
114 173
138 274
11 40
31 95
183 247
80 132
158 159
105 258
76 272
46 107
125 236
111 241
122 190
65 202
57 76
92 224
230 249
12 250
22 45
96 206
44 228
38 255
139 296
111 113
124 220
60 210
73 97
1 272
204 264
37 73
129 280
49 281
112 299
134 293
44 89
88 92
70 182
96 209
178 209
3 72
181 282
56 117
21 40
53 197
221 247
33 34
79 246
220 291
64 221
131 291
227 247
177 200
24 188
70 232
7 48
101 115
104 165
238 239
136 196
43 117
83 129
30 203
175 208
73 181
256 291
172 238
124 236
124 168
100 149
208 246
47 200
65 75
66 203
55 99
150 202
38 269
172 279
120 240
99 245
90 121
29 189
170 197
14 71
12 49
31 250
60 158
67 263
175 224
115 179
25 84
5 217
89 256
107 297
34 118
197 287
164 278
87 177
227 243
210 277
242 255
67 279
46 100
31 77
198 273
256 299
225 282
4 290
14 53
97 100
171 294
88 139
25 68
175 252
11 137
19 281
79 260
86 232
59 169
9 32
17 67
49 83
139 294
8 91
188 192
64 160
51 235
152 260
79 120
131 264
216 246
48 202
206 289
17 32
93 210
102 278
110 185
79 104
25 171
164 217
76 111
33 46
127 237
58 247
16 23
131 285
33 269
85 227
74 117
285 297
99 210
15 72
94 284
9 228
17 92
129 279
12 220
47 227
250 286
18 47
90 257
254 257
75 219
105 142
90 291
271 288
6 151
115 130
35 187
114 195
135 145
100 182
161 163
164 219
127 191
59 201
69 217
44 207
13 288
155 227
3 58
119 233
120 241
136 206
41 286
139 281
196 275
0 139
115 244
19 227
145 288
104 296
23 169
24 68
135 235
76 243
107 149
94 212
243 245
218 233
193 233
9 110
181 229
74 236
169 284
231 254
100 268
30 37
177 280
12 161
104 216
75 140
104 253
169 196
101 154
167 294
29 140
55 69
210 291
79 144
127 275
86 296
116 227
85 156
148 246
116 168
50 60
55 192
61 164
4 265
223 268
108 260
15 252
177 214
59 73
86 293
131 200
134 180
219 299
36 148
165 257
264 267
17 208
75 182
22 79
199 290
54 211
58 98
275 279
90 272
17 49
1 176
11 149
148 181
218 282
48 200
65 175
167 192
273 294
126 295
78 125
37 179
135 289
237 268
163 261
58 264
279 287
128 265
50 147
28 32
65 129
284 292
152 194
184 219
63 198
24 267
4 141
192 193
55 151
154 261
19 133
248 284
13 50
94 183
0 135
119 223
169 292
23 229
133 246
112 201
4 15
146 218
53 111
130 180
180 238
166 252
50 283
98 118
50 73
43 289
13 294
134 272
16 287
242 285
106 201
186 268
85 110
187 221
119 138
76 103
51 269
34 80
71 178
122 152
3 194
217 297
207 241
132 246
9 126
210 231
169 232
94 178
117 254
15 92
170 236
169 288
139 249
74 263
180 227
85 183
54 173
80 233
65 295
56 78
9 243
175 266
178 196
185 269
36 66
2 277
198 206
117 200
60 132
96 197
15 269
0 251
101 298
65 231
54 60
72 240
170 235
35 55
33 292
89 250
184 283
48 183
53 160
15 201
58 83
61 170
23 83
60 201
166 254
246 261
239 249
116 260
172 205
47 198
148 292
72 196
125 176
109 243
26 167
78 248
214 228
29 115
128 207
146 275
77 144
106 283
16 153
25 233
30 245
139 291
70 241
19 58
18 286
42 233
27 100
123 286
99 281
110 132
243 290
11 145
78 143
88 236
105 212
102 294
94 103
44 185
164 243
115 234
101 281
28 60
152 253
46 234
230 251
97 246
220 242
9 115
52 285
154 254
31 109
0 216
153 164
21 211
151 192
122 179
5 75
31 51
10 34
107 282
254 280
41 101
70 174
122 138
145 211
28 294
29 254
160 210
121 245
96 181
3 66
71 276
7 78
140 174
94 208
74 299
153 163
168 285
58 79
107 291
187 203
37 210
216 248
70 162
121 251
239 258
6 234
62 136
289 294
29 88
28 197
112 214
82 233
13 97
141 256
56 96
93 144
6 112
41 128
215 274
131 233
137 154
219 269
26 265
55 258
53 207
135 268
20 69
102 169
82 295
178 190
74 92
150 283
77 186
31 161
44 162
146 198
52 117
78 167
83 177
133 188
20 85
105 156
11 89
26 223
6 256
113 150
30 149
84 226
182 270
28 246
50 220
140 197
32 128
13 17
102 221
34 77
123 259
38 140
99 199
212 294
49 77
113 154
39 46
228 238
61 237
8 34
205 287
116 174
238 243
159 181
98 215
109 288
39 181
138 147
80 194
102 129
216 271
17 36
7 274
253 263
3 155
81 210
119 148
52 76
59 174
59 284
183 281
61 249
51 77
48 242
19 278
65 79
5 62
200 268
15 55
142 188
126 264
195 238
139 215
38 175
19 274
58 223
132 188
26 74
46 288
54 105
110 177
77 168
130 184
154 184
72 162
40 48
88 295
278 279
16 210
87 265
159 271
186 205
46 193
203 284
161 299
65 168
195 290
104 226
18 101
150 298
58 138
37 145
108 118
24 105
245 292
41 152
14 90
74 140
139 269
34 287
59 277
163 230
83 203
181 253
233 240
91 131
29 261
186 239
283 286
27 183
135 152
274 277
166 218
51 188
57 90
117 222
119 204
162 288
27 273
154 171
104 235
43 184
170 173
27 57
214 250
224 261
179 192
142 295
119 199
42 138
16 257
297 298
32 38
64 117
168 282
225 264
43 89
34 39
9 295
157 227
46 249
87 109
125 140
96 191
128 174
85 281
45 240
202 274
6 214
141 230
283 284
70 273
22 282
90 118
97 236
237 299
108 143
36 76
172 234
108 279
1 260
246 293
6 200
220 267
161 259
202 243
144 175
65 218
157 183
8 145
8 280
82 176
116 158
102 212
31 243
84 263
203 209
77 209
96 109
120 181
83 257
63 153
10 181
72 168
64 132
65 97
148 192
9 25
89 163
126 232
135 225
35 54
45 197
151 278
69 160
14 72
66 138
182 292
58 270
163 279
4 258
139 293
106 225
83 266
53 113
138 158
2 41
72 136
250 253
19 257
23 75
67 209
180 205
177 237
95 135
71 293
39 152
210 258
16 228
93 129
282 283
36 39
24 176
30 108
117 178
49 253
192 259
21 150
191 198
38 87
34 132
161 238
71 171
188 248
41 52
17 86
25 57
49 122
131 215
100 181
45 169
140 242
83 195
192 282
121 278
114 282
38 216
105 164
157 226
206 295
231 295
104 118
32 89
5 57
97 226
50 289
220 245
72 112
245 279
91 94
7 227
84 132
110 224
130 294
105 289
113 262
159 197
12 103
113 160
70 210
86 120
58 199
23 66
45 171
262 268
191 247
21 75
84 297
78 237
95 127
119 292
57 279
160 242
43 55
21 165
159 266
104 218
89 293
201 261
93 103
176 209
220 293
174 210
53 123
5 242
62 98
40 273
69 274
95 295
113 234
207 272
83 125
76 266
89 278
121 123
49 50
95 223
5 218
127 213
124 238
151 219
59 66
46 146
105 232
15 18
147 230
143 248
125 232
0 121
171 283
78 147
146 153
49 175
215 262
54 92
25 252
12 295
92 141
24 58
128 299
91 281
275 286
152 230
51 218
52 274
84 121
133 205
48 172
103 147
16 99
11 180
163 272
205 273
48 204
154 191
129 237
167 177
148 282
186 271
101 297
185 238
118 195
70 167
120 217
22 188
69 202
252 284
209 227
27 258
112 165
102 219
27 270
293 296
150 266
256 290
35 161
106 204
24 28
75 102
144 264
56 216
35 181
125 139
63 290
3 34
48 93
115 182
76 179
42 160
81 150
50 116
63 254
91 274
2 298
179 211
37 70
79 152
73 186
122 172
39 69
0 250
44 199
81 102
94 249
49 165
9 276
78 79
22 254
8 76
256 286
23 98
26 250
152 154
79 137
26 258
118 276
10 18
20 91
114 172
37 92
68 215
98 295
105 146
69 223
55 113
179 263
130 257
214 285
64 135
61 182
71 111
183 252
176 214
6 50
265 266
64 127
260 273
30 169
35 248
137 179
268 298
137 264
253 298
15 69
128 134
3 297
8 199
165 233
150 224
261 267
76 188
25 43
180 223
256 274
145 200
205 238
6 144
30 274
30 134
79 86
12 38
251 274
47 175
48 125
92 278
55 61
32 156
132 256
36 88
237 282
220 234
130 194
169 278
160 165
199 239
3 289
4 6
51 263
88 182
151 212
212 232
265 267
68 99
157 273
7 240
146 226
40 279
56 258
261 268
160 175
178 207
201 263
165 184
67 118
31 290
50 183
7 251
202 280
142 160
6 39
99 176
60 276
144 151
103 273
29 174
67 266
91 134
84 97
52 115
139 235
146 166
68 239
99 178
217 262
82 158
9 235
212 258
69 102
42 115
197 205
24 269
60 163
158 247
209 263
48 115
33 250
194 241
72 153
93 115
41 251
197 277
207 260
81 241
56 61
176 266
5 197
43 220
201 257
219 220
35 216
19 167
120 214
38 253
80 140
109 268
50 296
50 57
158 226
75 216
118 123
132 136
56 72
40 103
123 143
259 263
89 120
127 236
73 128
30 259
213 298
100 170
22 81
78 150
201 297
20 133
86 144
189 242
85 185
64 144
49 153
16 37
33 90
166 292
135 172
165 222
35 49
23 123
101 168
25 165
46 55
51 141
190 293
82 127
78 199
24 179
40 52
85 269
135 182
54 130
270 295
71 277
52 82
247 251
153 272
168 208
18 219
101 261
236 264
43 88
112 187
239 274
153 243
25 35
130 207
142 153
171 254
36 224
39 223
128 196
89 208
179 266
242 279
144 230
117 232
57 213
137 209
134 225
67 192
47 290
83 169
92 213
41 175
40 135
59 182
66 125
38 262
55 158
173 201
143 167
280 282
76 116
167 257
24 209
60 256
66 229
91 279
18 73
73 166
7 153
220 225
15 132
188 234
136 174
17 113
55 95
49 183
7 263
50 172
83 162
150 180
23 91
181 217
6 42
83 247
8 14
198 219
75 154
138 249
42 251
18 149
98 120
134 179
262 285
140 164
98 241
35 57
104 192
34 170
6 252
28 121
160 259
100 263
61 103
187 272
151 175
21 160
70 113
30 130
123 211
20 128
158 284
244 265
155 217
250 276
162 297
27 287
116 250
179 271
64 151
158 239
2 180
151 167
2 281
197 265
25 104
14 286
3 10
217 259
209 220
218 245
72 232
240 297
176 183
212 247
70 79
81 186
2 89
5 248
71 146
22 227
8 223
63 253
202 284
147 214
38 254
3 80
263 279
191 231
13 200
68 91
91 289
112 125
147 289
40 213
34 208
198 271
101 287
201 255
0 261
80 240
264 271
95 247
57 214
227 257
9 48
295 299
120 192
111 181
20 203
94 228
45 237
199 276
146 207
198 230
168 222
185 279
126 193
107 132
142 236
34 245
82 242
134 296
108 254
16 274
63 110
53 202
154 155
29 53
61 259
252 281
233 283
126 218
103 109
97 233
20 245
43 187
39 102
22 108
90 199
15 135
37 252
68 160
149 243
161 217
38 94
252 256
114 221
59 206
56 211
6 226
80 244
18 98
189 297
24 160
64 112
113 132
57 272
238 282
113 195
151 207
212 289
108 210
26 219
169 289
95 276
272 296
146 228
42 169
195 202
245 260
14 58
39 92
126 167
29 33
73 236
63 184
44 148
25 226
194 264
268 292
42 264
264 270
6 110
5 139
84 260
17 26
162 194
62 65
40 94
95 114
31 83
177 283
92 210
149 178
84 191
100 194
56 213
52 158
113 118
131 136
82 144
262 293
33 144
56 291
139 147
23 76
31 85
232 243
15 79
175 261
88 179
17 37
130 140
28 207
13 51
40 122
50 239
13 125
16 188
99 276
271 273
31 40
50 206
1 229
18 46
18 186
201 225
214 266
128 277
42 273
65 187
4 178
63 72
66 92
92 171
63 202
114 184
160 186
114 256
144 209
39 162
68 176
149 291
111 178
27 214
168 218
232 257
76 291
24 214
139 220
104 117
29 253
49 290
236 299
132 163
208 254
84 295
23 38
186 233
199 268
170 223
121 161
51 197
127 271
36 296
127 290
26 170
14 91
6 169
77 146
193 260
35 214
199 283
221 252
99 239
141 269
214 262
182 265
247 288
6 115
84 237
80 285
98 154
99 284
242 250
108 149
0 229
47 70
261 269
84 203
278 295
23 243
133 232
107 119
13 205
25 99
61 253
195 250
11 85
121 213
50 245
44 213
173 235
5 257
190 283
207 253
1 248
134 230
37 180
5 193
83 294
45 248
196 295
195 260
68 132
77 173
138 171
44 173
125 178
58 213
266 275
6 206
101 187
158 295
177 241
138 290
173 237
57 98
6 23
135 177
8 161
39 273
26 239
107 204
82 85
91 171
24 40
30 36
111 182
78 176
120 288
14 213
57 164
63 271
158 187
100 292
218 265
191 209
114 129
133 285
173 272
3 61
243 261
39 166
119 206
159 185
172 269
101 143
84 288
53 77
141 271
42 84
86 181
47 83
267 268
32 240
145 193
155 295
88 161
194 260
106 119
75 299
159 186
39 239
180 288
83 211
144 265
100 221
189 191
120 223
13 181
89 115
208 220
118 273
100 252
117 138
156 259
0 78
54 83
4 185
76 206
26 193
51 74
2 260
79 91
0 127
52 152
56 118
235 252
194 263
24 91
180 263
46 65
51 244
26 296
77 270
62 123
125 248
74 80
253 269
73 132
105 250
57 129
75 237
72 80
36 100
13 217
51 134
168 185
246 296
234 266
24 57
24 80
206 234
104 203
159 236
157 238
125 227
198 233
8 85
73 286
2 120
124 222
58 120
139 245
101 271
35 269
126 178
89 291
62 267
53 158
162 280
40 233
92 290
150 276
110 145
194 249
90 295
111 221
82 151
73 237
52 240
93 98
134 137
119 184
183 230
39 95
183 236
85 264
85 196
109 279
197 251
63 108
52 73
66 234
27 104
216 261
99 285
29 170
168 261
124 156
196 210
121 281
158 282
107 260
38 286
30 101
103 198
132 153
221 258
138 211
219 260
70 240
110 245
151 165
28 123
19 22
52 148
64 177
7 215
37 102
1 16
170 193
114 185
97 180
151 252
109 193
55 274
55 125
231 272
46 153
2 143
55 241
43 171
51 171
86 274
140 155
27 85
77 212
252 257
9 256
119 160
134 201
226 257
165 240
294 297
61 290
101 104
161 273
0 155
48 299
26 155
133 284
137 290
52 241
94 153
171 295
149 288
0 4
148 217
278 291
92 139
52 83
117 290
104 116
11 90
142 276
185 295
113 288
207 237
9 207
160 182
151 204
61 195
130 200
39 265
4 157
161 255
98 273
168 172
74 168
53 187
156 290
50 95
50 150
211 232
9 114
123 213
18 184
148 160
136 200
113 193
57 120
54 82
226 270
2 44
107 146
55 284
79 97
105 299
38 181
190 262
86 204
104 222
22 264
122 159
216 287
25 52
158 160
130 160
84 162
175 231
159 270
38 119
143 290
171 223
133 233
113 138
269 271
112 294
235 286
202 205
9 274
134 280
140 167
3 265
2 192
24 286
24 103
67 168
181 252
43 224
151 156
137 270
143 175
91 169
71 236
4 103
106 266
93 213
16 290
169 186
89 161
229 253
206 243
110 286
13 130
89 202
27 294
15 259
117 263
29 118
36 276
249 295
37 121
17 43
224 230
132 177
75 159
8 35
169 237
98 248
109 283
101 263
72 133
108 182
162 229
35 109
178 266
78 190
108 211
19 120
7 286
40 152
25 127
161 194
11 117
100 195
120 158
201 244
44 83
104 206
12 265
31 241
20 195
3 273
93 283
21 74
101 166
174 178
87 294
111 124
19 150
22 263
165 230
26 266
0 122
65 284
139 225
34 148
37 280
163 267
29 228
23 298
15 174
165 186
150 194
67 205
119 254
79 238
218 236
84 163
213 252
41 206
173 245
204 247
233 293
43 175
9 242
217 247
46 97
91 164
3 45
36 82
272 283
0 199
4 57
15 112
1 240
57 285
284 287
28 48
227 297
86 295
133 252
9 136
97 298
33 219
70 271
179 232
96 276
73 246
154 186
127 263
166 171
54 146
114 116
34 164
5 213
35 249
182 277
5 214
30 160
130 236
98 257
21 199
123 199
89 272
73 273
51 86
105 134
0 284
19 273
187 216
24 166
53 222
100 189
58 130
101 189
67 200
18 198
74 221
217 246
43 215
266 271
105 181
72 166
45 158
74 237
13 284
207 292
67 92
148 177
249 275
94 118
69 149
112 123
82 143
58 121
92 125
25 58
149 249
107 276
213 246
234 283
226 279
46 190
19 90
46 275
39 94
140 241
4 163
58 116
86 237
168 263
81 193
22 30
94 298
93 138
124 264
18 50
41 121
16 108
167 199
7 110
25 140
64 256
83 150
245 252
26 166
197 240
44 57
238 247
137 254
71 265
173 197
283 290
143 295
7 162
195 286
30 191
137 188
34 54
215 284
24 294
28 285
217 271
94 239
189 234
217 268
231 263
112 238
177 206
99 160
55 141
33 85
26 137
172 222
80 189
127 156
214 236
112 237
103 153
32 87
56 276
67 220
244 266
96 126
233 268
53 181
71 207
27 295
40 216
167 203
139 182
31 120
44 186
183 204
231 256
259 291
23 211
19 225
89 104
57 115
37 49
160 162
8 241
48 155
110 158
92 267
249 298
45 212
116 185
168 228
124 219
127 147
104 182
219 272
81 246
83 244
92 106
14 185
95 192
124 160
126 188
152 210
147 171
152 269
15 93
6 293
212 299
30 207
163 298
134 205
64 107
45 226
130 170
6 192
82 132
45 132
56 285
208 260
31 151
144 154
89 205
108 171
107 165
35 70
186 219
16 291
141 236
23 224
68 207
105 269
161 263
111 171
15 173
28 255
96 159
20 285
20 150
107 179
120 221
1 107
45 91
176 232
199 281
101 156
106 177
70 207
70 91
264 293
0 85
44 297
17 169
180 196
28 101
29 68
211 261
52 88
194 209
168 229
16 72
62 238
24 37
62 81
73 263
142 163
44 184
90 212
158 197
210 294
69 120
47 264
135 228
68 189
82 298
57 150
122 295
159 212
27 71
196 293
128 252
139 202
38 133
112 159
124 234
47 192
175 181
232 242
32 65
244 279
103 276
21 271
14 51
90 230
234 241
80 270
214 249
168 220
44 161
206 260
81 237
142 231
65 226
48 96
25 170
194 199
98 251
28 260
93 201
63 263
72 247
100 293
167 261
26 222
116 154
10 271
42 58
68 264
19 135
210 234
22 170
14 115
29 71
105 231
55 181
52 281
48 220
138 295
45 269
216 252
85 226
179 223
143 224
63 106
85 210
100 253
239 257
9 291
92 273
268 281
27 282
198 289
31 74
177 254
5 266
200 298
113 190
6 101
250 283
78 203
135 136
76 183
187 275
9 69
58 266
207 297
136 184
3 189
53 102
45 89
96 166
117 198
28 131
18 72
164 264
162 292
67 147
41 174
162 254
183 220
142 220
104 269
31 273
45 185
26 187
230 245
35 128
114 166
156 186
98 202
49 65
159 165
172 275
21 210
92 242
105 114
98 136
87 196
4 83
110 118
184 276
36 41
65 166
122 231
39 167
142 194
164 263
56 105
158 210
222 256
9 98
119 152
226 287
37 123
60 105
65 141
101 228
19 165
2 265
131 145
94 159
9 264
167 202
124 226
24 175
80 185
112 144
19 119
79 266
118 232
36 247
3 293
6 127
151 258
105 117
134 160
7 79
60 184
6 85
69 138
233 281
52 258
134 235
101 184
105 116
48 141
93 120
21 178
51 279
29 220
136 241
54 144
72 115
80 130
200 201
181 269
135 279
233 269
117 266
70 71
170 286
158 213
234 263
117 265
102 287
41 58
182 298
130 156
12 108
31 281
41 166
12 275
136 278
144 258
50 182
15 181
92 144
1 128
18 211
250 297
55 172
170 291
200 237
8 84
48 250
77 138
97 128
156 278
195 248
129 137
126 267
87 139
131 234
62 171
31 114
91 173
198 209
141 201
9 270
152 216
111 218
100 145
60 281
79 282
108 122
42 218
32 253
36 265
147 191
97 127
21 100
161 298
43 90
248 287
139 197
28 292
42 140
76 273
133 271
189 198
193 274
84 119
236 270
140 269
97 183
45 59
89 223
114 262
42 286
80 106
132 182
153 209
159 265
94 193
63 68
54 86
170 241
173 212
65 106
249 292
0 224
133 262
38 172
4 197
238 252
29 213
46 143
73 290
136 239
52 242
116 195
53 264
181 249
182 256
9 293
106 126
197 271
28 298
3 94
110 216
221 289
100 161
177 210
14 134
30 288
169 239
196 279
104 272
210 257
99 228
97 159
253 256
100 275
69 180
85 102
58 237
15 288
199 253
160 214
139 148
79 296
69 276
27 173
136 151
221 249
1 101
196 233
33 222
33 35
22 102
21 273
108 233
239 299
133 236
130 202
157 264
128 264
16 193
116 210
63 117
116 131
79 270
102 193
137 164
226 238
292 299
100 211
151 284
99 117
139 282
71 103
139 199
67 85
235 267
83 295
104 178
75 251
9 53
20 225
243 298
163 235
49 74
33 87
238 277
116 150
220 221
112 219
39 173
192 249
274 296
79 275
174 227
206 235
32 226
160 275
75 276
25 262
49 149
58 127
40 260
243 260
181 215
106 124
73 254
280 299
26 121
47 111
5 17
38 282
194 295
23 65
28 269
48 119
129 158
221 298
118 293
52 234
58 260
210 214
184 209
5 247
58 288
53 293
87 128
83 175
149 282
199 251
229 299
58 122
158 172
28 280
214 218
80 178
24 291
93 208
92 252
240 266
30 234
17 106
140 206
157 218
144 147
156 266
66 258
191 238
95 109
175 204
228 287
132 218
171 189
155 224
75 163
84 157
115 219
137 225
69 272
181 285
87 243
247 278
137 139
127 270
117 188
11 58
111 236
265 275
63 191
28 95
36 253
60 233
74 270
213 241
189 265
192 198
83 231
87 201
210 256
142 222
67 253
32 210
273 280
209 276
4 245
9 289
42 83
11 35
276 296
224 240
208 226
13 24
109 286
3 22
89 260
9 170
149 195
141 250
162 174
268 296
60 297
4 46
36 280
263 286
62 188
28 50
50 101
53 61
62 191
156 231
106 214
72 120
113 299
162 282
19 32
75 222
10 78
56 116
25 244
54 179
280 294
100 156
93 100
129 214
70 165
61 79
185 229
184 234
8 256
18 230
31 96
87 293
18 212
84 143
72 130
175 281
269 282
81 197
98 246
19 211
77 248
29 97
33 43
15 51
33 289
34 73
79 181
93 160
97 296
222 289
164 179
161 203
36 185
110 284
130 282
111 247
44 130
192 225
78 259
29 67
115 292
140 173
53 194
19 291
8 101
32 213
56 204
94 238
41 186
138 294
216 294
23 254
35 298
190 228
84 224
33 243
76 186
175 219
113 210
166 285
131 169
105 108
173 207
11 177
201 223
207 279
14 299
189 258
182 294
27 274
102 125
128 214
133 195
55 105
41 298
24 219
129 172
8 36
160 289
139 232
249 283
206 207
172 252
89 198
266 280
52 246
146 248
131 201
129 242
100 167
232 258
16 46
177 240
88 172
37 68
80 296
11 278
31 103
9 249
31 192
136 150
73 145
225 266
64 276
80 157
9 111
22 78
200 230
156 196
10 135
33 40
136 198
151 287
224 291
9 184
202 248
111 285
29 60
38 209
171 284
123 168
25 214
104 212
16 163
192 292
122 129
46 274
89 169
53 250
150 152
54 136
16 83
196 277
120 173
42 261
15 119
171 272
69 216
14 45
95 266
45 104
6 20
126 250
142 266
91 209
134 243
257 263
228 258
47 184
131 197
129 164
80 113
198 210
45 94
177 250
91 249
93 257
75 151
36 59
54 294
170 257
63 99
198 241
81 140
4 190
3 211
136 161
230 266
143 207
50 233
143 219
93 254
88 255
60 177
45 124
13 276
124 227
7 264
8 197
20 271
156 253
185 219
138 144
71 114
194 258
13 89
107 229
155 247
44 113
142 279
58 155
65 69
129 171
243 262
101 267
99 286
186 290
0 130
61 76
10 127
234 260
175 233
167 289
147 277
35 131
54 200
29 167
169 182
21 134
21 220
50 63
73 176
84 178
3 43
75 289
55 251
222 223
200 240
71 122
176 287
23 140
104 154
7 76
193 287
149 259
212 214
10 40
144 176
36 251
91 185
160 202
66 194
60 188
17 99
40 117
23 291
50 197
99 236
0 244
158 195
257 264
126 198
234 249
130 186
32 77
46 144
158 227
84 244
201 258
37 249
225 234
222 296
77 117
75 157
25 146
35 147
11 165
34 88
132 198
177 232
17 291
1 173
262 270
2 248
24 170
50 153
257 288
115 246
93 114
149 192
203 292
15 78
265 291
211 276
194 254
119 293
255 263
82 257
30 211
12 287
62 201
19 86
108 185
0 231
35 276
102 203
106 246
69 119
13 222
23 215
132 278
231 266
194 288
0 297
181 250
62 73
51 159
19 143
51 106
6 119
208 225
27 252
70 92
142 277
101 125
19 292
89 252
203 294
25 237
37 237
80 91
215 251
149 176
154 228
255 275
29 48
98 223
77 199
49 72
68 288
117 129
21 111
32 98
101 122
35 141
167 283
198 285
134 170
126 151
82 288
69 178
182 276
11 293
42 175
83 215
162 200
44 235
64 77
34 165
41 291
184 211
11 178
93 293
27 288
21 281
38 197
75 121
164 237
74 209
173 190
38 207
55 289
121 275
157 159
35 85
199 222
15 253
241 244
94 266
132 274
49 215
6 79
80 287
40 212
77 171
119 251
94 242
73 99
6 210
186 228
109 140
106 296
133 142
72 108
39 275
157 281
170 196
113 211
108 135
41 279
161 264
206 283
7 108
58 65
18 244
46 179
94 136
37 270
161 236
78 211
200 287
71 244
109 236
34 96
75 244
111 288
48 167
113 289
211 221
110 220
5 258
80 242
119 210
20 205
143 185
11 229
256 282
4 162
45 216
135 273
93 244
164 258
138 285
170 205
227 248
35 221
29 250
40 229
48 235
17 125
177 204
69 94
131 188
58 259
36 207
39 259
81 287
94 138
72 167
1 96
27 259
60 264
14 89
99 129
33 239
85 276
154 164
5 274
12 124
163 257
23 296
161 244
17 142
17 35
83 151
176 280
168 182
66 159
5 272
75 274
50 138
262 279
114 288
36 122
178 298
130 139
210 220
221 237
125 297
72 225
157 255
145 223
151 166
138 177
43 156
152 209
196 278
98 232
148 153
82 278
200 254
3 71
77 195
234 281
126 150
68 210
29 158
62 206
157 296
114 148
62 119
179 217
32 46
66 208
44 76
165 296
73 86
61 67
8 263
218 246
27 84
128 146
55 100
24 174
163 255
92 209
39 158
168 170
254 264
182 251
76 89
209 295
84 258
2 155
94 182
6 168
21 48
83 274
90 184
118 145
130 276
67 298
32 283
1 286
90 266
62 261
51 147
206 271
66 201
84 141
58 61
142 158
82 277
18 133
68 251
216 250
280 283
248 263
1 67
33 249
11 143
195 294
210 266
142 248
108 142
1 242
120 134
13 188
85 229
138 264
32 80
81 191
34 65
112 145
55 229
78 135
162 271
181 219
4 41
57 114
234 284
49 191
30 64
146 294
254 279
26 145
60 144
161 256
65 86
36 48
4 8
122 271
7 62
5 108
56 282
34 86
46 233
211 212
24 249
55 180
63 282
47 93
135 201
71 143
42 205
17 19
77 157
107 111
96 127
8 257
38 206
85 145
67 87
208 232
161 166
53 74
62 145
20 197
214 239
39 40
40 168
197 199
192 280
76 105
110 137
73 222
212 255
41 216
144 259
77 218
12 192
115 261
54 212
3 176
146 268
43 172
204 219
76 287
59 280
169 191
16 221
143 228
184 228
124 196
26 143
210 218
130 169
17 45
133 163
5 65
259 285
209 246
61 242
163 278
7 20
0 259
155 243
181 220
47 151
182 216
14 167
63 131
74 224
168 186
20 282
95 286
59 160
102 119
98 111
27 236
208 237
36 208
91 112
93 252
18 42
12 157
150 289
70 231
52 107
202 294
114 261
141 155
144 250
232 265
1 236
59 96
123 255
157 253
112 185
39 227
189 280
23 198
71 101
17 273
158 183
65 286
76 288
230 261
199 245
195 252
6 181
48 136
2 130
45 294
25 187
86 128
57 284
151 180
85 168
153 295
104 191
112 180
125 180
79 110
6 70
31 252
12 80
140 194
134 238
27 263
20 201
52 63
105 272
76 196
61 296
9 176
119 238
61 255
39 177
13 242
171 205
5 136
129 195
130 158
31 156
220 230
121 159
69 287
36 236
182 245
121 212
116 220
234 294
247 259
182 236
124 204
100 239
69 254
10 162
152 241
39 82
163 198
199 259
163 183
0 132
66 83
46 94
65 282
22 276
158 267
112 174
36 184
240 275
109 177
53 279
117 230
194 216
116 167
0 205
30 38
52 114
98 156
222 260
132 289
290 296
170 256
45 155
54 182
284 285
37 160
247 253
54 115
120 260
50 219
16 206
29 69
180 201
18 176
26 244
46 151
71 153
33 57
76 137
126 226
179 291
51 240
3 108
53 253
12 149
103 192
102 121
46 121
147 219
124 230
13 28
59 154
239 296
170 279
39 219
43 221
79 227
1 160
8 104
53 110
225 226
124 209
106 145
95 270
89 175
148 283
81 223
60 196
93 235
32 67
111 278
46 127
47 270
30 287
92 151
128 141
100 208
49 186
169 275
109 249
144 145
221 290
133 253
117 155
139 290
202 278
53 170
63 70
141 181
165 185
57 73
243 285
13 175
164 176
9 122
43 74
51 207
49 160
18 218
57 269
74 161
7 290
54 155
111 192
230 281
54 208
219 295
84 117
158 280
83 212
13 65
136 295
62 231
197 289
31 288
157 268
11 201
164 256
56 218
67 199
38 174
33 107
125 202
102 167
180 203
56 112
100 153
173 293
121 184
103 202
229 270
54 268
144 162
53 289
158 256
114 260
74 123
29 288
46 219
72 293
38 198
155 298
182 285
28 187
37 257
105 277
6 83
94 164
39 260
86 109
167 269
143 265
13 163
11 233
158 283
108 119
75 85
133 225
71 220
11 297
84 174
170 225
247 283
38 132
55 188
201 275
265 289
88 89
196 246
33 134
207 254
205 257
17 41
131 243
166 212
2 242
130 298
26 57
28 83
100 287
70 218
63 158
8 62
106 217
136 191
43 103
60 197
52 215
102 183
66 210
101 152
120 152
229 282
217 258
28 218
135 281
43 96
164 231
27 237
79 80
152 234
62 263
0 116
172 266
248 268
101 198
59 65
35 115
3 139
17 129
112 250
115 225
44 265
71 134
202 266
106 150
165 200
220 252
186 282
2 124
186 226
3 201
39 229
71 108
22 58
220 284
16 189
1 23
87 255
42 238
33 155
137 247
71 271
140 157
49 93
139 212
3 109
68 233
111 126
7 84
162 196
100 163
188 271
13 118
178 231
255 264
223 287
78 115
109 208
19 69
87 112
54 276
61 213
112 128
212 257
229 291
152 162
2 145
162 168
143 257
36 149
46 258
216 218
207 287
42 74
39 47
155 159
113 167
124 211
94 276
88 125
111 270
48 132
34 122
80 136
80 104
50 287
89 91
58 165
131 158
257 287
17 124
152 193
87 246
170 212
86 281
177 183
12 67
134 278
233 266
114 272
83 105
280 289
241 289
10 28
113 232
204 253
126 230
16 165
100 159
171 246
220 224
23 142
7 113
228 248
17 249
66 114
1 22
67 231
148 285
0 7
85 246
57 230
222 287
64 131
62 190
153 230
158 221
36 153
143 170
91 119
209 212
90 197
138 227
120 195
117 285
107 168
221 234
58 164
126 279
74 280
15 244
159 175
115 139
68 152
52 53
3 257
47 183
74 252
27 148
17 54
3 180
275 290
269 293
37 134
148 264
9 254
16 18
9 252
66 261
161 272
179 209
26 141
102 131
42 95
103 137
85 293
50 251
54 257
73 118
122 266
191 280
141 173
72 245
86 199
5 255
109 269
255 256
93 259
96 110
62 139
193 198
17 71
92 122
245 263
242 265
36 216
43 80
49 222
160 171
143 182
6 253
145 278
67 177
38 191
57 246
33 137
155 266
212 229
118 246
163 206
1 287
36 137
24 205
66 207
141 167
72 173
120 269
49 292
7 183
116 295
184 268
83 123
47 166
200 253
27 292
164 202
29 159
189 288
108 225
49 130
2 33
18 78
51 78
13 98
246 282
29 282
105 200
99 128
13 134
0 92
126 254
207 257
113 198
91 196
58 78
144 192
132 263
183 222
41 235
39 281
15 217
23 69
216 249
122 281
83 174
73 210
82 180
46 117
91 137
29 195
44 209
144 243
11 246
137 279
11 195
260 279
85 238
118 241
110 168
164 200
53 228
43 123
30 135
151 179
113 291
17 136
109 194
120 250
87 140
87 151
88 118
111 196
116 259
175 222
69 150
164 229
64 273
176 195
186 243
74 99
24 154
46 271
122 163
66 186
4 285
154 233
116 165
50 90
41 171
270 292
35 265
34 282
29 194
184 221
42 47
58 72
287 295
232 233
53 217
237 260
105 150
125 252
166 247
175 239
136 211
205 222
151 245
4 166
35 46
122 214
38 294
41 180
77 112
183 274
81 264
143 283
121 268
69 288
163 187
8 23
126 265
72 298
54 116
203 290
100 256
46 257
124 240
121 266
7 202
202 282
104 238
170 226
109 173
89 181
185 268
183 199
15 40
82 237
89 219
91 296
137 287
13 127
72 246
30 228
84 197
246 257
6 87
55 191
90 126
147 157
115 230
76 256
21 125
210 296
131 275
224 258
273 296
40 254
23 60
38 272
6 296
146 278
222 239
29 201
49 100
186 216
15 31
52 172
168 192
23 262
