100 500
64
77
54
59
119
74
51
61
26
78
65
76
111
26
63
93
73
41
45
53
98
51
52
116
67
118
79
94
92
67
87
88
24
73
79
24
79
111
65
86
69
63
94
113
21
37
86
74
110
63
108
89
94
92
85
41
42
96
115
115
43
35
83
99
40
43
55
100
86
53
118
87
96
92
80
97
61
98
104
51
42
92
20
68
64
85
90
87
113
37
34
36
104
49
68
77
24
103
57
90
55 98
27 99
37 45
51 84
73 74
10 90
8 82
71 82
32 39
50 57
46 98
6 25
10 27
71 77
24 26
74 81
8 81
25 78
77 97
62 72
25 50
14 84
18 85
24 69
19 28
22 78
25 47
5 88
18 66
81 96
55 99
30 60
60 80
9 57
23 81
0 12
48 95
32 37
7 19
9 47
26 31
4 25
65 79
9 49
83 90
46 83
28 97
29 43
52 88
11 39
3 34
29 63
1 51
14 22
8 23
69 86
46 54
85 90
64 99
35 47
33 41
30 38
25 61
49 68
59 78
12 13
14 76
17 93
7 29
37 40
61 82
24 37
8 14
72 74
9 66
7 71
2 94
18 79
57 77
21 70
91 98
8 15
74 80
0 17
57 62
46 93
22 60
20 46
78 82
17 37
19 76
35 84
53 99
8 93
15 82
25 30
65 97
45 86
23 86
15 80
8 48
70 78
20 99
16 50
33 86
61 88
5 75
56 97
29 90
17 63
5 99
41 71
27 96
19 68
13 83
14 52
30 44
36 64
5 81
14 67
55 91
48 76
30 73
11 57
16 74
21 27
68 73
21 44
13 95
60 92
44 96
26 92
27 63
8 57
68 76
11 23
31 51
13 59
16 76
25 92
42 52
15 66
10 72
67 88
75 81
24 79
6 77
4 16
25 69
13 89
1 88
0 32
15 98
23 80
26 27
90 99
36 78
18 64
11 97
88 89
3 56
24 93
58 82
65 83
17 46
37 68
29 66
5 61
41 65
68 83
25 91
19 79
4 37
15 43
34 83
4 90
40 50
22 66
8 32
7 57
1 77
82 96
1 95
36 43
56 61
4 27
8 41
51 76
20 32
41 60
34 59
34 43
2 43
45 73
79 98
52 68
23 57
2 22
65 84
58 93
19 77
13 57
60 95
33 79
45 53
13 14
9 31
56 75
11 53
0 61
33 68
8 65
77 88
43 62
20 24
1 36
39 45
66 86
52 58
11 66
80 97
24 81
33 89
8 52
8 38
23 65
28 31
6 31
45 71
47 49
37 66
0 5
34 66
44 92
10 18
4 68
42 80
1 83
9 65
35 56
52 69
79 97
35 63
6 55
8 56
5 74
5 93
32 80
24 76
24 94
28 38
14 80
15 61
63 78
50 76
34 45
2 66
38 95
29 50
89 96
2 7
16 52
48 59
9 76
30 66
46 50
61 64
40 81
11 67
38 65
33 85
3 14
35 52
4 94
6 20
65 99
20 83
48 53
83 92
14 82
31 60
84 95
65 73
36 84
26 85
18 49
5 11
33 98
57 89
15 45
9 44
80 81
27 33
29 72
68 95
0 6
7 90
80 95
8 83
64 93
61 65
63 72
22 96
23 31
64 79
43 79
12 60
15 33
21 55
62 85
32 64
72 94
16 58
17 77
76 80
2 98
29 77
66 82
28 45
7 96
4 72
20 57
5 64
90 93
57 79
84 98
20 60
74 79
10 60
51 92
48 78
21 95
61 80
65 92
1 52
37 57
31 65
96 99
74 88
16 70
54 68
66 88
14 99
11 76
17 21
65 90
85 94
74 78
29 44
27 30
36 81
12 48
44 88
53 62
14 75
20 30
71 95
86 95
63 85
3 6
36 48
34 99
4 15
31 95
46 76
46 90
22 57
21 52
16 77
23 64
61 63
22 79
15 64
36 70
45 56
1 87
72 82
33 70
53 59
6 61
83 98
15 19
87 93
63 87
9 51
76 88
40 73
43 55
0 28
1 24
86 98
9 94
10 91
4 13
11 68
39 84
79 82
22 29
38 42
18 73
26 46
10 33
41 90
33 45
58 86
57 69
15 25
18 68
32 77
25 98
64 95
30 34
63 95
37 52
1 25
7 79
23 69
12 16
12 97
62 70
35 83
60 79
51 98
28 81
6 82
77 78
12 70
59 66
11 75
55 76
15 36
7 11
19 36
16 42
52 71
2 77
28 64
0 97
9 34
3 87
26 64
23 52
27 44
35 51
23 56
18 63
55 87
15 35
7 51
9 78
55 86
72 81
33 67
69 76
20 25
15 84
51 67
59 95
46 47
3 46
65 70
57 66
1 72
5 85
10 12
23 43
36 90
28 58
18 48
83 86
34 84
44 53
0 81
42 79
12 55
21 68
75 97
62 82
6 97
5 33
33 48
67 91
26 34
18 53
12 58
14 93
66 73
21 69
40 43
68 90
40 42
52 75
4 49
9 33
35 81
78 94
17 64
63 65
22 27
36 93
