50 250
31
87
58
85
53
105
23
34
55
72
24
114
26
40
119
85
40
103
73
68
112
103
34
102
51
80
104
115
93
85
56
104
105
46
69
38
31
25
53
118
77
109
65
35
29
64
100
101
47
53
5 48
27 49
37 45
1 34
23 24
10 40
8 32
21 32
32 39
0 7
46 48
6 25
10 27
21 27
24 26
24 31
8 31
25 28
27 47
12 22
0 25
14 34
18 35
19 24
19 28
22 28
25 47
5 38
16 18
31 46
5 49
10 30
7 9
23 31
0 12
45 48
32 37
7 19
9 47
26 31
4 25
15 29
9 49
33 40
33 46
28 47
29 43
2 38
11 39
3 34
13 29
1 14
8 22
19 23
4 36
40 46
14 35
35 49
41 47
30 33
11 38
18 25
28 49
9 13
12 14
26 43
17 29
7 40
11 24
8 37
14 24
16 22
9 21
7 44
2 48
5 29
7 18
7 27
20 21
41 48
8 15
24 30
0 17
7 12
43 46
10 22
20 46
28 32
17 37
19 26
34 35
3 49
8 43
15 32
25 30
15 47
36 45
23 36
15 30
8 48
20 28
20 49
0 16
33 36
5 25
6 47
29 40
13 17
21 41
27 46
18 19
13 33
2 14
30 44
14 36
5 31
14 17
5 41
26 48
23 30
7 11
16 24
18 23
21 44
13 45
10 42
44 46
26 42
13 27
7 8
18 26
11 23
1 31
16 26
25 42
2 42
15 16
17 38
25 31
24 29
6 27
4 16
19 25
13 39
1 38
0 32
15 48
26 27
40 49
28 36
14 18
11 47
38 39
3 6
24 43
15 33
17 46
18 37
16 29
5 11
15 41
18 33
25 41
19 29
4 37
15 43
33 34
4 40
0 40
1 7
32 45
1 43
18 36
6 29
4 11
27 41
8 14
26 36
1 20
32 41
10 34
9 34
2 43
23 45
29 48
2 18
7 23
2 22
15 34
19 27
7 13
10 45
29 33
3 45
13 14
9 31
3 11
0 11
27 38
12 43
20 24
1 36
39 45
16 36
2 8
11 16
30 47
33 39
8 38
15 23
28 31
6 31
21 45
47 49
16 37
0 5
16 34
42 44
10 18
4 18
30 42
1 33
9 15
6 35
2 19
29 47
13 35
5 6
6 8
5 24
5 43
30 32
24 44
28 38
14 30
11 15
13 28
0 26
34 45
2 16
38 45
0 29
39 46
2 7
9 48
9 26
16 30
0 46
11 14
31 40
