250 5000
102
115
93
90
36
106
72
74
88
50
70
116
90
114
76
102
84
69
21
31
92
116
71
117
25
55
119
54
60
59
34
42
107
107
64
23
45
117
30
113
47
80
61
117
74
117
100
90
67
53
102
91
49
53
88
107
40
88
41
80
27
55
54
66
94
99
70
119
96
80
64
75
92
105
24
98
103
56
68
50
90
102
21
71
88
42
58
60
110
32
21
69
119
107
68
94
86
118
45
114
30
42
21
54
27
26
32
110
62
32
92
84
115
46
36
35
68
26
75
110
38
76
111
38
64
59
64
82
109
41
77
119
63
78
105
71
36
117
113
79
30
38
43
25
64
111
92
112
70
47
102
88
56
45
58
100
85
102
114
74
76
71
26
119
82
111
22
98
109
68
109
119
86
85
76
30
28
100
74
78
27
108
47
63
33
37
95
98
20
90
105
28
93
111
27
107
102
82
38
43
30
79
94
48
44
50
58
105
30
112
63
90
52
42
33
65
60
61
44
112
83
29
20
108
72
79
96
54
41
114
78
103
73
52
31
50
35
21
35
97
113
30
119
97
105
33
43
45
26
119
219 223
68 132
48 206
89 109
12 86
27 98
22 214
132 175
129 151
102 193
191 241
115 164
200 208
78 170
7 8
103 230
79 235
49 229
10 44
68 130
18 22
9 45
232 244
72 214
15 145
168 188
7 33
103 215
125 233
44 240
235 249
72 166
223 234
130 146
214 233
108 113
85 122
5 67
77 116
113 133
51 93
100 154
84 109
167 169
63 86
11 72
62 84
149 238
57 236
29 143
53 142
1 138
6 15
57 233
185 191
28 199
103 242
179 230
148 212
48 98
110 211
126 222
63 194
25 103
54 151
204 246
49 99
92 166
150 207
143 149
98 193
23 185
4 53
114 117
65 152
18 215
175 240
91 221
155 218
57 176
25 125
11 174
124 206
184 192
193 208
77 151
42 100
188 197
155 206
65 210
83 220
176 247
119 175
81 218
88 246
213 240
21 103
239 248
59 181
119 182
9 124
18 20
61 211
20 68
133 216
186 230
68 156
183 243
3 128
176 216
18 249
31 123
121 122
155 181
53 153
131 164
2 173
227 234
70 247
52 55
228 238
123 236
23 218
114 128
182 247
15 230
65 103
39 137
171 224
129 194
74 76
43 247
122 180
0 84
120 136
55 200
30 227
38 102
153 248
231 245
187 211
11 105
64 148
140 144
69 191
19 143
119 164
49 243
36 179
8 49
167 206
60 144
99 236
234 247
104 228
41 82
41 93
207 248
93 143
15 97
186 218
55 158
3 234
122 206
107 182
100 131
63 191
49 96
142 195
135 246
25 217
66 140
138 162
23 108
133 222
69 123
133 190
174 226
34 137
149 171
30 141
123 204
73 220
105 216
17 93
43 64
162 204
75 109
93 235
78 183
158 207
0 41
26 226
113 178
100 175
4 57
61 75
45 233
18 199
63 111
115 208
24 70
67 201
15 154
93 236
214 246
93 214
37 172
68 92
18 137
141 168
95 177
160 202
221 243
56 211
77 184
60 116
147 183
14 113
190 201
107 154
53 197
118 235
62 77
53 66
73 80
8 207
12 168
161 168
85 130
19 69
59 185
182 206
45 221
13 72
31 99
46 167
137 186
13 133
38 199
132 181
139 213
234 242
12 151
88 247
67 244
53 107
104 141
111 177
39 183
138 190
209 215
151 184
170 198
17 148
198 208
132 172
124 189
8 192
5 136
30 233
174 240
36 131
0 131
58 170
101 183
0 58
95 162
4 111
21 117
71 243
11 201
209 219
55 207
86 215
139 190
76 79
20 59
79 181
114 230
134 140
46 115
87 119
9 56
120 242
165 234
185 215
28 184
84 145
110 142
82 170
101 246
122 161
92 157
137 155
39 207
72 130
69 187
43 49
126 137
110 169
52 135
45 81
42 69
63 165
85 152
106 248
11 183
80 90
104 235
61 80
62 126
165 235
130 131
7 214
17 134
69 219
117 121
42 150
65 159
106 164
2 104
20 185
100 217
71 128
187 208
63 234
20 219
3 228
99 193
113 116
38 50
51 188
92 211
50 106
108 227
6 247
146 224
24 199
45 136
84 132
199 206
29 101
53 209
174 222
21 151
59 109
160 201
100 146
206 223
196 200
64 203
49 210
29 100
86 176
170 236
37 58
12 126
67 188
39 65
112 188
43 221
244 248
98 234
59 140
156 189
112 220
13 244
23 33
114 119
100 199
8 142
18 138
20 205
187 206
96 171
139 227
77 244
228 236
27 228
38 183
2 167
6 161
15 39
36 129
10 236
152 230
96 220
171 218
27 229
7 123
150 234
115 145
62 101
89 225
79 115
23 99
29 117
10 235
149 170
114 180
196 237
83 185
166 208
45 153
12 187
169 190
98 136
160 187
14 237
66 102
227 232
99 165
28 108
84 130
51 177
16 162
97 247
16 201
55 104
61 95
218 230
66 137
74 116
79 205
181 190
124 172
10 39
118 124
60 169
198 248
111 160
109 214
110 165
125 165
121 186
10 89
19 249
8 237
73 87
116 193
18 169
38 130
60 162
230 248
75 98
30 186
97 110
45 220
12 22
236 238
61 100
177 182
100 185
25 169
124 214
141 244
32 133
124 194
46 224
26 121
56 174
35 58
5 205
107 120
80 197
106 141
48 135
0 73
94 173
25 47
19 161
42 146
153 166
90 199
141 218
65 173
127 231
132 202
38 162
2 220
109 210
9 111
36 96
9 19
137 233
144 168
156 210
59 142
85 229
110 222
33 53
139 180
92 116
7 165
106 167
67 227
191 230
76 77
86 227
62 197
75 115
58 231
178 201
142 157
3 36
129 191
5 224
139 212
12 170
158 239
138 238
65 180
10 66
3 13
79 174
129 233
57 162
36 157
66 72
12 195
115 150
65 89
7 130
19 228
152 239
111 140
127 143
57 194
61 153
59 78
40 242
6 163
97 199
15 163
123 175
62 238
76 128
78 83
110 158
12 205
66 147
127 153
62 209
173 215
123 232
43 217
23 58
222 224
7 137
130 238
50 63
220 241
30 48
176 242
59 131
5 206
10 49
9 185
72 108
48 76
193 221
15 216
29 239
40 138
130 229
42 120
33 90
135 165
61 241
50 158
15 45
6 94
44 127
51 205
31 152
99 197
2 217
15 31
56 58
37 169
38 39
71 181
168 232
223 237
230 247
23 127
12 131
139 221
175 177
42 180
208 244
127 211
143 211
94 121
51 116
11 89
44 155
161 239
0 213
45 212
235 247
9 172
143 219
0 144
42 172
131 176
36 54
99 194
38 49
73 100
6 84
14 189
128 202
3 91
202 216
51 238
53 160
22 162
54 162
19 226
57 195
195 209
5 101
147 150
44 220
0 152
42 54
166 182
170 244
49 126
114 238
41 100
115 127
166 181
27 37
9 186
71 84
186 234
76 131
188 222
41 101
125 155
41 83
179 189
63 167
51 228
32 181
159 195
111 148
27 192
0 53
84 214
124 198
53 122
79 163
25 180
2 204
37 187
44 126
209 216
44 47
11 178
80 206
189 228
169 233
107 169
36 71
13 105
80 121
52 66
193 243
84 197
21 196
92 234
0 52
51 146
164 201
133 176
115 120
39 213
71 98
60 236
142 166
101 116
19 98
91 168
3 65
11 38
124 126
205 228
124 230
23 152
215 245
17 179
35 217
0 197
56 244
157 215
63 212
131 177
154 242
44 236
105 214
162 168
49 193
122 169
131 247
72 96
191 243
127 130
127 159
67 77
43 224
38 224
3 106
21 113
7 97
54 157
74 178
119 216
79 191
140 210
188 212
56 181
6 184
17 61
163 241
84 239
34 160
28 242
49 164
113 207
115 159
85 168
145 236
204 224
94 177
116 184
92 159
149 165
63 128
144 182
54 118
190 235
13 28
182 192
165 242
158 176
76 107
11 104
62 67
92 180
114 161
60 172
58 209
39 189
124 223
178 183
20 91
118 222
34 153
16 51
145 174
79 104
0 90
60 165
157 240
7 170
169 206
14 195
134 230
105 155
190 210
51 135
106 211
23 245
111 142
6 148
66 227
67 212
124 169
84 178
114 193
70 98
112 145
92 186
30 194
49 92
134 185
95 143
4 192
90 161
79 112
74 169
88 146
82 198
16 164
86 137
112 124
82 244
68 233
86 203
20 82
48 163
203 241
167 216
29 183
45 103
192 205
5 43
24 162
21 152
107 129
93 141
223 232
88 152
26 59
79 105
6 108
61 243
12 99
27 32
73 144
99 237
117 133
207 243
45 228
37 86
119 170
112 207
72 171
30 234
92 103
36 198
6 135
135 210
19 206
109 208
56 177
13 242
37 171
93 168
63 179
182 205
170 201
24 242
193 226
54 148
170 192
28 96
77 159
164 198
115 224
23 57
49 152
73 138
188 232
1 93
13 151
36 215
71 130
91 116
106 247
15 128
189 213
9 118
122 173
66 90
124 147
49 113
112 224
68 86
99 215
71 103
7 233
110 191
4 125
45 172
181 191
63 163
82 104
103 153
119 206
5 231
223 229
59 93
149 161
10 220
116 177
100 214
177 184
41 52
188 213
144 243
159 204
36 100
164 204
135 242
209 223
40 108
42 182
114 178
48 207
79 148
6 243
34 42
107 160
6 75
2 29
17 204
33 65
158 159
169 219
27 234
5 10
47 52
39 77
88 166
34 97
27 88
205 232
164 218
90 91
76 194
93 120
37 148
159 228
48 147
32 128
27 138
74 140
42 179
61 151
37 119
158 208
166 216
80 190
132 184
112 171
76 143
57 225
32 35
80 134
114 183
210 215
3 207
136 147
136 139
6 208
176 219
66 194
108 185
25 221
48 241
83 169
44 140
76 144
27 130
157 210
224 245
22 100
158 181
169 247
149 206
27 93
122 212
202 249
45 183
47 118
91 214
20 137
29 193
98 188
3 222
36 140
233 240
132 205
48 131
60 75
76 182
37 130
72 181
80 175
190 242
24 152
44 203
39 146
175 239
178 187
77 212
47 214
21 169
179 217
4 91
42 81
125 181
158 211
3 239
45 239
115 231
184 197
89 159
182 186
78 119
114 142
49 180
189 218
53 221
58 186
62 80
139 188
12 202
15 198
187 191
163 172
52 110
63 208
141 199
130 249
10 215
22 161
64 247
51 232
20 35
97 109
100 137
52 112
86 230
96 125
18 245
30 207
79 195
9 220
47 139
82 114
13 96
77 112
15 78
98 112
62 226
50 178
15 51
230 239
97 178
92 217
49 247
49 128
58 192
91 98
32 197
63 206
128 170
140 206
3 185
13 156
167 207
191 218
171 222
60 171
27 202
1 13
24 62
68 129
79 223
160 170
111 116
92 233
36 226
48 73
57 81
86 248
14 27
68 88
50 128
2 9
124 155
3 179
100 159
10 63
27 182
17 228
116 119
19 243
74 189
127 178
44 174
154 243
132 204
121 243
27 59
164 219
58 156
10 149
64 167
20 201
100 193
64 68
7 36
214 241
17 236
9 140
10 243
132 197
6 89
11 58
22 171
171 214
182 234
54 88
31 185
6 7
75 196
173 232
16 185
48 171
33 57
44 62
51 111
28 140
141 219
198 241
15 164
96 163
101 103
138 151
10 134
145 182
85 170
16 20
65 186
71 192
106 122
217 245
165 186
216 238
153 177
83 192
101 184
104 147
72 134
69 114
66 200
185 239
27 220
14 102
76 99
66 120
87 102
155 187
20 157
9 199
97 204
113 129
228 231
149 198
30 40
84 102
38 67
18 117
115 237
69 85
101 177
40 52
105 228
13 59
9 248
55 124
89 106
36 87
169 234
199 236
126 173
46 52
21 211
64 178
1 8
37 99
140 204
60 192
1 118
175 218
10 151
23 116
59 240
55 160
124 211
67 115
130 170
87 136
161 247
10 88
34 43
150 226
18 205
80 130
90 237
31 112
59 123
24 114
33 170
8 97
44 177
58 99
154 219
94 198
229 232
232 239
61 194
0 141
89 176
83 207
142 202
81 226
109 216
219 248
63 144
128 147
57 211
79 217
26 27
62 107
9 153
89 172
98 192
24 165
31 249
84 85
165 243
61 102
161 233
47 174
56 71
106 128
6 87
1 133
113 244
55 154
104 167
184 247
28 129
183 213
29 114
27 230
131 213
157 189
97 112
139 228
208 216
155 245
128 214
156 180
163 225
235 244
17 232
178 248
112 211
141 226
43 106
7 124
45 134
142 221
111 112
173 210
106 116
87 239
37 62
6 158
157 238
86 155
50 203
31 117
12 43
19 34
93 154
28 118
204 239
41 162
31 207
81 249
52 163
59 221
33 102
2 60
134 206
15 21
136 226
56 232
84 229
100 183
175 244
132 198
127 197
66 179
37 213
136 238
138 165
161 240
201 226
117 216
195 248
102 156
129 240
65 225
102 150
115 216
134 180
3 122
20 168
112 167
205 219
22 78
181 195
31 238
192 242
21 187
30 126
96 150
48 228
13 50
80 128
119 214
160 224
79 189
153 245
66 246
74 210
88 244
76 121
25 215
65 120
236 247
95 238
195 245
147 149
16 87
154 241
88 178
160 174
154 222
100 242
73 216
94 170
38 142
24 159
106 241
13 186
81 203
100 145
84 230
48 117
183 210
112 202
48 214
54 138
187 239
5 148
62 170
99 101
8 62
54 227
92 216
169 240
174 237
6 20
71 239
5 54
109 199
99 219
107 175
5 112
153 198
11 118
69 175
214 237
43 180
143 146
136 236
66 162
188 223
147 168
75 177
4 126
184 223
77 109
82 182
74 131
44 235
160 244
60 113
43 249
103 245
42 239
108 231
56 151
148 172
75 203
207 247
32 130
215 244
170 212
49 198
66 192
61 180
75 207
117 157
49 138
77 200
47 225
0 224
73 152
60 205
106 194
85 203
149 159
123 209
42 198
9 151
5 74
149 172
65 79
48 70
117 166
126 141
28 219
66 131
86 173
76 171
87 228
173 203
47 121
50 245
69 233
7 158
71 223
42 188
110 189
105 192
68 79
49 98
165 199
58 168
48 231
197 223
188 247
7 140
47 63
82 235
21 105
48 198
27 127
218 225
19 178
140 211
80 156
171 215
71 100
48 74
3 18
118 145
43 137
90 125
60 201
56 178
81 126
206 208
27 153
36 82
46 176
145 203
66 109
20 61
68 240
8 135
72 132
217 228
20 206
58 73
16 88
97 129
188 214
158 219
67 194
113 153
150 222
168 183
69 188
59 245
109 232
169 181
148 217
0 89
58 104
162 222
143 248
64 171
79 81
0 34
39 125
114 200
134 190
9 133
175 230
34 68
65 237
67 134
67 237
193 223
135 228
165 226
28 87
41 212
18 177
144 212
76 216
8 196
63 181
119 238
14 187
79 124
27 191
116 213
8 186
60 88
173 225
65 201
164 208
35 163
126 135
179 203
64 117
158 183
172 207
81 223
0 103
124 168
116 133
28 206
73 129
106 138
20 81
55 96
83 222
86 139
63 129
98 203
74 136
56 246
109 239
100 211
18 114
99 180
77 208
172 206
64 163
139 187
111 236
195 242
181 208
186 189
139 244
38 170
127 196
167 237
119 185
50 151
25 189
3 23
162 188
151 190
35 148
96 209
32 216
0 62
23 38
151 233
2 234
22 240
40 121
25 212
21 128
29 62
5 154
45 167
168 210
169 196
145 245
63 230
29 230
53 227
19 210
105 204
64 194
37 229
86 107
0 107
131 235
35 87
55 137
47 83
144 224
204 228
36 185
56 163
13 163
15 243
101 201
53 100
187 209
184 230
29 71
166 169
68 126
101 212
55 80
21 190
58 92
0 205
157 174
14 70
7 189
40 123
176 209
101 248
110 184
27 181
103 193
160 172
11 146
134 226
8 168
18 113
66 223
113 223
127 249
145 188
19 236
81 195
34 195
158 193
72 218
174 191
101 117
14 198
184 214
92 133
192 213
8 246
38 109
38 83
229 237
75 78
11 248
21 45
46 66
116 203
241 247
108 142
90 98
63 122
25 67
48 69
30 44
68 78
5 13
94 106
37 242
170 240
43 48
138 196
109 193
165 202
57 190
61 141
0 35
127 204
102 104
132 196
126 148
5 201
159 242
100 234
20 196
77 245
63 215
24 43
201 227
118 140
92 220
148 175
28 97
2 145
2 160
124 213
7 116
107 123
69 202
29 229
144 166
96 210
5 169
20 248
58 138
138 150
63 108
48 57
50 193
55 206
52 179
161 169
42 147
99 121
231 232
16 44
65 184
14 242
4 55
142 164
42 67
73 113
92 128
69 246
159 238
56 158
29 133
8 199
91 231
181 226
168 226
94 205
108 143
44 112
32 214
38 86
31 145
18 66
129 178
37 54
39 86
94 168
2 90
37 124
175 202
13 95
33 62
43 248
110 208
30 45
27 148
76 166
57 93
196 249
33 197
115 141
229 231
17 219
50 105
57 75
88 225
110 152
2 48
108 211
158 240
108 158
36 119
176 212
93 123
40 64
156 205
186 227
4 144
2 201
121 206
215 226
73 106
147 166
24 35
183 200
26 100
73 164
81 169
119 177
157 171
27 154
105 209
80 138
103 163
19 56
29 95
135 195
80 109
35 54
75 96
67 218
2 139
8 77
167 230
126 144
33 187
58 100
217 238
17 221
62 106
157 212
45 117
79 184
74 114
82 165
19 141
74 218
28 241
172 199
136 219
27 57
46 237
63 159
128 167
34 168
102 173
113 150
45 79
210 224
14 218
88 230
110 186
135 181
134 150
124 192
29 213
24 238
23 153
35 190
133 203
77 158
157 190
59 202
122 135
15 136
97 205
76 142
7 207
91 129
3 157
33 186
68 123
62 92
129 199
12 32
4 211
162 171
4 82
126 216
83 217
12 173
88 180
137 167
46 197
81 104
152 216
142 220
90 205
62 219
154 197
11 231
4 10
14 25
86 241
140 156
4 177
107 181
98 194
97 141
178 246
0 97
144 240
86 221
157 201
184 241
195 212
237 245
82 209
81 202
8 90
21 206
151 217
64 221
144 217
94 242
91 218
41 232
29 177
28 85
82 213
45 76
10 173
71 134
67 107
23 197
177 230
145 218
189 233
61 229
9 156
73 79
55 99
26 120
148 186
121 213
141 213
18 75
152 167
24 147
72 170
222 249
2 42
87 144
84 206
67 93
140 214
63 172
48 144
86 191
7 144
207 210
0 225
35 167
182 230
52 192
16 103
51 105
58 196
45 142
4 112
70 87
2 111
152 235
5 28
150 239
35 196
138 212
24 247
56 135
107 217
11 122
210 249
66 71
108 179
97 197
181 232
170 222
130 140
26 172
82 229
49 57
2 41
177 197
49 139
208 241
9 142
183 197
55 60
7 112
3 92
38 64
25 178
51 194
26 101
26 177
12 104
4 223
15 245
28 44
50 88
14 99
198 206
40 159
61 197
86 206
3 125
78 239
131 224
58 191
1 55
162 224
59 167
110 156
34 138
84 200
152 227
7 108
67 170
56 125
34 108
98 128
9 214
72 155
67 73
81 211
122 150
101 112
29 135
1 229
80 220
131 170
92 107
26 30
86 114
151 222
132 222
172 187
97 243
92 163
155 170
172 244
28 95
35 57
83 138
138 155
20 218
207 214
78 203
146 206
118 152
75 88
55 184
0 172
97 194
155 193
35 219
92 224
231 244
64 231
56 103
67 241
116 194
12 247
2 149
193 232
38 76
100 127
45 147
116 121
12 81
173 222
6 69
132 211
123 228
130 196
127 169
171 208
129 190
57 216
80 93
21 157
16 143
97 125
155 199
96 122
17 231
1 17
192 245
124 175
145 191
1 154
135 168
44 135
80 203
102 197
212 213
87 245
2 162
34 36
98 155
116 117
156 162
132 213
7 87
27 241
8 195
154 229
172 182
13 131
78 227
41 115
110 143
55 128
16 112
23 161
73 179
142 163
12 149
105 190
10 237
16 84
108 170
35 249
77 187
150 228
72 112
106 229
76 224
23 139
28 170
109 165
191 223
64 233
78 176
15 73
45 95
44 123
61 130
132 224
46 141
100 244
128 172
74 151
62 174
84 187
246 249
121 166
51 81
154 194
168 239
144 249
34 129
8 57
11 198
107 156
34 48
30 123
37 194
149 224
28 203
130 224
51 197
46 133
240 249
37 167
37 230
14 163
166 220
30 124
30 169
137 217
19 65
192 204
65 91
31 196
5 147
76 198
122 203
214 221
194 221
26 60
184 207
56 126
46 67
196 234
138 167
85 188
82 219
31 229
107 225
29 178
81 213
45 232
92 192
4 42
0 70
127 189
108 228
25 174
44 92
30 63
129 247
102 160
77 78
107 119
52 107
70 191
4 200
42 98
48 243
46 119
87 95
73 98
195 225
139 248
19 163
12 124
31 201
160 197
83 120
33 203
153 226
25 177
76 146
241 246
163 196
167 211
17 171
100 190
32 122
44 191
103 246
49 134
134 183
61 69
14 155
132 168
9 64
60 107
158 224
53 177
37 224
137 194
164 226
106 112
108 122
6 61
10 47
41 71
116 197
106 181
42 158
22 218
32 149
44 202
81 209
28 153
44 71
183 231
2 103
63 143
5 211
105 110
77 79
15 52
2 85
12 121
128 231
25 176
135 182
209 210
132 141
4 122
7 65
60 78
39 70
33 66
144 245
48 112
10 216
214 229
92 154
24 189
40 148
33 86
30 91
155 197
85 200
110 122
28 125
121 155
23 119
22 33
7 188
16 167
142 222
81 166
20 47
189 191
21 27
51 222
220 229
101 170
63 65
42 145
50 91
114 163
22 185
119 229
9 60
35 56
78 80
101 245
69 106
5 178
49 208
201 216
21 96
8 214
23 248
20 180
61 179
82 106
46 61
55 225
10 121
54 214
61 89
47 155
32 77
28 220
93 248
108 226
131 237
97 192
18 32
64 150
93 125
67 222
186 238
77 121
128 247
226 230
53 141
12 213
112 184
57 160
216 220
204 237
187 204
74 146
47 219
139 164
24 213
12 83
149 204
191 248
19 185
178 229
73 241
109 141
50 104
121 176
17 211
73 130
129 148
147 219
138 176
52 235
69 101
65 102
108 125
101 162
53 90
84 173
14 129
135 236
56 105
38 96
96 178
167 178
65 195
153 168
122 248
74 165
51 224
125 177
7 156
33 158
172 240
79 162
70 160
109 215
103 128
20 245
74 163
99 137
112 191
3 66
141 217
123 182
182 216
196 207
17 81
225 228
46 180
41 106
32 53
57 78
46 206
30 249
66 152
90 102
51 77
85 124
81 145
31 42
50 150
26 124
206 235
64 111
17 223
76 190
19 72
30 75
59 182
83 85
136 208
32 170
74 192
50 204
70 82
26 73
169 239
138 187
180 212
13 83
104 190
61 113
147 184
17 120
108 232
4 77
71 242
58 169
13 114
185 219
42 48
63 218
95 155
20 233
87 179
144 210
144 148
14 24
193 229
131 221
129 140
155 212
4 128
138 171
178 181
17 233
50 162
113 206
57 207
7 201
77 123
158 225
106 169
35 232
122 147
17 154
183 186
108 191
131 163
79 197
162 164
66 212
22 179
81 185
39 159
116 160
79 169
75 151
74 217
126 234
62 229
167 189
105 183
36 172
196 201
149 232
70 224
70 152
11 211
77 82
4 103
70 86
64 79
156 160
126 176
84 201
109 123
91 120
173 208
139 209
155 209
35 77
47 111
24 38
71 218
26 209
45 74
153 199
105 211
87 165
171 242
50 185
67 74
9 223
34 146
152 247
191 193
116 124
11 83
85 143
92 230
91 191
6 49
130 183
154 225
27 67
48 213
217 219
37 80
42 173
195 226
170 171
147 238
36 249
31 230
62 186
27 123
105 173
106 111
133 241
198 249
88 109
3 79
11 55
34 198
38 77
181 216
13 37
76 247
121 177
134 205
91 146
104 222
54 65
84 89
38 207
83 168
14 126
171 239
70 222
126 147
10 57
111 173
202 226
84 181
87 230
59 125
179 186
25 124
116 183
51 63
66 125
31 136
157 199
135 209
66 249
211 239
39 212
44 148
198 230
166 190
166 229
95 191
100 107
53 147
65 148
30 179
53 229
41 188
5 39
2 96
1 144
1 140
21 217
165 231
63 147
82 144
89 92
182 196
91 235
156 196
16 126
97 209
64 147
69 138
39 243
18 142
137 158
104 144
32 125
121 197
15 125
29 214
63 107
12 198
103 116
107 165
24 204
89 96
53 92
45 187
166 218
93 134
16 181
141 159
23 79
128 191
83 148
20 147
63 116
147 223
34 73
42 233
14 95
59 75
32 43
18 225
8 238
34 249
1 114
22 193
94 208
91 94
6 228
203 210
87 183
121 202
96 108
104 122
32 191
33 75
75 110
94 166
220 230
165 222
40 94
17 189
210 248
33 78
216 243
53 133
28 187
27 136
34 233
77 110
15 143
153 193
3 99
211 223
79 228
18 64
118 215
24 100
48 93
33 195
223 248
5 109
111 219
82 126
87 214
171 217
38 132
42 118
111 192
129 144
6 211
100 133
0 61
6 78
34 76
5 229
190 204
11 46
43 225
215 236
24 44
188 199
60 142
130 138
99 142
52 142
18 28
33 36
39 145
44 99
30 127
166 171
54 115
49 110
176 240
187 218
81 139
55 212
49 206
68 209
18 167
78 207
16 32
60 109
233 237
149 192
98 158
14 120
187 213
100 227
31 59
16 147
65 101
34 180
124 152
212 233
47 64
6 72
196 231
62 105
101 104
105 166
41 217
211 219
42 61
73 197
94 120
89 222
11 225
4 237
68 128
44 221
43 115
110 126
80 225
80 214
108 246
77 192
24 120
93 117
58 221
84 167
33 171
145 239
40 211
17 167
173 242
175 197
75 245
7 73
119 127
22 220
44 137
77 107
160 179
149 193
74 103
3 114
122 166
89 133
115 232
40 226
32 74
39 217
86 249
18 198
72 239
218 221
180 228
45 139
90 109
140 183
193 246
109 149
33 118
198 233
27 117
125 149
92 101
40 100
30 59
48 223
70 128
153 218
12 119
10 160
47 104
6 197
65 124
82 116
199 210
96 201
30 241
48 60
50 198
15 200
24 85
79 177
155 198
42 66
60 191
22 66
87 240
43 72
3 203
75 190
168 194
133 219
148 245
19 21
85 202
3 90
33 134
124 130
120 173
49 176
25 28
124 218
21 202
120 189
67 174
62 191
72 213
81 157
17 130
0 20
58 84
44 66
165 183
84 91
119 193
109 169
61 87
42 128
33 110
77 154
172 226
4 142
159 236
180 236
100 160
14 219
4 161
23 88
104 244
183 212
164 168
68 174
45 53
57 66
78 133
145 221
8 55
71 124
24 68
28 56
181 229
62 210
81 82
31 124
193 213
16 205
90 124
73 223
70 202
46 62
118 125
2 186
94 186
17 132
101 127
72 219
12 154
52 239
15 185
182 242
206 218
170 199
26 245
3 232
20 215
3 5
114 138
123 241
91 178
145 163
10 148
169 200
206 249
33 67
51 200
8 60
136 190
24 55
123 139
45 247
11 126
101 237
78 105
0 30
93 178
13 112
213 230
71 149
98 122
99 107
107 142
82 167
75 95
208 234
3 198
83 176
70 117
28 222
0 160
74 94
39 88
170 209
2 30
20 153
45 208
228 229
74 229
53 187
103 160
43 244
131 160
11 166
167 234
58 171
11 111
97 220
31 202
0 202
113 222
50 53
29 91
127 246
140 217
10 99
231 236
22 152
16 69
116 127
11 152
5 68
213 223
10 38
61 86
30 193
173 192
26 159
63 228
21 49
145 209
155 201
123 151
55 151
36 60
162 206
65 227
177 179
117 238
61 147
33 234
26 192
4 47
66 198
65 211
149 220
124 215
142 237
125 240
34 157
84 112
81 152
65 175
81 208
49 107
68 111
146 176
132 147
146 199
22 140
38 202
60 127
35 131
62 141
196 222
20 97
45 190
177 218
88 217
110 228
16 107
143 164
179 208
127 235
159 214
47 187
109 245
153 232
85 92
107 137
25 50
78 96
58 63
129 170
44 75
106 165
3 104
116 234
17 163
102 124
6 12
207 208
94 218
25 218
48 166
44 229
25 106
2 181
167 171
26 38
22 170
142 240
45 157
7 148
121 133
6 194
78 97
9 25
167 227
50 84
25 196
132 165
19 73
165 245
39 203
61 123
77 117
51 123
24 160
9 21
32 129
203 212
65 78
37 144
170 181
85 199
154 159
69 218
7 154
27 125
222 246
20 177
50 235
119 131
179 187
7 81
2 69
3 248
36 208
44 168
174 235
55 56
61 96
165 221
86 190
25 186
161 203
58 146
3 189
15 35
96 228
42 82
17 147
78 81
21 224
26 29
179 224
90 95
30 47
174 181
68 194
126 229
85 90
105 167
120 146
173 228
60 161
1 244
13 225
117 141
47 106
196 217
14 244
78 175
146 188
168 222
62 124
3 42
20 123
40 176
32 203
43 147
161 178
38 137
5 60
54 83
14 121
59 81
12 53
79 137
57 71
164 195
115 191
223 244
38 68
99 222
10 51
117 171
17 90
98 185
2 50
39 120
16 172
108 175
124 243
36 222
217 239
58 112
84 107
9 10
95 245
64 121
138 166
7 204
9 88
4 240
90 145
208 212
67 70
194 208
27 60
196 236
145 205
92 246
200 219
8 116
15 209
48 172
24 176
103 173
161 173
152 220
101 222
6 101
161 202
88 158
0 209
115 177
15 151
128 156
52 118
9 145
34 144
57 149
106 131
0 214
13 232
18 172
24 27
24 109
117 236
135 164
12 84
100 116
163 244
31 108
148 219
43 176
3 85
110 192
44 216
51 176
75 183
184 222
60 209
51 195
136 225
193 207
88 222
187 196
3 188
32 165
20 83
25 219
38 232
159 171
89 182
104 164
116 178
176 201
104 137
214 223
33 240
157 180
5 197
111 228
135 245
143 218
95 100
118 150
91 111
50 215
108 166
59 144
133 194
20 163
6 200
38 160
17 156
21 143
12 16
130 213
83 233
176 194
75 227
12 35
8 245
42 94
62 193
153 217
6 127
125 161
55 149
17 239
120 222
179 248
55 232
207 249
36 57
11 194
19 134
140 176
13 249
58 90
57 69
63 177
184 225
154 185
132 143
2 203
115 201
93 183
22 92
129 135
36 115
7 176
41 122
28 131
180 199
40 244
126 225
30 71
12 203
141 205
91 167
163 202
37 184
147 165
25 35
31 32
174 212
6 92
158 186
41 198
32 167
56 74
105 114
67 124
83 205
77 241
76 120
156 247
39 111
131 175
17 224
74 160
24 106
152 179
210 228
120 232
39 124
201 203
30 176
39 129
173 240
166 246
35 44
72 118
196 199
77 125
139 203
206 245
7 9
92 244
118 231
37 131
14 171
50 65
90 155
41 85
59 247
42 184
94 108
12 142
18 112
224 228
88 209
85 204
168 180
72 163
57 244
29 122
146 184
122 210
104 193
117 118
58 205
139 140
31 100
218 227
228 239
46 172
74 202
21 221
234 238
110 112
46 211
120 151
6 239
120 193
17 178
1 9
44 211
103 117
155 194
180 198
124 240
11 234
197 222
60 97
185 246
21 55
27 147
119 146
47 73
115 173
208 236
11 163
19 104
176 183
7 160
57 156
100 155
186 246
8 24
12 72
37 82
39 40
203 229
23 60
9 162
7 72
15 138
72 233
59 139
110 171
122 175
7 95
34 149
102 139
14 162
14 147
126 237
59 244
197 198
111 181
23 121
34 70
121 144
47 241
87 118
27 156
56 175
62 64
10 178
79 127
75 168
3 135
14 201
126 184
56 235
1 10
10 35
132 182
32 173
150 179
85 112
30 38
194 243
4 204
131 197
53 236
170 184
39 119
149 175
136 185
36 68
169 170
94 98
58 71
36 203
131 198
19 237
220 242
148 216
151 206
68 246
20 216
47 224
111 217
3 84
4 31
174 227
92 138
50 188
197 224
193 211
186 216
34 84
185 240
57 220
26 187
41 42
147 159
68 137
17 203
46 127
65 67
116 122
47 184
219 233
6 210
150 237
166 207
213 224
239 246
15 140
1 14
138 209
218 226
14 15
146 182
43 173
49 90
120 143
73 205
60 228
105 246
119 171
115 221
12 88
13 108
67 103
151 173
18 145
41 187
53 175
96 156
57 200
93 187
29 112
7 48
6 25
106 144
77 177
112 189
165 220
120 203
139 206
76 130
60 226
22 153
54 230
5 131
162 237
1 89
64 113
82 130
185 202
74 142
211 246
71 78
53 139
40 223
68 147
90 105
11 127
132 221
61 173
12 235
99 125
136 180
12 63
110 174
24 245
40 163
48 80
180 238
56 180
138 179
158 248
142 175
127 132
39 110
34 78
169 215
181 215
28 139
143 154
184 237
67 137
14 55
47 169
200 213
37 211
38 108
0 32
17 213
3 230
58 127
37 46
23 104
80 153
96 223
57 83
9 226
72 126
94 133
25 96
153 159
44 100
5 64
61 235
169 188
21 86
18 61
9 175
84 242
103 194
16 163
46 229
106 110
121 160
17 50
37 111
58 105
1 151
14 238
22 177
38 100
232 236
56 149
137 249
47 211
144 244
128 151
201 237
126 248
103 165
36 66
51 104
156 228
15 80
28 119
14 217
125 203
15 202
13 62
16 109
207 234
108 225
213 215
161 213
76 191
168 228
22 245
3 131
63 102
18 130
34 88
238 246
11 213
42 226
58 176
187 235
43 163
93 110
106 228
73 169
183 241
33 217
148 154
34 200
94 196
22 57
60 167
73 77
221 222
66 82
57 88
87 248
113 189
172 223
70 183
133 229
73 206
81 181
93 232
118 248
177 181
4 44
132 150
170 232
45 199
37 240
90 204
226 246
0 56
50 172
129 224
7 225
60 101
32 178
222 237
37 137
59 206
7 222
64 206
13 146
9 210
51 148
25 232
129 207
135 191
164 236
1 92
18 238
157 166
52 69
116 129
38 122
104 149
83 181
229 236
79 211
12 60
1 185
2 235
27 105
93 194
13 173
169 184
193 209
100 132
167 236
102 249
81 168
89 99
144 203
13 202
187 248
118 127
42 63
157 173
88 194
91 165
96 153
80 210
3 127
104 169
69 185
38 80
76 245
18 95
13 136
74 157
51 248
139 167
13 116
118 221
95 140
177 223
10 79
98 219
192 222
39 122
48 140
61 134
128 209
31 71
59 238
1 170
112 142
146 215
230 241
55 105
36 169
66 119
5 110
92 229
140 150
136 221
54 201
125 197
6 232
4 113
104 182
73 78
69 156
62 129
62 169
154 240
1 242
147 222
128 201
174 178
156 178
143 184
104 195
126 171
48 186
197 249
111 241
53 129
133 221
59 213
112 234
158 243
6 183
54 139
53 157
21 179
128 227
59 70
40 91
76 226
11 138
62 76
21 197
19 59
107 243
99 100
134 151
57 208
12 125
147 214
15 23
193 216
55 169
43 168
57 105
4 244
116 228
86 165
14 109
38 112
0 247
126 169
9 236
23 52
131 229
6 175
97 119
4 74
117 140
173 198
19 75
54 155
220 237
96 241
86 132
60 87
129 230
65 240
42 51
169 218
16 159
87 233
123 227
148 203
27 28
167 184
155 183
6 27
11 164
31 140
96 246
130 166
24 36
206 217
228 242
74 181
49 211
140 197
44 217
80 176
182 224
179 209
127 220
93 158
191 212
107 143
176 218
63 201
128 154
96 218
177 209
26 194
20 211
22 209
86 199
94 145
56 96
188 203
0 46
199 218
2 74
31 81
128 130
49 160
33 87
39 239
164 183
168 227
55 229
4 249
93 167
1 190
1 69
88 120
162 220
103 122
105 243
83 144
23 117
106 178
62 194
82 141
172 196
23 61
52 228
156 219
94 220
15 96
50 109
146 147
66 231
40 183
70 106
20 39
15 32
39 103
164 228
62 133
133 245
39 191
104 237
58 178
45 125
175 222
154 221
71 73
54 112
6 160
148 182
49 181
11 88
147 246
190 240
226 248
101 168
43 242
26 50
98 214
18 123
96 179
129 212
146 162
86 98
0 25
89 123
148 226
88 216
189 237
189 232
215 229
32 193
155 165
95 137
26 57
30 155
112 157
7 202
142 178
35 230
21 233
119 213
89 152
8 106
57 72
46 186
66 167
165 224
47 92
204 231
91 205
8 87
38 98
46 82
35 164
18 81
53 186
25 231
92 205
114 131
164 169
82 161
178 235
158 179
225 242
32 236
83 244
33 222
33 54
68 80
13 218
154 188
21 31
28 238
149 184
22 212
179 223
154 201
67 187
2 39
11 182
35 67
65 115
135 237
129 175
40 195
71 197
57 86
123 192
58 154
145 237
96 229
46 243
32 34
48 68
43 84
51 122
32 96
47 238
97 228
100 158
116 223
107 118
86 205
20 228
7 117
21 41
129 137
29 53
133 227
126 240
32 136
58 165
33 196
32 115
64 100
52 165
199 249
175 227
168 182
18 189
7 164
45 243
86 126
77 171
11 159
19 203
185 248
114 194
218 229
170 227
145 244
75 144
45 102
214 224
34 94
5 198
204 248
40 243
16 227
90 219
176 239
26 43
221 244
50 137
17 32
44 194
29 90
3 46
97 161
51 131
194 239
163 243
21 181
4 224
47 178
120 234
121 173
42 170
34 236
32 157
139 165
89 112
76 243
186 220
65 179
202 212
188 206
87 187
171 237
12 208
144 230
1 54
40 47
56 138
72 129
36 221
150 218
122 249
19 53
84 207
21 112
44 104
40 111
17 85
144 234
57 134
41 231
12 13
14 149
105 193
44 103
224 227
98 163
181 210
37 78
161 183
34 124
119 224
141 220
104 247
9 150
99 126
144 152
41 60
139 230
13 223
10 201
112 193
194 228
20 88
97 229
53 240
131 196
63 162
38 66
11 121
52 174
154 181
6 43
19 244
165 208
46 191
37 140
8 194
22 138
8 187
3 17
19 177
52 171
183 215
30 209
20 166
47 107
66 84
43 111
38 54
77 140
0 28
14 34
119 149
47 74
73 82
39 234
35 101
53 116
121 163
12 39
112 247
85 210
147 248
26 217
149 162
65 202
101 169
140 242
31 184
46 234
125 207
137 209
58 247
18 109
118 176
108 247
78 159
7 31
177 225
132 217
21 66
100 202
85 138
115 248
42 60
118 206
178 239
25 107
100 104
134 178
116 141
170 194
44 160
10 112
0 98
194 217
8 72
85 127
115 130
47 218
75 220
72 172
32 206
100 148
162 200
91 222
103 106
118 218
215 216
117 219
110 248
152 240
114 120
37 186
48 212
80 108
20 208
120 171
45 78
126 163
47 193
118 232
60 147
121 156
17 172
120 177
7 86
22 197
42 129
202 209
163 232
93 99
108 114
52 140
8 96
95 112
34 120
58 149
143 144
40 48
18 98
1 102
79 233
141 144
159 185
123 136
0 143
97 238
4 100
44 169
38 164
96 203
63 198
92 214
212 239
64 141
112 134
8 220
194 249
117 182
121 198
134 242
142 173
157 197
72 121
66 145
36 134
130 200
47 79
78 108
17 78
15 188
52 132
116 169
64 142
57 199
34 122
95 240
161 228
27 215
42 79
23 198
49 102
127 215
40 83
173 179
89 116
38 194
25 228
12 193
61 108
62 121
5 15
142 151
17 206
5 99
167 221
102 164
37 153
121 161
17 146
29 242
89 155
125 239
111 195
39 52
33 126
55 185
51 155
124 190
174 175
26 136
25 192
11 31
4 153
123 172
16 49
4 241
218 219
105 109
22 83
143 179
18 46
61 84
110 170
30 136
20 36
41 142
66 173
15 74
4 65
116 135
73 224
98 245
156 240
27 36
88 214
58 74
176 217
63 207
83 106
100 248
6 166
80 116
238 249
105 248
185 220
57 212
21 108
181 197
90 195
91 201
108 134
195 234
151 213
145 219
78 200
115 174
131 180
82 206
48 154
13 34
3 16
127 212
70 196
15 55
1 27
80 235
205 225
155 225
2 7
52 187
12 144
18 197
176 208
82 154
98 246
61 125
76 201
51 187
26 156
132 244
1 33
155 236
132 173
60 145
149 169
1 106
61 190
124 134
215 232
26 74
26 107
102 158
111 213
36 207
171 243
60 81
44 179
106 239
26 41
138 201
49 241
91 159
44 53
120 216
26 40
134 249
66 203
131 144
33 64
159 190
0 204
133 240
97 147
188 224
112 225
126 139
9 218
184 195
129 221
143 207
102 184
158 191
0 67
75 214
97 151
5 174
116 144
51 72
19 45
81 240
55 62
21 43
126 227
105 225
172 235
154 239
81 236
56 185
61 232
98 212
13 57
103 170
103 134
41 195
18 157
24 163
3 31
6 140
69 108
30 219
121 143
29 56
78 140
142 192
91 102
113 155
57 141
34 87
12 59
0 43
164 242
49 124
61 120
116 154
95 127
111 151
9 42
144 201
184 235
53 192
83 167
4 227
4 29
122 193
98 171
160 169
128 239
52 240
32 137
20 122
158 220
94 233
50 240
64 244
1 101
138 199
24 57
109 168
232 238
136 158
80 151
112 198
38 63
12 180
84 168
35 74
201 218
97 171
22 146
34 98
221 225
183 193
27 143
23 51
54 213
40 41
75 84
53 217
26 138
2 24
160 203
160 234
103 178
71 167
42 232
225 248
29 145
211 212
76 192
32 61
102 108
175 192
97 158
44 182
93 155
28 83
47 48
6 133
83 89
86 131
194 215
41 48
136 211
73 244
101 165
39 195
136 244
103 127
88 137
51 230
131 178
185 200
14 39
85 227
127 191
126 180
52 89
4 174
153 213
51 147
6 202
40 126
144 150
34 226
53 64
4 107
223 249
120 145
123 220
162 205
0 82
92 191
118 134
139 196
82 99
136 138
14 106
102 176
16 62
70 78
38 127
176 228
11 71
98 232
46 156
149 246
88 90
76 90
138 206
140 215
103 238
26 196
55 219
48 236
117 126
158 244
75 130
7 173
48 145
4 97
34 62
124 247
17 23
70 237
78 220
48 75
96 233
144 215
176 184
19 239
169 198
135 147
21 25
22 62
79 247
67 148
78 168
37 243
126 235
78 123
52 99
92 147
128 189
58 62
116 179
52 166
39 98
63 226
60 125
57 248
225 226
13 77
55 71
1 100
30 153
101 123
152 229
63 164
30 143
48 193
214 234
21 146
19 89
203 248
120 179
49 224
44 147
135 148
2 249
6 110
24 80
69 224
157 164
21 205
6 209
169 230
101 208
109 221
20 136
82 227
83 133
82 176
61 91
119 140
38 220
120 225
1 73
35 213
24 45
0 167
12 185
246 247
18 62
202 234
80 238
69 143
160 245
176 204
23 73
66 95
38 214
67 172
111 207
8 30
84 133
86 196
180 189
140 177
112 210
70 107
120 127
33 245
200 201
164 193
91 115
55 84
73 114
63 157
193 247
51 218
105 157
84 246
186 196
58 109
30 156
41 236
219 243
55 186
139 186
9 241
68 122
77 213
76 116
12 134
77 168
16 63
42 209
54 203
110 113
50 241
232 249
105 161
34 156
42 101
104 113
28 181
31 45
96 240
151 189
12 138
11 205
120 218
112 218
148 232
0 156
119 160
44 233
0 145
26 104
8 156
137 141
85 201
141 233
130 237
46 249
18 103
112 241
71 183
72 103
17 205
136 228
124 217
19 248
129 174
6 164
88 201
134 247
5 189
154 202
23 98
53 87
95 206
8 176
77 93
63 220
51 69
134 174
129 235
30 80
16 74
13 179
21 131
106 155
24 102
32 63
8 28
110 181
103 136
6 79
57 65
32 187
51 62
119 227
49 79
100 240
10 180
174 187
198 218
31 40
68 231
39 193
101 214
52 204
95 197
49 100
158 168
77 89
69 170
180 215
39 148
79 164
32 247
0 173
94 138
90 158
26 202
1 168
178 228
22 56
17 91
8 193
24 233
8 188
164 185
56 118
26 174
2 248
99 201
119 130
109 202
76 150
95 168
78 111
103 196
143 213
24 158
97 182
82 225
180 187
74 233
176 186
12 196
193 215
32 38
44 246
147 243
44 59
7 40
41 135
134 137
32 171
175 199
39 228
194 245
135 174
90 170
129 237
40 214
129 222
203 205
209 246
43 185
203 219
103 224
57 238
80 213
122 240
131 203
126 132
56 249
12 89
226 243
42 76
90 116
10 75
86 195
119 157
1 222
160 233
49 62
39 223
171 240
100 239
112 227
55 180
6 207
200 240
63 66
27 224
10 187
102 134
161 226
139 201
200 231
50 224
54 72
2 14
211 221
110 161
25 63
143 228
201 222
13 175
40 187
149 226
136 152
64 180
62 117
91 152
228 247
78 209
114 222
52 214
122 126
63 192
162 194
65 142
72 80
44 129
244 246
209 248
173 189
75 187
157 248
194 220
22 158
23 131
1 175
4 118
59 62
83 142
38 79
60 247
0 78
5 171
27 39
37 158
7 58
112 132
38 190
46 134
51 156
64 70
0 212
64 195
64 102
100 205
16 210
150 220
73 162
37 245
37 147
75 133
36 101
5 248
45 166
41 124
25 120
87 99
101 136
41 58
37 233
55 134
20 202
133 223
60 139
13 73
60 119
84 179
72 189
67 208
159 192
154 180
10 64
48 221
47 129
58 183
118 121
94 178
20 140
192 201
139 223
35 78
46 96
90 247
4 5
16 21
68 242
116 166
121 200
36 55
110 154
28 229
155 224
9 46
53 244
99 133
27 236
64 73
61 82
163 190
36 167
58 236
29 224
26 240
159 239
144 187
151 218
14 79
133 148
142 160
58 135
100 119
9 139
18 125
143 181
20 170
159 167
71 229
68 85
58 118
94 191
88 118
38 146
73 117
108 128
145 146
16 18
167 187
206 224
127 157
59 68
5 245
111 215
167 195
193 219
57 144
21 180
176 182
72 107
123 180
97 193
119 128
98 129
195 205
169 236
161 182
86 232
125 143
38 228
44 158
19 193
123 145
72 157
3 129
88 227
