150 500
60
63
110
88
60
62
72
95
24
69
53
29
55
101
114
98
20
48
25
25
119
37
84
85
83
47
42
56
113
64
77
54
59
119
74
51
61
26
78
65
76
111
26
63
93
73
41
45
53
98
51
52
116
67
118
79
94
92
67
87
88
24
73
79
24
79
111
65
86
69
63
94
113
21
37
86
74
110
63
108
89
94
92
85
41
42
96
115
115
43
35
83
99
40
43
55
100
86
53
118
87
96
92
80
97
61
98
104
51
42
92
20
68
64
85
90
87
113
37
34
36
104
49
68
77
24
103
57
90
36
107
110
112
79
22
42
20
53
26
51
75
50
104
23
46
21
45
65
115
115
48 105
27 99
137 145
51 134
73 74
60 90
108 132
121 132
89 132
57 100
96 148
6 25
77 110
21 77
124 126
31 74
58 81
75 128
97 127
22 112
50 75
14 84
85 135
118 119
74 78
69 72
88 97
55 118
16 81
99 146
5 130
60 80
7 10
109 123
62 81
95 100
48 87
69 132
57 109
126 147
31 125
104 129
9 115
33 149
90 146
133 147
28 43
38 129
89 102
11 34
13 53
101 129
14 101
8 72
69 123
4 36
96 140
35 114
35 149
141 147
83 130
111 138
75 118
28 149
63 109
62 64
76 93
67 79
107 140
87 132
111 124
58 137
74 114
16 22
71 109
7 94
48 52
29 55
68 107
27 57
20 21
91 148
8 115
124 130
50 67
12 107
93 146
110 122
46 70
28 82
87 117
19 26
134 135
49 53
8 143
65 132
30 125
47 115
36 95
73 86
30 65
8 98
70 78
20 149
100 116
133 136
38 61
5 75
97 106
90 129
13 17
5 99
41 121
77 146
69 118
13 33
2 14
80 94
114 136
5 131
114 117
5 141
26 48
80 123
57 111
74 116
27 121
23 68
71 144
113 145
42 60
44 146
126 142
27 113
8 107
118 126
11 123
51 131
59 113
76 116
42 75
92 102
66 115
60 72
67 88
75 131
29 124
6 77
104 116
119 125
113 139
101 138
0 82
39 111
98 115
23 130
27 126
90 99
28 36
14 68
61 97
138 139
6 103
93 124
15 83
67 96
37 68
16 29
55 61
91 115
118 133
91 125
29 119
4 37
43 65
83 134
54 140
50 90
16 72
8 32
7 57
1 27
82 96
1 95
36 143
18 29
11 56
4 77
8 41
1 126
70 82
10 141
34 59
43 134
93 143
102 145
23 48
118 129
102 123
22 57
2 15
34 58
93 127
57 119
95 113
33 110
3 79
95 114
63 131
56 59
11 75
0 103
83 111
115 118
77 108
12 138
74 93
36 70
39 51
66 145
8 36
2 116
11 97
74 80
131 139
33 108
38 52
65 108
23 128
31 131
56 71
45 149
47 116
0 87
5 134
66 94
68 142
4 60
42 68
101 130
65 83
59 135
6 69
29 102
35 47
5 63
106 108
55 56
74 143
55 132
24 30
74 76
38 144
78 114
80 111
13 65
26 78
50 84
2 95
16 45
38 79
46 50
89 107
66 102
2 59
48 84
26 135
9 130
116 139
46 146
100 114
81 111
11 140
67 138
85 103
64 135
4 52
56 144
49 70
20 115
3 133
98 142
64 133
31 132
110 134
123 145
65 136
35 134
26 49
111 118
33 55
107 148
45 89
9 65
30 94
77 81
29 33
68 122
6 145
7 100
95 140
108 130
114 133
61 143
22 46
31 73
37 118
96 98
29 114
29 93
62 110
33 65
71 105
35 112
32 114
72 144
16 108
77 117
76 130
2 98
79 127
32 116
95 128
65 111
7 146
54 122
107 120
5 114
40 93
57 129
123 124
129 140
134 148
60 120
24 129
60 110
1 92
128 148
71 95
11 130
65 92
101 102
87 107
31 65
49 96
24 88
70 120
54 66
88 118
16 149
14 76
11 67
71 140
44 65
85 128
24 79
44 127
30 131
136 148
12 88
3 94
14 112
25 80
45 120
71 136
45 85
56 63
3 36
98 120
34 80
99 104
15 45
46 81
26 120
91 96
40 58
72 146
21 107
2 77
66 73
13 64
29 61
64 122
65 70
86 145
6 87
1 22
83 132
9 120
53 66
2 111
106 148
33 115
19 87
43 137
9 63
1 26
38 123
5 90
43 78
0 102
1 16
124 148
94 136
59 91
10 113
18 104
32 134
29 79
72 92
73 88
46 110
33 141
33 90
8 145
86 119
7 125
27 118
82 125
95 98
14 134
30 95
63 102
1 37
25 57
29 123
62 69
16 62
12 147
70 135
33 129
51 110
98 131
78 82
78 106
27 120
62 109
66 125
5 61
86 126
57 115
86 111
119 128
50 116
42 121
102 127
2 114
28 100
9 147
84 103
14 87
52 126
94 123
27 35
1 56
18 23
37 113
105 135
15 57
101 109
28 105
31 86
17 122
33 119
20 26
15 125
34 101
59 67
45 147
20 53
16 65
57 72
1 124
5 129
60 135
12 123
78 140
58 68
33 98
34 136
53 134
81 94
50 142
5 29
12 146
22 121
68 75
100 147
62 132
47 106
55 83
133 148
67 141
76 134
18 53
8 112
14 43
7 111
73 116
69 71
