250 500
96
89
107
25
27
39
106
115
69
26
45
45
36
49
102
39
114
87
28
43
62
40
76
28
21
83
96
119
91
104
47
119
73
86
76
32
106
63
28
55
21
105
32
37
86
114
108
32
82
117
56
76
89
64
37
43
28
113
42
51
97
22
50
103
88
107
67
74
102
75
61
103
112
74
72
31
68
113
43
82
62
31
91
31
28
108
54
36
101
29
67
31
31
49
114
51
36
61
106
118
69
99
53
113
53
106
24
54
51
100
116
93
111
87
104
119
27
91
87
61
100
86
72
63
116
118
94
84
111
32
35
60
112
68
106
45
106
62
79
37
42
28
62
86
47
47
37
107
70
105
48
50
23
52
93
71
50
67
88
41
80
103
34
72
51
20
49
38
62
61
107
37
21
50
103
48
29
20
35
79
57
115
61
61
47
34
64
77
33
32
51
93
115
65
97
99
117
79
69
111
72
56
80
73
38
63
53
47
64
21
58
53
116
99
46
44
65
91
53
79
55
84
104
51
81
34
30
30
45
79
74
97
67
34
102
86
78
35
65
74
36
56
107
85
35
34
61
33
57
94
32 94
82 211
163 176
82 237
225 229
71 187
39 80
36 138
111 154
198 231
20 235
9 108
89 139
87 155
143 144
27 60
90 142
90 118
78 158
201 235
124 159
172 198
57 208
86 168
68 112
199 218
80 190
58 79
21 65
18 164
61 79
44 152
73 134
20 83
64 73
68 223
92 198
5 172
50 110
14 25
30 95
214 221
124 175
152 197
171 189
1 213
7 102
5 27
25 244
58 213
133 201
1 32
56 226
26 108
166 235
143 197
80 107
20 108
172 231
22 157
93 120
47 125
130 230
177 224
8 140
32 209
23 166
62 249
170 222
128 139
21 155
87 188
208 230
63 195
102 130
76 85
75 211
55 225
91 152
131 201
144 163
12 168
74 80
19 52
244 249
43 149
83 122
89 102
34 41
17 24
103 239
64 202
166 177
109 119
102 182
61 76
15 73
96 197
148 218
102 244
217 247
90 246
81 85
44 122
62 119
108 248
17 200
24 183
128 143
42 60
97 205
113 238
29 85
29 162
53 116
23 122
114 121
195 212
109 206
169 178
23 168
40 138
118 163
75 98
117 158
6 158
175 249
56 221
84 133
85 239
0 210
111 114
82 176
140 161
80 137
68 160
59 248
200 219
127 222
67 130
78 96
21 136
77 107
13 77
14 93
2 93
77 215
11 59
220 243
130 151
72 152
40 151
92 131
103 222
39 219
66 85
74 117
189 194
17 33
126 207
31 61
71 108
129 232
119 122
54 123
3 207
43 195
76 210
182 238
31 207
218 221
125 191
42 65
76 135
184 195
54 215
108 126
176 237
147 210
15 110
20 113
67 222
8 182
98 143
26 216
39 158
33 245
139 230
200 218
134 215
15 20
123 202
128 248
208 213
73 127
148 223
38 47
148 215
81 211
47 247
89 155
84 87
40 169
224 241
41 137
152 227
163 179
26 161
159 239
37 222
47 164
37 202
2 95
176 202
65 199
76 155
163 206
91 247
82 167
72 90
67 209
122 224
0 247
8 136
91 108
45 107
82 155
102 161
114 187
2 29
165 207
122 157
101 120
54 119
18 209
227 228
128 203
125 202
55 88
147 236
48 133
55 106
18 216
5 158
39 132
47 109
17 246
169 218
118 140
124 238
103 201
80 216
20 56
57 213
43 210
8 212
29 69
97 165
73 87
102 219
211 214
62 118
80 140
30 50
7 132
39 84
107 110
16 18
127 175
87 231
46 71
100 197
112 115
197 202
38 49
2 23
112 141
45 167
31 197
95 164
56 236
100 166
93 218
36 72
120 143
66 159
166 208
31 166
71 113
85 211
14 108
65 229
232 249
24 133
32 221
88 149
101 208
51 107
69 245
64 124
115 135
131 133
149 196
16 119
101 115
80 231
209 247
61 210
86 230
46 114
47 58
16 202
148 161
69 169
145 157
124 235
116 133
8 79
16 24
131 198
130 228
39 112
202 209
11 248
69 73
26 147
147 187
39 209
196 216
104 202
71 237
170 181
38 168
116 205
35 169
134 246
75 226
27 161
172 185
9 128
25 94
133 137
173 176
92 241
49 225
45 46
138 216
57 79
4 34
25 26
124 172
12 247
100 173
126 137
4 197
143 146
33 132
27 157
62 221
0 37
20 46
11 185
12 14
68 118
150 195
72 144
8 69
21 171
48 181
129 159
52 157
36 124
43 151
105 193
46 225
244 245
92 179
6 104
45 176
74 195
71 224
18 145
79 189
11 167
89 178
242 244
116 187
30 230
76 120
95 187
122 181
192 214
51 212
7 170
79 96
53 203
73 167
199 247
114 218
110 204
102 248
50 185
70 80
42 166
8 103
232 239
137 182
99 196
85 218
107 164
162 167
70 84
87 121
53 81
7 191
145 189
159 226
68 240
110 244
98 100
83 100
87 134
38 131
71 100
87 247
119 159
9 203
98 130
35 152
71 78
11 112
76 171
89 144
13 83
106 113
33 58
120 196
78 192
11 115
8 30
149 203
20 212
102 118
195 239
16 20
134 170
231 246
55 70
68 140
5 246
141 181
55 230
99 113
58 124
190 215
20 133
89 153
43 84
21 29
33 144
148 203
28 129
185 199
51 191
105 158
138 187
49 94
28 46
11 37
170 218
57 133
175 217
101 197
236 247
193 247
41 73
92 228
8 29
33 215
72 187
89 103
19 222
2 65
0 39
178 219
61 62
128 237
130 229
36 229
67 229
108 226
154 204
52 162
85 187
125 127
83 112
131 214
55 216
48 157
107 226
