300 300
69
119
31
46
100
73
107
34
113
66
39
81
110
45
67
57
35
110
45
23
24
38
23
108
30
95
88
106
52
65
104
53
116
67
80
48
21
119
62
66
65
33
27
55
58
74
44
26
116
69
81
20
39
84
60
49
111
28
87
95
26
23
29
74
71
41
103
72
40
97
70
37
111
77
24
101
83
49
59
80
50
72
80
70
88
73
51
80
33
119
107
39
22
116
94
73
89
29
77
109
106
27
26
49
36
31
83
100
60
22
60
42
75
72
92
43
25
24
55
91
23
43
110
77
91
36
31
61
97
40
102
36
48
109
65
64
72
28
96
64
83
36
86
38
41
59
113
98
63
101
69
118
76
112
75
47
80
38
40
58
59
75
74
39
64
71
35
68
32
112
112
95
80
30
65
101
69
110
32
64
91
81
62
47
25
70
27
86
88
99
76
27
54
82
98
50
85
114
98
97
58
42
24
118
53
21
52
102
112
64
47
35
77
41
63
35
91
22
53
60
101
61
119
36
23
50
66
40
96
97
118
34
119
74
84
52
76
116
35
20
112
114
35
22
87
30
37
59
32
22
51
66
63
102
82
118
32
80
38
108
57
36
74
57
43
39
89
99
35
56
99
80
50
66
82
70
29
51
61
93
105
92
39
48
26
53
46
91
66
64
31
103
33
86
92
56
105
114
87
72
173 205
130 291
214 288
50 252
73 297
4 117
37 233
18 68
6 68
21 86
32 168
10 275
21 212
176 187
41 272
133 214
15 264
3 181
66 133
53 191
2 57
39 228
49 291
109 111
107 130
191 197
51 259
124 166
54 172
1 213
78 134
146 179
60 150
201 216
193 254
107 248
12 88
55 287
97 189
166 296
115 279
82 240
75 106
207 299
212 260
43 264
143 146
241 297
142 204
149 265
97 125
97 109
137 265
154 216
82 286
17 202
142 197
100 272
1 59
265 271
19 287
8 165
1 131
87 214
144 180
236 293
57 86
22 154
70 223
228 261
130 152
101 278
130 273
74 274
208 291
52 137
126 268
40 53
55 249
43 272
29 242
96 129
103 104
31 166
65 70
96 162
172 187
226 298
116 213
147 204
76 284
202 256
4 10
59 243
215 259
155 254
284 297
50 100
89 269
132 206
46 91
2 15
229 233
65 198
97 213
102 173
111 249
76 254
71 173
65 184
38 220
35 138
205 241
46 136
20 262
4 53
7 118
51 121
186 236
1 85
151 155
101 258
86 266
107 139
172 209
76 248
145 214
35 102
207 223
148 169
152 243
61 275
96 211
164 199
34 217
186 284
73 295
39 287
81 146
231 291
7 18
163 291
26 273
181 265
165 250
102 245
70 129
33 59
275 277
12 233
193 217
250 266
237 264
46 57
83 288
89 153
47 132
21 69
86 158
160 254
4 108
74 106
165 238
159 215
92 140
85 279
62 229
26 51
109 218
53 72
149 213
197 207
28 45
256 270
114 224
116 118
32 274
244 270
104 139
32 238
217 248
10 117
147 221
37 65
30 161
171 231
78 127
128 224
98 158
180 272
22 49
107 143
23 139
129 215
67 295
244 247
116 285
6 184
37 43
1 119
172 257
51 84
2 231
8 160
30 241
104 185
80 290
13 211
41 219
228 267
160 227
197 263
96 269
81 185
65 135
22 57
59 108
114 158
91 218
121 274
159 211
201 278
189 291
263 267
247 282
143 282
175 245
23 40
174 214
208 279
61 265
53 120
125 211
217 286
13 182
41 90
68 224
268 295
10 262
44 283
209 265
136 187
210 280
124 159
120 206
156 267
85 209
139 263
126 173
55 232
22 139
96 115
83 143
105 153
118 249
15 83
137 203
169 293
63 170
75 183
26 94
20 235
283 285
108 111
163 215
2 290
12 170
155 185
90 253
13 124
39 80
207 228
201 283
97 98
71 224
149 281
54 70
56 84
89 245
5 167
160 222
47 224
92 232
80 97
22 145
61 221
129 225
260 290
82 139
59 205
92 116
54 186
146 190
236 242
162 187
48 293
84 92
228 272
24 104
77 98
