300 3000
99
65
103
71
60
52
81
90
33
53
101
51
85
26
52
118
48
70
43
108
61
110
45
22
101
87
51
117
55
45
67
34
90
102
86
83
35
99
53
48
32
86
31
98
92
64
48
73
66
23
61
59
114
86
61
47
105
45
96
40
70
95
55
93
78
21
56
45
52
89
25
116
107
37
46
80
33
75
33
79
78
26
71
24
44
112
103
29
89
79
50
40
55
85
65
65
38
101
42
22
22
47
118
109
116
45
69
81
100
34
93
110
92
44
115
68
36
98
78
58
110
60
78
45
77
23
42
95
56
64
49
58
43
47
47
40
72
49
101
104
115
74
95
40
98
90
88
67
20
98
105
110
38
115
87
95
70
109
22
106
105
51
96
29
79
75
101
83
56
82
68
52
89
43
24
119
65
92
118
117
71
103
60
41
50
27
117
52
69
119
38
106
103
66
115
62
22
96
25
58
111
25
42
32
48
46
83
45
71
82
43
74
117
83
95
48
42
44
80
91
96
51
78
79
97
25
73
51
54
78
90
97
84
64
61
64
43
24
90
94
86
65
48
84
28
75
112
102
100
24
26
76
55
84
87
85
41
40
116
27
50
38
104
114
35
45
111
58
102
33
32
68
78
112
32
38
67
76
20
99
81
26
107
68
42
74
85
116
94
34
23
25
104
60
71
119
37
114
57
119
83 103
147 263
146 256
54 202
185 278
135 231
28 31
101 177
43 84
48 226
181 182
52 54
109 131
6 146
112 133
71 215
269 270
225 231
168 285
127 146
14 222
6 129
42 58
126 159
102 259
36 105
140 159
88 249
43 94
147 155
270 280
123 249
54 240
160 226
91 105
13 58
120 188
71 214
230 298
41 100
146 189
30 189
57 277
31 100
124 231
8 104
131 201
105 194
31 237
54 80
113 136
8 145
53 217
51 223
16 147
37 204
93 162
119 271
122 202
124 246
132 133
87 102
15 259
4 281
35 290
84 179
200 281
5 187
162 198
46 57
13 178
92 135
6 106
64 280
188 208
94 279
72 81
139 181
135 195
249 279
14 202
254 260
207 211
16 116
9 295
29 144
87 187
202 203
110 168
91 147
204 215
137 280
54 73
51 249
1 209
275 280
255 293
162 229
46 204
213 231
93 260
109 232
11 200
68 136
173 227
130 267
195 247
249 267
19 73
251 282
72 283
27 257
239 276
232 241
37 172
130 197
58 185
85 114
69 250
205 243
224 230
125 171
92 126
163 244
129 278
113 235
14 288
141 279
126 256
16 180
23 198
82 117
12 254
203 263
159 198
83 193
23 70
7 168
3 196
26 31
19 34
22 191
32 33
1 41
69 158
234 274
91 267
16 31
46 219
257 294
170 239
41 193
9 100
61 258
93 103
36 189
164 227
197 211
259 264
170 291
33 265
52 104
56 120
84 102
91 130
60 261
122 153
131 207
5 268
141 160
113 177
50 277
13 104
116 227
218 278
63 286
90 235
43 116
252 262
105 198
82 258
119 204
26 163
88 168
281 294
28 160
130 211
15 137
116 144
122 183
86 221
21 237
11 105
25 65
57 263
131 192
250 273
148 188
276 288
22 108
188 270
19 72
163 248
184 188
37 275
105 274
48 169
113 132
194 241
77 128
133 153
27 34
55 93
22 201
44 130
12 142
161 277
84 278
25 76
165 214
0 19
48 191
23 240
187 214
94 265
150 264
0 44
93 184
99 259
47 281
55 189
85 294
102 130
115 230
29 155
95 155
100 286
41 256
10 222
27 228
16 244
16 177
114 288
140 162
73 209
121 180
150 167
252 265
80 298
153 182
29 161
61 262
15 69
25 55
35 291
52 59
279 282
20 76
96 290
160 169
33 251
101 201
105 119
199 251
39 104
68 113
127 217
83 286
161 234
29 269
89 213
0 195
20 217
43 259
232 264
210 266
11 66
167 185
118 168
136 207
1 222
27 192
110 128
114 230
260 271
135 237
101 136
70 184
208 280
29 141
239 244
10 107
2 26
170 247
84 144
118 129
85 156
10 266
241 266
132 290
253 268
54 279
104 215
64 124
153 195
140 205
64 144
146 202
90 150
16 286
145 286
105 123
1 115
19 89
108 222
61 242
40 167
8 98
162 291
196 203
95 120
40 184
186 298
27 200
13 254
99 186
9 118
152 286
151 172
94 125
156 233
26 67
23 165
34 67
27 289
15 147
108 137
84 187
46 111
1 87
176 273
47 152
34 57
33 185
179 229
10 214
35 129
111 292
78 294
74 230
120 245
221 257
57 105
144 152
168 283
97 153
8 57
42 144
114 229
95 228
108 290
62 196
54 120
7 114
185 289
5 240
162 286
14 92
210 219
140 244
149 193
201 289
185 206
21 243
114 223
168 222
214 230
86 170
37 229
222 252
193 218
205 279
107 293
78 297
148 218
142 259
48 101
44 144
121 258
20 290
233 286
103 272
9 72
24 33
3 283
217 262
24 260
7 257
103 262
2 73
144 162
85 263
229 245
60 118
132 240
160 225
118 133
28 190
113 142
178 214
169 184
129 140
200 260
115 139
141 214
77 189
38 274
92 283
204 255
14 36
120 154
199 201
44 93
235 271
112 247
65 207
64 256
75 278
16 97
55 135
42 200
170 297
76 104
141 245
90 117
289 295
18 92
82 137
54 155
102 124
218 241
61 282
136 197
260 295
68 204
182 246
105 268
72 244
181 189
265 271
12 129
105 146
260 266
90 252
114 222
32 227
256 281
116 269
20 276
37 211
57 267
16 263
181 197
147 204
168 262
160 232
17 91
57 78
29 83
143 200
5 284
122 262
238 265
231 294
11 20
205 278
77 221
10 241
118 197
38 209
69 159
251 270
100 138
60 167
235 260
62 241
185 296
255 262
175 186
186 256
213 258
87 164
134 157
4 97
7 54
42 214
64 128
217 267
216 277
134 152
197 290
100 134
0 9
38 256
196 296
60 169
55 83
232 270
59 76
153 239
68 290
217 259
87 186
221 237
38 279
170 235
4 265
18 35
66 125
262 274
121 196
74 256
3 44
63 188
163 268
238 248
87 175
124 164
8 214
143 231
149 160
236 287
53 178
61 205
15 234
142 153
156 190
130 238
111 271
10 292
10 27
202 230
97 106
66 158
20 261
89 221
121 128
52 157
182 270
249 257
162 204
91 146
70 82
42 276
39 193
34 220
16 49
122 199
122 188
57 194
149 198
23 115
24 26
127 260
46 84
210 250
53 298
68 148
124 187
81 162
215 248
1 265
124 264
138 164
64 273
32 266
171 199
41 197
168 275
21 158
4 120
2 23
171 225
113 122
48 285
246 263
233 247
250 280
123 196
88 240
169 173
40 206
124 299
100 290
167 200
173 223
20 249
225 297
47 120
162 220
84 108
70 236
108 216
20 231
113 160
34 171
85 129
75 210
65 180
62 99
235 265
22 37
184 299
57 86
1 47
29 183
109 265
253 269
25 182
47 201
124 186
81 271
6 208
186 233
25 295
42 286
8 283
131 219
8 218
107 276
6 219
42 80
23 296
50 205
3 73
4 259
138 179
185 283
46 216
162 166
166 298
230 268
89 195
187 253
19 184
180 276
121 234
5 124
265 290
4 128
0 241
227 268
51 65
227 284
231 269
150 267
132 150
97 235
174 222
102 158
130 246
67 90
95 116
107 244
112 248
112 287
189 214
7 133
17 117
234 287
84 101
6 251
217 294
100 191
168 254
49 166
84 139
201 234
178 234
47 60
47 178
119 211
14 44
83 126
61 214
15 70
129 197
18 166
118 123
43 109
72 210
208 210
49 196
36 161
126 221
4 135
21 98
87 123
195 250
109 170
63 293
124 260
122 142
179 297
12 288
40 136
2 199
198 206
76 88
179 275
80 200
39 269
210 258
73 130
6 255
33 129
148 264
126 212
218 253
100 204
144 221
171 204
102 293
34 248
80 268
94 234
36 274
46 63
236 245
119 243
205 251
72 151
169 250
63 174
168 215
78 89
112 283
214 261
28 261
0 296
41 235
206 261
176 249
152 296
103 192
16 201
7 70
122 266
134 245
38 75
150 276
58 289
86 116
117 250
135 291
104 226
117 121
50 184
66 88
10 46
244 247
26 251
69 292
66 73
111 178
142 154
13 252
130 143
39 145
174 247
103 137
10 152
88 220
60 286
158 177
48 121
74 157
72 227
45 296
61 239
74 151
46 192
204 283
192 203
81 209
6 61
91 226
149 204
78 264
12 62
199 272
23 138
199 256
273 296
34 253
156 236
160 180
117 202
94 163
20 72
79 175
19 185
74 275
89 165
61 277
12 192
165 233
9 186
251 297
94 111
177 297
92 228
1 143
19 216
80 101
90 189
65 239
104 263
102 154
216 273
79 165
12 280
82 289
38 97
196 267
59 290
126 275
128 151
68 199
122 224
17 249
90 96
71 166
160 248
112 163
33 151
230 261
107 118
55 230
97 233
158 257
86 243
61 142
29 206
5 182
74 204
132 294
222 298
83 117
282 299
84 298
11 133
3 14
119 121
233 268
106 191
49 179
29 240
192 235
249 270
169 174
1 24
220 246
52 90
51 81
72 80
187 257
91 202
12 262
75 298
182 283
162 189
231 270
123 154
176 257
73 126
97 102
23 180
43 232
125 165
35 289
222 257
100 298
10 176
63 252
134 249
65 260
166 271
228 241
14 43
107 145
163 287
206 220
85 271
58 83
32 124
193 209
8 187
213 247
47 106
118 249
164 220
105 284
27 201
8 171
34 173
47 145
70 293
76 231
109 128
160 221
114 286
121 225
34 122
172 280
121 133
98 298
94 134
155 295
79 162
55 87
113 154
106 232
215 224
104 235
77 156
63 264
22 138
144 288
172 212
58 124
86 274
108 180
15 108
22 227
34 94
161 208
94 188
66 164
53 61
190 268
261 284
253 283
122 293
47 179
3 206
157 292
29 265
138 224
151 280
75 160
74 185
35 125
101 168
281 289
9 155
116 224
177 293
152 168
31 223
181 267
87 124
116 225
141 149
6 121
52 219
248 289
283 293
114 213
85 155
246 292
164 170
160 209
12 100
23 129
96 148
183 256
24 181
165 299
58 82
39 134
277 287
22 123
271 289
108 235
144 181
60 152
12 52
21 152
77 203
51 183
108 128
116 159
45 198
84 217
32 246
124 207
95 268
92 255
107 137
189 204
93 248
72 180
173 284
255 281
71 112
141 157
21 110
105 294
57 118
12 25
260 265
220 281
104 118
8 27
59 250
152 285
166 251
176 224
150 231
14 158
51 54
127 223
213 217
87 296
48 52
29 256
60 272
51 147
120 258
54 157
5 110
23 86
181 225
69 91
175 291
142 215
2 108
184 234
78 272
178 230
76 238
101 207
50 106
152 170
64 206
27 226
103 263
64 145
80 185
124 236
60 131
62 91
275 291
48 69
30 299
128 248
207 268
18 229
66 133
130 240
20 40
55 109
175 225
200 255
111 189
131 171
72 222
86 250
184 249
117 184
77 85
58 144
156 210
96 192
92 284
168 201
39 43
179 292
51 290
182 233
5 213
105 251
55 120
38 56
56 207
134 241
44 85
200 244
47 136
49 139
120 217
93 160
261 272
12 152
14 85
246 279
51 142
14 231
21 106
70 163
63 280
24 49
200 293
247 277
26 182
2 87
232 295
8 162
66 256
72 270
19 203
45 249
70 232
59 229
144 285
193 245
62 146
39 238
120 145
117 284
112 123
37 216
121 172
104 193
59 194
144 264
35 105
128 216
16 186
98 160
96 171
105 233
43 242
24 139
141 216
91 124
40 254
127 180
36 265
72 159
37 96
55 201
124 184
140 169
70 268
0 293
64 105
58 279
3 200
168 249
73 145
151 259
114 140
79 278
102 176
272 290
46 191
15 225
95 230
52 207
115 207
97 231
64 76
17 41
80 290
185 277
64 197
128 230
89 158
61 265
51 260
152 290
97 215
79 219
62 127
131 177
86 281
108 203
57 149
189 220
140 157
166 256
46 54
186 195
247 256
161 269
203 298
96 173
92 170
227 233
58 162
23 92
13 149
224 285
91 116
9 142
72 249
56 258
12 144
57 257
8 33
12 206
156 183
83 299
168 270
30 194
80 286
53 145
188 278
130 279
25 94
219 288
26 96
222 229
161 187
194 280
195 292
51 101
152 227
95 186
81 174
7 178
119 231
7 152
261 283
38 108
60 79
27 86
175 256
8 88
40 195
35 142
85 136
12 245
40 132
160 214
38 265
84 273
21 126
144 283
161 182
143 221
13 222
7 241
15 230
29 126
64 108
193 268
214 252
257 292
98 117
63 259
207 232
199 229
43 110
264 271
107 278
192 291
81 251
11 232
19 262
127 137
78 158
72 83
81 124
127 274
86 251
37 158
71 288
87 233
32 103
10 205
149 262
43 53
101 286
55 172
0 244
130 299
213 278
41 204
155 252
41 179
2 66
30 205
114 236
9 193
23 176
94 229
67 247
174 267
19 119
150 170
25 293
55 63
156 250
60 105
36 101
38 223
129 183
26 297
138 271
173 213
66 155
13 280
122 206
142 185
55 77
44 154
49 159
51 209
16 21
104 208
123 132
6 194
221 261
56 151
192 281
10 64
97 136
76 259
3 261
132 153
16 197
38 117
0 56
124 168
21 77
196 228
123 209
222 255
11 96
40 125
189 292
51 129
38 127
42 140
45 140
156 226
242 265
26 50
17 194
38 227
23 155
235 284
30 190
126 206
31 201
219 245
270 273
11 126
149 266
41 105
11 84
5 197
101 223
108 118
35 170
156 245
143 242
230 273
33 188
151 286
70 272
232 245
58 92
8 293
77 166
34 140
250 284
51 146
6 259
169 181
77 93
35 127
57 221
6 60
264 297
269 293
34 277
179 266
87 275
216 224
141 259
57 91
243 255
194 254
63 261
54 136
192 263
113 141
72 202
69 172
217 218
4 39
5 194
33 183
108 280
173 250
59 119
16 114
14 210
27 68
25 204
81 218
219 274
83 291
228 255
61 146
100 172
118 151
86 157
190 204
206 246
63 65
80 265
231 279
0 42
58 68
191 256
38 176
165 173
94 167
129 280
53 292
80 195
224 238
128 282
128 280
34 243
46 51
29 75
82 118
29 140
38 238
196 266
133 201
42 82
35 114
136 246
112 282
236 264
116 292
78 245
43 60
129 135
72 211
5 154
51 295
82 244
23 210
30 225
73 95
7 209
160 195
142 208
7 144
51 159
156 261
73 129
251 258
75 260
169 266
229 272
225 261
37 54
135 137
231 262
21 262
174 192
100 217
16 276
227 297
10 28
83 157
86 135
95 168
37 162
113 143
10 127
69 116
164 204
5 178
187 267
80 199
116 141
210 232
145 281
137 173
43 273
82 178
111 250
273 274
40 139
102 117
186 266
182 218
142 224
30 60
243 260
85 162
76 146
273 295
180 184
146 223
209 281
21 102
128 231
46 271
19 163
38 73
44 101
220 244
20 281
26 263
240 241
69 100
86 147
43 266
32 241
242 293
96 222
66 206
113 224
229 295
55 276
33 130
99 254
74 171
152 287
186 280
92 287
49 178
134 144
197 218
138 139
112 212
30 235
18 211
143 248
172 206
3 240
2 154
128 246
77 233
263 280
72 213
14 250
2 137
211 251
49 55
19 90
77 213
50 232
245 288
232 247
169 287
223 239
193 237
51 270
83 170
135 285
155 288
149 210
112 125
161 232
4 213
4 127
81 106
111 122
51 95
121 273
60 82
196 275
248 297
219 297
31 282
54 239
255 270
147 201
62 68
80 281
84 118
160 252
190 271
74 293
66 195
200 266
7 163
56 175
163 224
194 275
81 259
185 229
36 86
129 156
149 209
19 138
45 50
22 97
140 280
247 292
41 51
162 268
25 107
134 193
152 271
157 215
4 133
243 262
144 160
50 223
164 268
101 135
123 255
233 236
263 277
4 235
29 97
25 188
174 218
23 145
122 290
2 7
246 294
155 270
142 245
6 205
6 214
194 221
179 181
157 197
144 156
237 253
278 293
167 178
248 253
65 70
78 238
100 117
145 260
45 102
11 18
161 212
42 233
91 142
0 291
245 287
32 289
167 223
172 252
17 120
64 294
124 188
6 54
224 251
22 266
53 284
33 214
249 266
9 40
0 109
92 148
82 297
221 232
70 145
139 253
142 186
16 292
148 240
166 243
14 48
48 150
15 99
66 76
192 227
76 284
74 127
60 66
47 68
190 244
135 198
40 76
120 151
144 240
106 115
158 163
8 206
108 230
6 273
52 252
36 135
80 261
140 155
8 223
4 84
34 113
139 241
126 291
61 66
187 228
45 172
91 233
74 252
41 277
80 145
215 229
9 181
88 176
201 236
11 286
176 292
72 132
117 199
175 230
62 265
158 190
2 159
123 163
76 216
140 156
61 122
124 294
52 183
85 135
41 146
33 123
23 195
165 192
92 146
123 164
206 281
54 66
229 283
122 197
10 268
92 296
56 179
191 196
16 237
90 191
113 271
139 188
5 285
33 128
149 239
162 255
57 145
39 184
133 205
161 225
143 157
69 200
88 265
105 143
203 233
98 187
114 156
173 199
22 36
191 198
248 278
44 214
1 287
48 200
191 226
57 295
143 198
12 287
55 215
71 193
60 291
164 279
150 238
214 216
10 151
131 138
63 231
41 91
122 200
18 88
98 100
57 153
29 68
257 261
0 152
21 131
33 164
154 199
165 183
71 86
227 254
225 290
68 185
59 83
171 268
67 129
23 186
91 272
229 268
105 120
178 281
4 197
203 211
52 147
68 175
233 295
129 210
37 66
120 278
125 247
43 255
66 193
38 210
20 161
15 34
1 193
90 199
105 293
251 252
113 126
160 185
7 96
73 249
69 126
73 250
112 257
139 230
151 178
64 140
155 250
150 251
101 240
150 206
153 285
98 210
31 147
10 38
243 259
80 114
192 195
175 274
15 17
223 293
24 218
219 230
192 274
6 70
39 132
35 96
92 260
157 172
52 74
117 197
139 292
156 224
59 67
175 282
60 94
6 294
215 288
88 232
247 272
44 220
59 64
56 216
130 289
20 158
79 212
55 202
120 261
122 296
183 296
54 90
57 229
43 247
27 298
35 298
8 299
58 94
124 150
26 113
32 47
173 259
79 167
187 289
75 183
217 224
206 237
32 274
205 273
60 293
23 59
1 117
125 170
239 299
162 254
29 188
34 75
71 161
47 258
79 247
5 53
211 280
40 78
101 204
151 205
21 218
82 237
73 270
236 265
36 151
220 276
6 180
3 51
61 167
103 246
8 108
0 288
19 130
28 223
180 232
5 150
15 88
88 275
76 293
176 227
152 265
160 271
215 255
16 138
18 137
25 127
65 189
19 198
146 174
78 251
54 154
69 83
111 242
70 210
138 156
50 121
262 291
92 298
177 282
15 248
92 119
8 127
25 157
3 28
31 199
6 133
185 217
75 179
37 80
2 288
52 176
109 219
66 253
217 295
107 243
70 76
167 286
96 247
47 289
123 279
53 164
92 181
96 224
98 218
146 212
21 202
65 268
35 274
261 263
71 259
81 288
186 229
175 235
214 277
30 50
131 194
227 263
118 182
25 30
80 227
103 198
129 247
233 262
56 91
211 273
55 256
142 251
187 284
13 18
101 120
44 232
7 15
133 211
236 241
22 216
19 215
214 220
201 205
44 177
202 261
7 218
257 259
112 242
130 146
247 255
18 232
111 143
104 203
132 171
99 178
150 243
14 144
55 243
69 188
195 197
39 155
151 154
0 149
34 156
0 37
260 284
107 123
62 179
11 227
106 234
163 177
8 229
21 116
224 261
121 237
156 276
63 276
177 179
115 265
34 115
151 161
31 169
96 276
94 210
254 257
139 263
186 212
131 162
68 173
81 284
12 44
144 275
190 260
241 276
127 295
22 279
191 209
10 185
46 147
62 286
0 61
192 198
199 260
56 204
49 211
31 153
9 272
136 181
20 203
167 229
146 177
114 238
34 261
148 284
97 299
148 197
63 289
1 20
14 276
57 226
25 140
86 131
13 165
185 275
142 268
114 115
72 228
105 106
89 241
240 254
154 186
189 227
261 270
228 284
37 237
210 263
94 177
42 101
76 107
75 227
41 219
242 291
21 47
103 188
126 254
143 257
53 227
33 104
42 212
70 174
57 248
42 127
235 270
206 255
63 249
137 249
49 98
151 237
106 201
116 210
221 249
54 190
154 255
77 148
28 205
49 77
63 120
50 228
142 235
256 257
185 205
94 286
3 246
223 256
52 91
53 167
13 109
20 107
7 263
97 291
175 212
28 92
47 73
78 189
35 60
146 297
241 292
283 296
239 259
4 291
44 115
32 204
135 295
211 285
39 176
160 183
204 259
256 282
69 148
46 69
62 66
39 50
110 278
9 114
21 111
38 118
122 227
22 114
118 285
99 157
11 161
65 92
101 270
100 118
169 170
217 236
256 283
38 93
99 235
8 260
50 211
126 190
172 200
4 42
156 186
99 199
44 167
138 217
17 145
8 15
225 238
3 222
42 234
67 169
27 141
104 229
56 77
2 294
51 256
44 194
207 296
46 74
40 263
185 264
32 273
22 200
203 250
184 296
64 297
105 191
35 91
221 295
42 143
151 223
93 267
46 52
92 263
3 178
107 143
139 240
168 192
118 161
96 158
55 145
160 274
36 65
32 247
38 90
13 126
271 294
40 281
184 201
52 291
96 292
182 264
43 185
33 135
190 253
227 230
102 267
51 135
229 244
149 238
182 200
223 278
176 282
25 205
27 87
264 289
124 183
188 297
66 279
168 169
246 265
23 49
100 267
1 278
178 206
183 236
114 153
82 151
96 108
107 175
148 196
131 139
71 91
168 239
12 166
35 204
57 216
55 246
58 261
177 294
82 197
100 108
164 256
23 209
157 184
23 172
40 197
111 212
51 53
7 298
140 266
64 195
175 213
158 221
81 224
89 258
89 219
164 273
36 76
116 297
261 285
78 228
31 145
131 143
23 38
155 162
127 271
82 179
3 269
37 193
48 136
34 225
199 267
96 199
248 287
25 264
244 261
103 106
275 286
1 66
61 163
55 290
11 212
1 110
205 246
101 291
69 171
122 242
217 282
122 233
7 83
162 178
189 205
148 243
209 271
106 244
149 294
258 299
160 161
117 259
61 107
31 109
103 182
151 153
85 276
111 262
6 53
168 206
191 296
102 168
136 162
187 251
112 172
49 131
208 229
90 244
178 239
145 194
31 81
121 166
176 232
180 234
37 100
33 141
61 292
136 180
139 275
67 147
3 168
30 285
27 77
68 75
21 205
213 287
53 86
205 281
71 85
108 215
108 238
142 230
30 221
110 196
221 229
43 225
126 150
262 279
89 153
47 110
13 111
97 216
54 99
170 197
164 192
31 130
225 273
60 246
143 228
151 238
1 153
64 167
269 280
80 257
68 80
93 177
36 192
233 284
115 176
97 198
6 122
78 121
92 264
58 243
212 254
71 297
29 131
40 88
120 161
208 254
50 244
34 199
66 177
27 262
20 264
87 201
217 230
38 275
45 225
239 274
71 116
56 156
159 217
68 277
79 224
12 123
113 242
127 189
21 153
147 274
37 292
49 209
19 87
184 244
0 271
27 195
106 209
238 296
220 226
17 239
43 130
9 254
156 189
181 280
29 193
90 212
27 169
53 208
203 231
54 98
15 258
255 256
183 253
227 270
174 271
107 152
7 161
113 197
17 93
130 262
175 221
44 174
0 134
97 203
66 203
53 76
9 218
83 171
11 244
118 141
34 293
41 225
90 206
223 290
121 236
111 185
94 155
4 246
49 64
102 260
140 178
102 108
235 295
21 226
114 247
223 230
108 278
41 72
248 272
218 270
253 267
34 213
69 174
143 232
150 245
40 85
19 293
34 158
223 273
217 281
78 204
56 200
65 293
37 180
98 242
7 247
93 117
160 186
55 267
118 170
53 263
46 255
114 282
80 205
113 139
174 217
70 74
25 135
120 205
62 224
55 283
9 172
76 221
95 110
276 280
81 265
29 127
87 259
226 286
125 161
195 287
82 220
107 177
58 221
93 232
104 230
169 203
214 264
232 246
13 282
203 242
23 193
42 204
10 20
29 223
215 276
187 210
70 110
64 168
291 296
261 274
152 182
118 229
161 199
64 181
58 175
120 136
24 92
54 198
15 165
30 277
52 141
99 116
61 143
75 164
16 169
98 257
134 156
250 260
89 187
61 225
7 195
31 103
39 53
85 106
168 218
135 270
61 235
138 174
2 130
249 299
70 207
97 204
57 115
205 207
20 296
3 182
215 286
87 254
91 224
10 60
92 195
32 205
171 182
12 80
29 225
11 296
161 288
156 252
159 270
113 267
179 295
22 146
33 109
100 125
34 212
178 187
84 94
142 216
68 107
38 116
68 83
54 194
7 228
21 159
2 43
6 88
158 205
213 239
123 152
35 117
123 253
18 181
40 169
138 167
211 254
205 294
22 151
2 100
121 158
162 212
217 220
0 122
130 265
5 113
169 230
92 293
236 274
14 201
24 277
155 281
24 177
124 132
42 180
94 298
7 267
59 66
141 248
77 254
246 254
46 236
172 239
2 72
30 87
106 203
64 110
88 288
213 272
67 220
66 263
126 230
132 185
71 80
14 25
86 261
13 185
186 252
44 268
74 262
73 161
1 214
113 187
85 266
6 229
132 151
35 159
17 282
32 167
59 254
45 73
139 297
11 148
4 31
19 245
20 92
107 205
126 259
42 265
55 193
97 267
166 228
95 249
9 250
101 295
134 292
45 145
101 141
138 228
33 120
212 296
103 105
64 169
211 229
29 37
156 178
4 136
45 253
43 148
78 88
45 271
189 273
62 109
59 105
164 274
196 260
229 242
10 159
16 279
35 189
55 281
76 222
52 255
75 106
78 184
137 168
41 194
53 54
35 90
47 250
26 45
18 286
113 170
154 272
33 261
30 268
85 247
21 160
53 152
96 273
137 289
95 167
10 242
130 290
176 260
30 68
162 182
135 252
11 88
49 141
44 223
17 181
91 222
41 275
189 243
0 284
78 168
21 80
178 210
11 190
79 138
53 272
13 224
101 188
84 202
4 272
227 266
59 63
58 254
7 249
42 79
174 175
100 105
85 163
47 275
19 295
8 28
243 268
162 283
49 116
68 106
34 88
85 203
91 145
146 261
56 98
25 226
26 230
67 130
95 237
123 248
244 297
92 211
193 227
28 47
168 299
81 84
124 279
85 176
26 125
51 193
130 234
72 243
38 164
9 164
6 160
88 270
199 298
218 269
35 42
0 263
125 128
42 73
59 249
80 193
131 244
192 283
161 197
21 250
220 255
161 207
49 218
137 158
70 245
70 179
59 261
3 195
124 185
134 149
183 229
66 79
115 226
87 258
64 209
20 160
22 129
100 279
123 189
245 289
186 220
32 262
202 217
51 139
51 74
33 131
99 298
46 62
60 258
134 242
32 113
42 155
31 54
100 241
3 167
35 140
95 130
21 252
4 198
95 231
187 236
185 190
148 299
134 247
31 90
47 271
6 141
34 259
162 285
15 257
216 254
107 246
34 139
138 147
146 234
24 77
24 178
13 117
130 281
177 208
219 252
168 258
60 255
269 274
240 284
156 284
230 238
15 129
16 163
2 20
9 44
79 187
93 120
56 250
126 265
78 179
48 184
88 297
3 110
243 271
94 255
85 151
167 237
5 266
30 38
8 91
135 139
31 255
87 284
110 206
52 85
240 289
81 185
188 286
191 257
37 183
35 265
174 254
141 202
20 179
66 75
158 159
22 196
246 280
50 58
117 299
3 39
25 132
23 243
0 112
162 287
64 254
180 266
100 111
227 286
178 198
86 200
152 232
49 134
174 203
35 104
48 251
110 286
175 275
37 38
262 293
153 194
5 11
5 298
232 235
70 248
42 187
119 154
246 289
202 221
25 215
166 289
73 100
153 248
75 243
37 89
236 242
0 283
40 247
50 180
28 298
2 215
92 157
87 90
60 198
113 292
85 282
31 211
82 236
209 211
180 249
50 168
85 191
168 191
177 270
123 205
125 268
60 173
12 282
151 232
72 195
97 209
177 181
11 120
32 117
49 272
22 281
218 224
107 138
115 285
109 238
129 242
115 116
150 242
