300 2000
62
23
92
56
109
112
33
68
90
116
113
76
24
79
50
88
20
92
35
71
38
108
68
67
57
43
119
89
112
37
100
54
40
73
42
29
117
107
30
87
55
75
95
59
35
25
80
35
49
95
38
119
83
38
66
20
61
117
89
53
34
70
40
54
75
62
116
72
50
26
91
37
81
66
77
48
71
37
115
52
64
34
51
27
52
49
79
46
47
101
31
61
103
51
48
110
46
44
62
28
102
85
45
115
83
102
44
86
71
39
118
67
105
49
74
90
78
86
116
57
67
27
99
50
111
27
92
37
103
86
97
85
51
22
80
66
57
56
32
60
28
30
108
113
111
114
83
21
80
31
59
27
91
90
109
82
49
33
51
84
99
80
49
30
82
61
76
71
50
40
112
58
102
52
103
45
46
119
47
107
30
38
66
101
60
108
115
89
21
98
53
101
58
34
63
73
27
72
24
57
92
68
47
75
100
31
100
27
30
79
66
92
49
112
26
89
52
73
110
106
104
43
87
42
109
82
47
69
34
104
106
107
52
86
114
85
97
46
92
59
58
90
83
87
34
89
57
67
43
47
53
27
23
72
101
64
34
81
113
49
65
52
88
49
118
34
114
47
60
38
86
98
108
49
118
23
71
55
70
94
34
55
53
37
107
86
34
73
47
27
102
44
59
22
74
57
36
20
84
29
198 255
27 99
137 145
51 284
73 74
90 210
108 282
271 282
132 239
57 250
246 298
6 25
110 227
77 171
124 126
74 181
81 208
225 278
97 277
172 262
50 225
14 84
85 285
118 269
224 228
219 222
88 247
118 205
81 166
99 296
130 155
60 80
157 160
109 123
81 212
95 100
48 237
132 219
109 207
126 147
31 125
104 279
9 265
149 183
90 146
283 297
28 43
129 188
239 252
11 34
163 203
129 251
14 101
8 222
69 123
154 186
246 290
185 264
35 299
141 147
130 233
138 261
225 268
149 178
213 259
212 214
76 93
217 229
107 140
237 282
124 261
137 208
74 114
166 172
71 109
7 94
198 202
55 179
218 257
57 177
21 170
91 298
8 115
274 280
200 217
162 257
93 146
122 260
46 220
82 178
117 237
19 176
135 284
53 199
8 293
215 282
30 125
197 265
186 245
86 223
180 215
8 248
70 78
20 299
116 250
133 286
61 188
5 75
97 256
90 129
17 163
5 99
41 271
227 296
219 268
13 183
14 152
230 244
136 264
5 281
114 267
155 291
48 176
230 273
57 111
74 116
27 121
68 173
144 221
113 295
60 192
44 296
126 292
27 263
8 257
268 276
11 123
51 131
59 113
76 116
192 225
242 252
66 115
72 210
67 88
75 281
124 179
6 77
104 116
125 269
113 289
101 288
0 232
39 111
98 115
23 280
60 222
27 126
90 99
36 178
164 218
97 211
288 289
103 156
93 124
258 282
83 165
217 246
37 68
29 166
61 205
241 265
268 283
91 125
119 179
4 37
43 215
83 134
204 290
50 240
166 222
8 32
7 57
1 177
82 96
1 95
36 143
18 179
56 161
4 227
8 41
151 276
220 232
141 160
34 59
43 134
143 243
102 145
173 198
268 279
123 252
22 57
2 165
58 184
93 277
57 119
95 113
33 260
79 153
114 245
131 213
56 209
11 75
0 253
233 261
265 268
77 108
162 288
224 243
36 220
39 201
66 145
158 186
152 266
11 97
80 224
281 289
33 108
38 52
65 108
23 128
31 131
71 206
45 149
47 266
0 237
5 134
66 244
218 292
4 210
42 68
101 280
65 83
135 209
69 156
179 252
35 197
63 155
106 108
56 205
74 293
132 205
24 180
76 224
38 294
114 228
80 261
163 215
78 176
50 234
2 245
166 195
38 229
50 196
89 107
102 216
59 152
48 84
135 176
9 130
266 289
46 296
250 264
81 261
11 140
67 138
65 233
85 103
135 214
4 52
206 294
199 220
20 265
153 283
248 292
214 283
31 282
260 284
273 295
65 136
185 284
26 49
111 118
33 205
257 298
45 89
9 215
180 244
81 227
29 33
68 272
6 295
7 100
95 290
108 280
264 283
61 293
65 163
22 172
196 223
31 37
246 268
98 264
179 243
212 260
33 215
221 255
185 262
32 264
72 294
16 258
77 117
76 280
2 98
229 277
182 266
128 245
65 261
7 296
204 272
120 257
5 264
93 190
57 279
273 274
129 290
284 298
60 120
174 279
210 260
92 151
148 278
95 221
161 280
65 92
101 252
237 257
31 65
96 199
88 174
70 270
54 216
88 268
166 299
14 76
11 217
221 290
65 194
85 278
174 229
44 127
30 281
136 148
12 88
153 244
14 262
175 230
120 195
71 286
85 195
63 206
3 36
120 248
34 230
99 104
15 195
46 231
120 176
241 246
190 208
146 222
21 257
77 152
216 223
64 163
61 179
64 122
70 215
145 236
87 156
1 172
233 282
159 270
53 216
152 261
106 298
115 183
19 87
193 287
9 63
151 176
188 273
155 240
43 228
0 252
1 16
124 298
94 286
91 209
10 113
104 168
182 284
179 229
222 242
73 238
118 126
46 110
33 141
33 90
145 158
86 269
125 157
115 118
177 268
125 232
95 98
134 164
30 95
63 252
1 37
25 207
123 179
69 212
16 212
162 297
70 135
183 279
51 260
98 281
82 228
78 106
177 270
212 259
66 275
155 211
236 276
115 207
111 236
119 128
116 200
42 271
252 277
2 264
28 100
9 297
103 234
87 164
52 126
123 244
27 35
56 151
18 23
187 263
135 255
15 207
109 251
178 255
86 181
167 272
33 269
20 176
15 125
184 251
59 67
147 195
46 146
170 203
65 166
57 72
1 124
5 279
210 285
12 123
228 290
58 218
183 248
184 286
53 134
81 244
142 200
155 179
12 296
22 121
68 75
100 297
132 282
62 197
106 205
148 233
133 291
67 134
53 226
18 112
14 158
111 193
73 157
221 266
40 69
43 190
40 168
42 52
75 104
233 249
9 235
81 194
200 278
28 205
17 164
165 263
22 27
36 293
157 244
34 39
99 254
131 141
6 258
245 256
6 191
243 273
221 253
33 225
178 231
132 196
147 298
159 174
72 247
68 167
104 253
159 204
259 291
45 266
43 249
193 274
101 217
54 166
143 190
69 88
74 272
221 265
22 176
95 123
15 163
20 279
23 235
66 280
33 298
67 76
260 272
177 241
178 284
22 131
72 200
44 148
70 165
67 93
214 217
216 284
129 248
57 204
37 183
216 270
87 90
59 292
102 222
0 33
131 206
30 55
84 203
1 126
25 245
95 295
63 159
279 289
11 36
193 195
125 216
163 212
58 208
23 160
75 130
88 193
0 259
43 170
256 296
44 281
139 242
28 153
8 203
142 266
88 96
213 274
56 77
114 238
262 285
26 167
37 272
255 296
177 272
39 280
136 173
14 167
42 275
21 230
102 163
197 199
3 162
59 225
163 239
173 224
125 252
143 215
150 224
211 248
3 27
201 229
139 243
68 166
89 285
88 149
5 46
8 39
208 264
120 200
45 127
5 176
20 297
220 221
170 183
170 198
151 238
77 151
94 271
131 296
113 145
170 271
10 243
203 230
26 50
103 206
96 280
93 211
52 131
67 274
66 289
5 172
75 140
82 286
99 130
117 212
89 275
82 218
12 151
122 178
115 277
84 211
9 47
56 61
36 296
164 260
1 56
88 136
42 187
212 266
151 294
1 285
204 212
49 86
116 218
125 127
17 184
239 247
59 275
244 276
287 297
32 75
127 133
39 165
92 146
110 150
200 296
131 249
65 116
101 244
171 242
180 181
118 239
114 156
144 267
52 112
271 297
179 286
149 270
47 203
54 62
110 158
6 159
174 293
147 276
118 218
18 50
100 136
256 290
3 9
115 152
61 176
164 240
14 162
117 210
24 113
171 271
187 229
180 182
104 158
27 274
77 97
25 177
67 286
185 289
76 90
156 190
20 266
86 145
200 297
169 221
56 223
106 202
6 289
68 264
33 93
110 166
152 270
177 208
5 141
49 298
16 195
69 78
156 196
245 275
56 144
31 218
121 253
137 242
127 154
10 212
228 247
22 270
80 199
228 257
22 204
144 244
34 192
0 9
108 189
108 206
139 159
29 229
108 153
163 183
21 182
95 144
204 224
47 134
4 250
62 272
58 260
116 295
2 168
56 244
28 262
52 168
33 121
197 274
132 193
190 266
14 86
62 219
10 109
53 260
113 168
125 285
153 278
33 120
22 177
50 277
81 191
13 270
114 219
39 59
103 281
26 170
89 130
194 197
62 142
114 127
93 187
60 281
55 178
155 289
157 180
128 236
102 245
37 99
161 203
70 187
73 138
214 275
20 224
160 162
27 38
42 278
75 172
38 50
79 130
205 287
141 259
167 205
19 243
156 294
64 274
44 47
71 254
13 274
48 173
86 189
200 231
64 72
6 154
122 188
79 233
193 227
147 220
150 215
144 166
124 192
168 208
252 291
39 189
78 177
130 178
61 242
119 254
129 149
7 82
208 287
27 181
177 186
104 148
73 272
34 296
192 235
184 249
138 239
168 275
153 269
30 298
5 148
150 297
134 209
42 131
159 248
134 223
88 124
214 238
96 234
248 289
197 221
160 225
35 252
4 81
106 131
6 87
136 289
55 270
186 250
65 199
40 97
33 238
24 164
13 152
100 258
2 232
279 297
84 144
225 231
89 141
57 280
147 245
202 269
170 290
125 256
42 228
80 280
55 290
109 232
222 281
66 71
44 259
101 161
8 291
99 260
67 263
156 231
152 154
146 277
75 110
19 90
74 207
132 140
107 235
23 121
174 239
147 270
8 198
72 189
68 223
83 201
185 290
142 239
39 86
149 171
213 243
120 291
69 175
5 12
134 282
28 208
73 175
24 179
3 235
56 265
167 226
139 216
110 143
182 292
35 276
46 54
67 210
51 193
131 253
26 101
59 280
50 294
16 35
102 261
235 242
39 229
73 91
42 182
125 226
101 276
13 82
147 223
149 250
154 168
22 82
141 181
54 283
90 187
51 290
51 286
281 284
57 77
11 72
151 249
179 289
2 51
250 261
163 226
146 253
17 35
168 250
223 228
167 234
13 285
116 157
24 193
149 153
2 274
153 165
206 223
26 84
98 209
187 277
261 282
30 33
69 202
281 297
177 267
216 242
4 126
58 80
19 260
22 234
151 234
157 227
12 57
184 266
110 213
123 153
195 239
153 264
186 193
13 70
153 229
64 158
55 122
75 238
134 224
68 149
76 127
185 226
88 162
203 250
75 109
22 73
48 279
38 293
51 165
19 63
32 127
88 229
1 219
136 215
64 144
256 271
192 234
33 208
96 164
223 283
109 273
73 245
88 283
66 253
24 119
5 8
61 259
225 226
121 249
42 258
144 234
105 192
267 289
3 269
242 264
112 262
67 200
133 297
84 205
14 282
74 255
266 287
187 264
189 192
85 286
147 282
39 220
87 240
56 80
45 243
50 55
7 117
4 7
212 250
16 140
95 194
142 234
29 61
5 198
36 218
65 291
18 264
157 204
213 237
254 263
41 132
46 261
82 225
150 186
34 172
106 292
21 147
56 153
92 292
109 196
19 266
116 204
15 232
238 247
21 280
79 282
78 213
16 260
115 132
102 107
250 290
46 181
155 173
103 139
1 34
21 132
5 257
200 247
84 227
57 256
50 216
126 165
48 228
90 273
178 206
85 136
79 275
165 189
29 205
102 166
89 175
107 289
112 123
102 211
167 249
212 299
38 135
164 235
137 266
25 197
43 161
174 282
171 189
92 270
128 258
72 218
186 231
96 170
45 163
75 89
44 276
113 208
132 211
98 288
29 193
11 202
91 120
212 235
113 115
185 222
168 293
221 264
85 215
57 61
157 212
78 85
49 118
210 216
37 291
161 239
2 281
82 289
195 245
105 168
132 190
1 28
235 250
17 151
79 87
260 299
97 288
106 129
39 146
74 184
30 236
85 175
258 269
126 215
153 231
135 286
163 174
39 109
56 165
12 252
24 187
4 176
122 133
268 282
57 225
7 152
28 45
14 144
38 271
191 281
116 254
128 229
32 268
197 290
2 77
16 202
27 258
149 244
143 279
117 120
22 88
128 133
24 102
140 199
47 181
54 83
13 297
81 182
33 172
31 162
227 285
179 254
123 243
86 103
102 272
190 259
46 87
75 148
163 275
40 211
124 156
205 265
189 199
274 287
18 124
51 137
3 68
57 298
191 212
46 136
95 184
283 288
64 234
98 183
39 224
61 247
26 100
41 152
191 277
15 101
204 261
16 204
261 272
66 164
173 203
110 262
50 250
145 285
28 66
105 135
196 252
104 274
9 145
3 200
157 213
117 214
61 230
75 90
6 297
162 268
2 270
7 39
36 37
174 194
40 122
51 145
60 148
152 290
12 255
9 226
73 122
163 209
197 258
221 250
241 262
112 264
120 211
0 56
208 282
195 248
105 298
93 253
58 136
70 157
91 166
49 216
10 289
131 238
52 268
188 282
53 293
205 246
54 225
133 257
37 204
133 142
202 279
147 260
57 167
10 83
184 223
227 264
58 194
203 214
111 143
194 248
113 173
71 249
58 286
192 275
180 230
79 223
90 190
25 136
100 112
27 209
76 155
31 138
1 69
227 265
157 175
160 271
94 159
69 199
103 131
26 51
210 294
99 168
19 269
211 281
39 48
136 238
123 206
50 239
97 223
135 277
78 120
214 296
247 290
35 145
78 87
224 289
81 92
140 152
51 113
133 162
22 142
100 265
40 280
15 203
45 189
9 91
123 139
165 275
10 87
11 165
149 235
206 282
27 46
135 141
20 97
55 240
42 207
74 257
25 299
30 188
70 121
245 249
224 260
99 111
122 287
188 265
109 171
171 188
6 218
67 81
78 136
59 173
17 44
95 247
42 277
112 284
150 285
109 163
220 262
249 262
94 227
137 203
60 151
69 144
66 225
188 197
114 248
70 158
5 17
47 111
223 289
27 197
32 60
5 289
23 290
2 99
153 240
199 274
58 124
163 255
163 290
25 148
43 180
206 291
90 195
39 266
50 274
100 263
107 175
253 259
133 177
14 31
125 265
57 183
141 272
132 139
135 216
32 67
11 238
110 153
128 186
160 193
231 293
38 124
129 168
97 297
14 63
139 180
80 238
23 222
210 214
98 106
130 138
142 217
77 80
15 47
208 240
175 191
51 285
205 282
31 233
3 247
95 183
87 175
162 173
136 149
128 255
258 286
146 203
152 275
200 283
244 290
140 217
135 178
21 117
83 254
138 149
201 296
40 74
223 247
73 254
82 135
80 121
93 226
77 245
60 201
191 197
56 90
161 192
182 268
61 103
136 210
89 242
15 182
7 136
151 271
24 87
14 64
61 101
214 215
11 159
101 270
20 214
121 202
224 276
90 238
179 218
249 286
61 131
2 250
138 205
225 273
89 229
31 291
202 259
213 297
19 118
66 190
234 239
92 262
182 216
134 252
113 201
121 227
84 175
222 229
80 202
9 200
43 243
92 245
89 202
20 211
109 277
95 210
54 269
109 185
61 288
71 102
15 244
81 99
10 119
74 199
264 274
7 261
53 217
4 120
195 215
56 192
155 245
151 214
260 261
151 250
73 222
88 104
219 237
38 240
14 247
263 290
40 251
257 270
4 26
129 199
74 242
239 255
158 281
205 242
56 118
30 244
84 100
37 249
24 40
36 38
30 299
78 281
21 88
48 285
237 269
42 95
244 281
76 103
71 186
273 294
67 217
76 220
2 78
26 257
46 170
117 200
45 247
119 233
35 270
57 219
207 261
152 294
255 281
104 232
226 280
171 198
54 91
132 252
30 101
2 147
147 254
95 244
115 187
158 182
34 291
117 295
196 269
177 289
221 276
9 33
199 204
207 254
48 211
138 201
193 241
48 141
44 199
87 236
160 170
194 297
114 214
110 242
136 231
39 164
72 205
104 225
28 132
76 110
1 43
37 277
77 246
145 178
122 166
34 284
33 88
2 280
200 222
88 112
151 206
111 252
178 275
4 267
62 78
80 158
110 131
77 195
125 187
61 274
79 147
128 292
82 192
50 246
256 280
119 125
87 215
29 129
217 262
48 239
124 134
63 177
11 151
2 177
24 162
82 207
152 216
99 255
132 162
64 263
83 169
136 190
71 170
139 217
85 157
209 239
43 168
55 273
19 150
57 234
191 226
107 292
22 86
49 124
45 86
132 276
54 233
100 151
185 245
8 184
51 147
52 172
106 124
74 216
0 58
107 199
131 215
191 217
68 237
19 23
165 203
52 99
10 204
250 255
10 89
192 236
61 296
108 220
120 234
136 230
235 295
118 129
73 262
36 199
107 193
58 275
10 79
20 209
211 283
28 124
35 113
268 273
7 89
195 208
19 143
190 201
153 261
104 219
131 208
29 271
210 291
245 291
71 202
70 176
43 183
12 211
208 218
116 153
113 172
3 11
25 125
203 208
13 74
35 174
144 256
6 107
49 247
104 149
121 174
77 216
109 288
18 228
81 206
6 198
127 183
35 223
49 87
13 48
84 245
90 269
104 216
192 208
13 118
135 195
281 296
210 236
14 194
43 201
49 266
93 151
74 285
72 180
123 281
85 260
55 226
50 82
23 294
193 290
59 125
41 89
77 122
188 251
271 294
141 237
96 292
81 82
118 263
42 296
254 274
56 97
56 173
46 51
66 110
207 224
98 151
102 284
256 286
149 180
245 297
28 224
43 78
35 43
37 39
77 291
13 227
47 121
98 100
167 218
143 209
60 178
214 241
215 280
116 170
168 212
136 165
248 295
179 291
30 268
82 107
147 259
20 186
157 187
118 157
35 83
76 231
198 249
56 172
66 268
40 231
40 105
36 226
31 256
57 165
68 115
64 202
84 127
37 140
23 297
158 207
84 138
34 235
88 291
154 258
12 50
137 169
63 90
173 257
14 71
83 154
141 210
281 290
13 299
207 279
63 172
97 107
149 186
150 159
92 214
209 230
83 299
41 293
117 172
107 262
4 190
145 168
153 158
178 204
157 224
111 148
209 273
7 174
147 209
34 239
124 243
169 259
215 295
0 219
32 160
88 182
102 285
7 13
21 237
75 137
46 284
144 220
105 183
123 254
229 250
44 189
11 245
164 241
43 153
253 256
168 263
32 266
227 255
3 105
39 288
71 223
78 93
75 98
80 194
16 77
9 206
1 241
92 163
119 185
45 53
63 134
62 85
18 190
117 162
93 156
150 217
79 295
47 229
122 127
124 138
30 204
197 200
31 63
268 289
86 234
22 120
149 159
167 182
102 299
81 195
208 283
164 287
31 211
38 93
44 242
192 206
59 181
175 293
20 249
113 169
48 108
89 262
99 170
7 210
74 206
47 237
16 286
24 90
109 186
19 284
130 211
241 242
144 169
164 234
100 170
31 86
148 227
247 293
149 203
7 55
106 278
264 292
122 135
40 283
21 59
19 204
13 22
145 167
80 183
53 83
169 232
80 136
130 148
79 298
85 138
53 63
98 244
66 79
120 233
101 254
120 231
158 254
56 134
69 173
188 256
120 174
11 178
26 252
31 193
76 278
130 170
42 166
173 228
213 285
86 293
167 277
78 259
145 231
134 156
22 214
88 164
94 142
94 151
44 173
177 249
23 99
79 117
59 266
