300 300
92
88
115
26
20
27
110
115
100
28
103
84
113
81
85
83
92
42
116
43
51
57
88
66
118
84
99
99
63
32
80
35
53
75
41
105
82
84
52
114
92
36
78
37
97
96
100
22
118
49
97
102
86
65
48
85
81
27
116
24
92
77
40
25
84
113
110
99
77
94
93
49
110
104
118
40
80
99
94
30
80
71
112
98
68
41
115
81
100
112
85
72
21
57
77
85
51
119
116
108
94
90
90
36
74
88
108
86
119
34
96
31
37
41
110
85
114
105
98
94
49
64
47
50
101
56
68
32
108
64
73
82
34
95
50
40
115
91
106
115
105
83
26
23
56
68
40
50
54
119
24
35
115
51
66
96
40
66
61
28
110
66
42
77
41
72
97
36
43
84
83
81
99
42
84
35
90
56
65
76
107
21
92
102
53
90
79
73
36
72
81
26
118
103
35
39
107
113
107
83
29
71
96
108
93
60
75
63
48
20
72
36
21
44
118
106
114
29
111
30
33
24
88
31
59
104
102
99
49
42
62
58
93
38
46
66
30
53
61
110
53
65
78
106
89
77
45
35
38
88
97
52
45
118
115
84
54
50
115
83
72
57
21
45
27
99
43
89
32
36
32
117
82
90
55
103
99
80
71
118
101
48
102
26
98
97
90
32
79
86
95
31
75
96
56
35
27
31
56
39
198 255
27 99
137 145
51 284
73 74
90 210
108 282
271 282
132 239
57 250
246 298
6 25
110 227
77 171
124 126
74 181
81 208
225 278
97 277
172 262
50 225
14 84
85 285
118 269
224 228
219 222
88 247
118 205
81 166
99 296
130 155
60 80
157 160
109 123
81 212
95 100
48 237
132 219
109 207
126 147
31 125
104 279
9 265
149 183
90 146
283 297
28 43
129 188
239 252
11 34
163 203
129 251
14 101
8 222
69 123
154 186
246 290
185 264
35 299
141 147
130 233
138 261
225 268
149 178
213 259
212 214
76 93
217 229
107 140
237 282
124 261
137 208
74 114
166 172
71 109
7 94
198 202
55 179
218 257
57 177
21 170
91 298
8 115
274 280
200 217
162 257
93 146
122 260
46 220
82 178
117 237
19 176
135 284
53 199
8 293
215 282
30 125
197 265
186 245
86 223
180 215
8 248
70 78
20 299
116 250
133 286
61 188
5 75
97 256
90 129
17 163
5 99
41 271
227 296
219 268
13 183
14 152
230 244
136 264
5 281
114 267
155 291
48 176
230 273
57 111
74 116
27 121
68 173
144 221
113 295
60 192
44 296
126 292
27 263
8 257
268 276
11 123
51 131
59 113
76 116
192 225
242 252
66 115
72 210
67 88
75 281
124 179
6 77
104 116
125 269
113 289
101 288
0 232
39 111
98 115
23 280
60 222
27 126
90 99
36 178
164 218
97 211
288 289
103 156
93 124
258 282
83 165
217 246
37 68
29 166
61 205
241 265
268 283
91 125
119 179
4 37
43 215
83 134
204 290
50 240
166 222
8 32
7 57
1 177
82 96
1 95
36 143
18 179
56 161
4 227
8 41
151 276
220 232
141 160
34 59
43 134
143 243
102 145
173 198
268 279
123 252
22 57
2 165
58 184
93 277
57 119
95 113
33 260
79 153
114 245
131 213
56 209
11 75
0 253
233 261
265 268
77 108
162 288
224 243
36 220
39 201
66 145
158 186
152 266
11 97
80 224
281 289
33 108
38 52
65 108
23 128
31 131
71 206
45 149
47 266
0 237
5 134
66 244
218 292
4 210
42 68
101 280
65 83
135 209
69 156
179 252
35 197
63 155
106 108
56 205
74 293
132 205
24 180
76 224
38 294
114 228
80 261
163 215
78 176
50 234
2 245
166 195
38 229
50 196
89 107
102 216
59 152
48 84
135 176
9 130
266 289
46 296
250 264
81 261
11 140
67 138
65 233
85 103
135 214
4 52
206 294
199 220
20 265
153 283
248 292
214 283
31 282
260 284
273 295
65 136
185 284
26 49
111 118
33 205
257 298
45 89
9 215
180 244
81 227
29 33
