200 3000
98
64
64
80
104
81
117
67
67
43
22
38
50
71
72
102
106
35
118
112
53
24
58
106
30
40
55
82
111
81
90
41
77
86
102
61
47
99
61
47
74
63
65
104
66
69
38
53
85
36
97
70
40
35
109
102
107
44
117
50
57
87
72
114
53
54
108
32
85
49
59
39
44
56
23
91
106
42
76
23
110
105
25
31
72
114
113
59
90
110
90
27
29
42
74
114
28
62
27
93
43
118
112
119
107
115
90
45
89
98
100
80
35
105
43
87
52
88
27
74
31
49
82
40
23
88
87
31
82
46
56
105
96
48
104
83
95
27
60
117
57
40
77
73
78
52
92
62
20
99
116
31
80
30
104
35
98
71
46
60
97
34
45
73
62
82
89
90
41
81
87
78
102
96
83
112
28
56
106
28
87
102
92
100
65
76
115
43
27
94
84
56
108
61
61
103
75
82
73
96
82 94
32 61
63 176
87 182
25 29
137 171
80 139
36 188
54 61
31 48
35 70
58 59
89 139
137 155
44 143
10 177
42 90
18 190
58 78
1 35
59 124
172 198
8 157
18 186
18 62
18 49
30 40
108 129
15 121
18 64
11 29
102 194
23 184
33 120
14 73
68 73
192 198
72 155
0 10
14 125
95 180
21 64
124 125
47 102
121 139
63 151
57 102
5 77
125 194
8 63
83 151
82 101
76 106
8 76
85 116
43 97
107 180
58 70
31 172
57 122
93 120
25 147
30 130
124 177
40 108
59 132
123 166
112 199
72 120
28 189
5 71
38 137
108 130
113 195
52 80
35 126
61 125
25 55
2 91
131 151
63 194
118 162
30 74
69 102
49 194
43 199
33 72
2 89
84 141
67 174
89 103
14 52
77 116
69 159
32 152
26 111
15 73
96 197
118 148
52 94
47 167
40 46
81 135
22 194
19 62
108 148
0 117
33 74
78 143
110 192
47 55
63 88
129 185
12 29
16 103
22 123
64 121
62 145
9 56
28 119
23 68
88 140
68 163
98 125
58 117
8 106
49 125
6 121
34 133
35 89
110 150
14 111
32 126
40 111
30 87
68 110
98 109
50 119
72 127
17 130
178 196
36 121
27 157
13 127
43 114
102 193
165 177
159 161
43 70
1 130
22 52
40 151
42 131
3 22
39 169
85 166
17 74
39 44
167 183
26 57
81 111
58 171
29 82
19 72
104 173
3 157
43 195
60 126
38 82
7 81
118 121
91 125
165 192
135 176
84 145
154 165
8 126
37 176
147 160
65 110
113 120
22 67
82 108
98 193
26 116
58 189
145 183
80 89
100 168
65 184
20 65
73 102
78 98
58 63
173 177
98 123
38 97
98 165
111 131
47 197
55 89
34 37
69 190
91 124
37 141
27 102
113 129
11 176
39 159
22 137
97 164
2 187
152 195
52 126
15 49
105 126
56 163
47 91
32 167
22 90
109 117
22 124
47 100
158 186
8 91
7 95
82 105
52 161
14 187
2 179
15 57
72 107
20 151
4 119
9 118
27 178
78 103
2 125
155 188
36 47
83 148
5 6
166 168
58 105
182 189
59 197
46 167
18 69
118 140
174 188
101 153
16 180
56 170
57 163
93 110
58 162
129 169
15 47
73 137
119 152
11 14
12 68
90 130
0 30
157 182
84 189
110 157
16 118
25 127
37 81
71 196
0 47
62 165
88 199
102 173
41 162
45 67
97 131
45 114
6 186
116 150
118 143
22 186
20 143
59 166
16 58
166 181
13 121
35 161
8 164
15 79
49 82
124 133
121 132
138 199
101 108
7 51
19 145
74 114
85 165
81 133
96 199
66 169
101 165
81 130
97 109
111 160
36 180
64 196
147 158
2 66
48 161
19 69
95 107
24 85
133 166
29 158
24 166
131 198
78 80
12 139
125 177
2 109
161 198
119 173
97 176
97 137
89 159
116 196
2 54
21 187
120 131
38 168
155 166
169 185
46 134
125 176
11 127
85 172
59 78
44 175
133 187
73 76
92 141
25 99
46 95
16 38
7 129
54 84
62 147
73 100
26 137
104 197
193 196
32 183
57 127
12 171
37 150
46 70
35 61
62 164
0 68
44 145
22 69
58 121
121 131
59 148
52 129
7 74
36 143
1 93
125 155
144 196
42 195
56 179
95 104
76 124
95 174
179 195
39 117
111 139
128 192
87 144
66 180
20 30
22 145
81 92
12 64
101 120
107 129
3 196
103 117
73 99
64 97
160 168
4 48
100 152
135 170
80 166
58 142
39 103
32 137
96 132
149 185
57 168
114 117
12 170
21 131
53 141
57 91
189 195
76 109
118 190
60 194
0 98
33 100
184 187
81 88
50 121
97 187
109 119
109 153
98 130
85 152
71 128
12 161
71 76
89 194
13 83
6 13
58 133
46 120
42 128
115 161
58 130
49 103
12 120
2 18
39 95
166 170
84 120
131 196
20 155
168 190
55 196
141 181
55 180
13 49
108 174
165 190
20 33
39 153
184 193
79 171
33 94
153 198
129 178
85 149
91 101
5 108
87 138
49 94
63 118
96 178
37 61
70 168
7 33
17 175
1 147
97 186
47 193
91 123
8 29
83 165
122 137
103 139
22 169
2 65
0 39
78 169
62 111
37 128
80 129
129 136
67 129
158 176
4 104
12 102
85 137
175 177
12 33
114 181
55 116
7 198
76 107
169 176
105 187
7 19
95 186
6 149
25 125
29 116
19 182
67 194
108 123
42 120
108 156
101 163
99 176
84 171
99 127
53 66
12 156
86 143
35 108
85 101
17 112
66 94
12 188
97 162
136 156
44 169
17 23
8 193
122 131
2 77
30 83
68 187
47 154
82 155
141 183
54 192
11 152
93 148
23 62
111 142
111 171
108 188
116 134
9 181
11 47
31 94
16 141
98 186
49 79
33 193
133 186
4 34
31 180
96 173
67 91
84 199
7 171
67 141
143 152
96 198
64 174
91 112
115 140
148 192
86 125
42 86
117 159
8 22
42 66
27 127
17 187
50 85
30 128
32 103
151 173
30 147
121 168
60 83
31 100
118 129
41 142
117 187
1 30
28 183
0 109
15 159
37 95
127 141
44 114
13 157
12 31
73 95
45 77
79 97
149 159
152 191
60 136
118 153
43 133
27 44
101 138
33 196
79 126
124 145
33 171
135 159
64 184
31 61
14 110
110 125
54 59
77 147
114 182
66 158
45 115
16 154
136 187
15 165
41 114
37 113
72 74
91 172
8 155
152 174
15 17
28 99
69 128
176 183
110 194
93 178
39 199
146 175
111 187
53 143
8 152
27 42
14 32
40 70
22 170
139 167
66 189
58 168
144 147
57 194
87 90
81 187
87 134
9 26
45 152
31 198
73 112
144 177
87 199
9 184
103 173
149 163
117 170
21 69
13 167
55 78
55 66
94 136
0 145
45 120
49 151
161 195
24 124
63 105
42 123
73 97
145 174
60 67
33 43
8 136
1 15
81 199
81 102
97 174
78 146
26 77
150 165
7 141
75 105
87 115
110 172
61 72
25 118
76 133
33 109
87 133
30 142
20 61
90 128
188 198
101 191
60 154
113 127
1 154
69 170
41 143
113 179
50 156
32 139
124 183
68 93
35 164
25 50
7 179
6 116
59 119
25 107
71 186
73 91
61 92
94 133
4 25
160 198
75 89
11 144
37 166
79 130
24 82
107 184
13 175
132 190
35 49
58 158
49 187
79 131
110 177
67 164
3 162
78 179
4 76
41 170
65 73
42 100
7 155
26 168
16 183
100 170
10 17
156 180
11 112
35 74
41 151
44 141
65 72
69 75
100 116
166 191
43 141
8 96
3 34
64 138
2 117
108 171
79 88
91 127
114 152
146 165
58 65
130 190
17 82
152 183
27 101
61 139
124 142
47 140
49 80
9 140
89 172
99 180
85 180
97 165
30 31
155 173
37 112
64 191
29 172
73 160
56 99
86 132
133 193
73 134
82 165
106 123
145 157
103 182
0 122
13 104
107 139
17 97
81 82
69 111
95 193
44 119
52 181
37 115
62 77
1 111
27 108
35 125
17 90
107 140
44 198
12 61
94 95
95 117
40 157
12 76
85 145
74 80
12 157
14 137
21 116
56 74
91 193
101 146
31 189
28 126
138 140
89 187
136 184
104 141
68 129
14 169
14 50
40 178
129 159
180 192
46 66
188 191
87 158
18 76
16 169
11 108
4 92
60 99
28 185
129 155
95 194
5 35
73 116
66 164
84 85
154 194
124 198
1 136
57 169
77 169
68 125
120 122
107 186
67 148
62 143
19 162
130 187
46 136
5 185
9 90
22 115
36 147
65 172
34 100
69 182
50 112
34 147
85 170
71 93
152 156
14 66
96 127
5 15
11 142
0 103
23 53
18 89
36 170
14 22
70 196
91 134
46 190
120 169
14 75
27 192
6 122
1 45
51 54
17 196
17 62
67 100
70 192
156 162
106 170
28 166
18 136
86 94
78 102
73 176
36 71
90 177
122 194
86 136
138 164
3 156
9 159
67 71
7 82
48 148
164 187
158 165
51 52
4 154
77 81
82 117
11 148
22 159
158 198
122 158
136 161
30 97
73 101
155 165
61 65
48 155
29 121
6 81
10 124
6 187
21 40
75 140
33 35
163 191
73 185
65 121
35 95
60 171
88 197
10 15
122 153
58 183
17 43
16 168
156 179
19 126
1 177
10 112
27 188
153 173
18 100
47 87
18 114
63 147
106 114
11 73
37 83
32 146
100 163
0 80
78 119
48 51
32 115
59 172
142 164
43 98
115 182
64 173
96 137
85 184
131 172
73 118
105 117
108 149
133 165
24 176
105 118
3 141
76 161
100 196
15 125
178 189
74 140
77 78
50 160
8 30
6 75
100 180
1 123
41 88
65 134
17 40
158 183
144 186
63 93
23 111
4 52
82 97
9 129
84 89
39 160
47 92
92 170
85 93
10 180
27 150
20 86
15 137
75 135
111 180
138 175
3 142
52 179
60 176
14 61
5 149
148 173
49 65
70 143
80 151
53 75
60 95
91 149
62 178
25 126
110 115
65 101
32 58
70 186
36 92
20 41
91 141
11 38
141 186
43 61
103 146
108 190
5 122
120 182
48 183
97 101
48 107
70 133
25 94
106 141
18 148
111 114
104 191
122 129
166 197
143 190
21 50
26 85
6 172
8 173
26 189
13 160
12 59
118 137
1 108
18 67
9 19
142 171
90 120
32 60
63 81
7 108
59 68
0 132
158 174
140 141
70 153
160 199
72 152
42 68
87 171
4 94
94 181
14 193
30 127
75 161
131 135
3 52
130 142
11 83
22 33
37 173
61 193
61 78
101 107
34 144
154 158
28 81
55 188
42 71
142 163
13 97
15 155
178 179
1 191
12 180
5 127
41 157
67 96
6 120
102 156
110 154
61 182
1 143
137 189
25 131
38 100
29 68
8 146
46 137
89 117
16 110
46 83
4 6
3 114
107 109
120 176
33 73
57 98
109 165
137 194
83 177
2 176
164 172
89 186
2 5
3 199
37 157
8 192
24 67
0 102
146 187
60 120
129 179
111 144
38 48
90 168
83 93
55 144
9 82
96 167
47 85
122 170
130 156
115 180
169 197
133 184
5 115
46 197
108 134
124 191
33 108
78 140
88 198
23 46
7 60
93 177
1 182
49 108
105 134
42 85
39 72
132 158
75 99
7 34
79 108
150 187
100 171
27 194
34 146
54 191
163 189
71 144
78 190
129 161
145 171
46 169
130 162
61 79
5 66
66 68
145 170
53 68
32 70
15 168
18 21
111 181
10 55
5 153
86 134
114 183
57 160
153 171
91 184
32 48
50 52
114 147
22 119
16 44
151 183
12 169
4 75
151 167
82 156
120 168
34 42
51 152
22 37
6 41
44 86
0 58
32 191
120 159
23 76
40 142
147 193
96 115
66 197
4 186
46 166
20 70
49 166
71 127
4 120
77 90
87 164
42 108
114 119
19 195
138 162
131 187
127 179
3 183
85 181
30 191
51 70
53 55
130 191
97 107
17 92
15 88
35 144
22 101
27 114
76 158
79 193
58 141
1 74
143 144
104 146
15 109
6 154
3 39
8 65
33 95
48 102
20 83
121 198
57 178
35 85
28 136
78 165
86 118
152 181
9 14
29 127
81 118
110 187
53 85
70 132
86 119
58 186
154 185
12 179
115 166
51 97
14 194
32 81
84 186
13 99
92 147
65 128
68 174
143 159
69 130
23 169
35 182
85 114
60 185
67 99
92 184
53 57
0 35
17 75
56 86
95 182
116 167
64 136
83 139
36 127
65 102
50 164
63 162
6 69
122 199
34 63
74 165
44 150
40 133
79 189
36 190
61 157
77 152
43 46
82 160
122 177
86 185
147 179
49 102
101 106
123 169
38 134
42 127
123 183
6 113
67 171
23 75
69 96
56 118
151 193
33 136
36 133
13 142
137 187
63 75
87 150
65 81
77 188
16 83
54 187
77 102
62 198
98 132
1 6
39 77
109 138
3 126
17 194
68 181
83 154
8 41
62 74
62 90
97 116
77 199
91 145
43 149
155 175
44 53
134 146
114 150
60 108
80 119
25 90
98 164
18 149
92 172
12 186
109 182
11 102
47 61
102 162
42 77
16 82
173 196
33 118
37 105
66 195
14 30
32 45
131 169
95 124
58 155
5 9
8 171
50 180
1 50
83 89
14 19
80 137
47 185
65 127
132 141
47 177
126 179
50 99
6 74
16 130
1 176
102 182
55 179
20 184
3 138
18 34
33 93
3 20
87 99
113 146
17 39
116 125
42 152
103 122
90 183
33 185
67 87
46 119
55 142
33 66
11 52
51 104
7 85
76 184
94 189
8 181
23 179
102 112
48 78
63 144
11 185
103 104
9 45
27 111
30 122
79 82
26 165
41 54
101 135
184 196
177 199
178 193
57 152
32 182
105 177
45 90
140 148
146 150
58 146
129 176
9 132
10 111
51 126
27 165
139 161
12 138
90 157
68 194
14 53
22 30
122 162
109 122
24 68
119 154
51 197
7 115
59 80
68 150
80 193
84 88
108 189
4 78
7 161
76 143
38 181
18 103
42 99
18 124
121 148
22 63
80 136
91 104
125 168
81 157
147 198
28 142
55 151
35 179
16 199
17 72
11 69
39 196
69 160
13 23
101 150
70 157
32 186
68 114
13 182
10 11
65 164
95 198
16 167
65 185
39 134
149 187
109 125
8 139
84 109
89 116
54 111
41 73
96 140
78 109
71 153
41 70
88 192
57 165
30 159
42 150
116 191
42 89
52 97
89 181
22 158
5 13
31 133
29 54
115 171
60 124
53 138
26 194
45 112
83 156
78 94
11 106
21 195
26 53
44 186
3 115
8 72
16 93
22 103
74 75
87 137
75 151
97 140
53 186
9 89
104 142
1 119
67 92
72 148
118 193
33 58
106 116
111 161
36 138
25 27
54 139
36 166
59 104
148 198
54 198
67 199
112 121
100 193
30 45
3 64
21 193
61 122
83 84
175 199
71 178
32 118
91 199
149 174
173 192
3 11
24 123
21 154
24 69
14 170
44 197
33 75
26 127
8 151
4 161
161 188
31 112
6 80
24 61
16 131
35 55
92 159
80 113
86 116
31 191
72 158
18 32
109 174
23 193
163 177
87 195
149 183
19 114
54 165
10 169
1 165
123 182
13 103
169 171
0 51
75 114
84 159
20 108
59 101
22 195
78 83
13 169
184 188
79 101
111 112
57 94
64 152
3 180
64 95
79 175
139 179
148 190
40 143
71 164
133 178
84 162
73 164
64 68
127 165
119 132
26 114
66 129
42 109
22 107
4 53
82 184
182 192
126 184
91 126
55 104
24 92
19 98
8 35
118 125
50 162
29 44
76 125
47 119
21 35
39 178
12 74
18 175
102 195
3 73
10 193
169 177
54 148
14 67
183 185
98 139
64 79
61 126
96 135
65 100
88 174
15 77
72 145
100 117
75 110
32 117
51 175
71 189
161 176
40 159
172 192
118 127
109 192
42 124
46 194
142 192
8 52
19 192
121 146
33 57
9 35
2 10
26 51
89 148
14 48
94 190
132 160
9 137
58 113
156 157
111 165
142 187
103 136
146 174
57 134
31 162
4 165
165 179
18 122
11 130
50 54
50 191
59 163
50 167
14 133
53 69
27 118
167 175
147 161
66 76
130 183
61 80
50 148
160 183
162 182
173 181
146 183
18 141
26 97
33 150
47 103
14 129
43 78
113 145
119 195
128 151
29 57
153 192
85 189
151 182
67 116
124 165
17 51
100 184
169 195
2 42
72 132
9 150
122 175
46 47
70 128
79 149
102 157
71 146
6 49
74 125
125 172
95 156
90 178
77 180
133 149
112 142
39 51
16 99
37 86
27 186
136 165
40 189
27 34
83 147
21 186
158 160
55 98
98 143
31 57
44 121
95 125
93 113
125 180
89 97
61 129
38 95
109 185
95 130
43 158
50 71
85 148
14 94
58 131
8 16
81 105
52 102
31 34
72 129
131 143
2 122
63 190
73 107
116 163
75 166
160 186
0 67
55 150
10 23
115 159
61 104
87 119
1 47
130 160
114 144
52 134
129 160
7 39
75 178
2 53
140 194
13 61
20 140
122 195
89 135
139 182
51 90
34 113
117 165
77 80
55 85
39 155
74 179
10 71
46 174
42 173
96 190
31 136
121 166
31 187
56 107
28 197
26 102
108 139
142 178
157 165
127 168
167 180
6 96
127 134
52 143
49 130
84 156
33 139
41 136
44 59
93 181
60 111
177 188
21 108
1 104
36 155
51 108
43 194
178 186
27 46
68 130
7 136
72 163
23 49
68 81
56 93
58 114
117 162
68 192
23 120
29 180
4 174
10 21
78 184
103 120
67 86
13 42
21 110
46 114
104 119
36 181
19 49
28 91
9 24
72 98
46 81
54 91
19 38
122 123
8 158
47 184
20 68
67 94
134 165
67 123
1 142
68 182
34 92
58 191
25 142
68 76
35 190
146 151
93 150
153 197
77 173
17 123
104 192
90 171
10 40
24 196
16 132
54 75
41 111
24 109
11 187
52 90
2 157
62 183
60 152
24 25
67 107
91 189
103 121
107 110
100 148
21 124
160 162
14 136
45 50
33 168
108 120
45 144
180 194
19 124
5 21
16 72
5 80
115 135
23 79
45 179
66 75
37 104
3 28
37 172
13 145
44 58
38 41
118 191
58 196
26 139
20 171
135 184
15 106
110 152
138 146
50 170
127 149
32 129
55 143
99 177
90 144
92 180
64 126
62 151
14 29
132 152
26 80
21 33
162 163
18 53
57 182
117 163
7 153
42 59
107 152
0 120
30 183
87 96
6 39
180 184
13 71
5 34
10 128
4 137
122 193
52 98
81 112
79 115
41 184
57 79
109 176
24 144
5 100
159 170
57 193
50 68
140 150
13 72
111 192
104 105
4 46
105 125
65 157
58 66
17 182
34 104
50 195
0 159
124 135
24 128
36 129
184 192
105 128
5 64
129 162
76 162
29 122
86 140
31 163
114 197
59 88
88 138
0 7
138 142
124 162
22 112
43 159
105 171
64 169
51 91
6 173
72 92
35 113
75 180
32 163
39 73
46 101
73 191
141 149
105 115
62 101
74 167
24 90
88 153
68 139
74 197
65 69
118 178
57 146
41 158
109 150
114 163
139 148
89 106
12 89
103 157
31 65
22 89
74 110
43 94
2 40
67 121
39 61
118 197
108 185
47 160
26 58
6 162
68 166
7 48
5 32
97 110
132 188
62 187
30 194
109 196
63 83
13 21
2 159
114 121
158 179
120 140
58 137
185 188
17 173
79 142
70 131
145 158
13 106
36 122
58 97
51 135
56 169
35 57
47 124
37 110
4 160
31 117
80 135
33 40
32 190
39 97
28 45
19 94
38 154
7 145
10 62
86 197
72 133
73 92
120 183
33 129
46 188
64 75
56 79
60 69
40 52
86 166
80 185
118 180
78 91
53 77
92 163
2 164
48 76
56 168
11 186
151 153
169 184
63 179
26 39
66 133
91 99
104 123
37 41
80 115
70 134
88 124
81 164
2 132
70 176
127 155
55 125
70 106
98 103
3 121
55 141
26 65
44 63
58 124
10 89
99 114
148 165
15 98
102 191
71 175
129 134
46 189
1 179
111 121
8 89
52 138
104 196
129 186
77 91
27 144
142 193
44 158
43 146
155 172
42 139
102 137
31 81
90 94
99 154
92 135
103 191
70 177
5 76
18 166
10 150
145 176
78 156
108 112
50 199
104 154
88 137
138 179
32 92
133 137
111 178
88 118
0 194
45 167
12 147
141 177
92 134
1 19
21 198
0 152
89 126
64 89
20 73
98 108
45 193
56 183
101 175
144 176
95 142
72 89
20 158
135 156
41 87
108 119
128 150
135 148
23 44
168 198
41 182
24 169
83 121
63 192
64 192
23 38
164 173
5 179
40 61
125 141
60 190
90 165
40 56
50 86
110 174
19 58
116 183
189 198
108 132
103 124
124 141
88 99
67 79
45 80
71 170
21 61
63 183
178 191
64 104
30 41
12 127
62 88
29 80
61 140
161 164
37 65
57 164
171 195
18 156
28 79
20 49
13 26
80 153
26 120
16 106
29 150
47 63
64 145
2 101
178 180
79 176
35 101
194 195
23 159
188 195
14 160
9 40
168 187
93 111
92 165
110 126
27 156
64 137
143 158
59 65
59 131
48 54
30 37
25 159
120 177
40 186
112 160
73 173
19 96
13 136
63 111
68 123
0 5
22 35
12 118
66 81
71 166
88 150
48 90
96 136
109 172
87 184
82 192
124 149
82 159
46 171
76 113
25 124
91 175
8 13
13 38
50 174
110 111
19 198
35 86
80 120
2 129
53 191
1 20
86 167
179 193
168 175
6 183
33 189
99 132
83 96
70 83
26 121
41 63
58 145
1 195
150 196
62 141
42 46
8 134
17 54
0 184
13 173
145 185
24 33
46 180
101 116
73 132
83 142
77 138
27 37
10 134
187 197
151 185
37 39
44 177
8 57
102 145
78 154
135 178
46 125
36 150
22 117
3 186
33 173
0 136
158 191
104 174
170 199
81 159
27 136
104 133
14 34
57 81
11 41
19 105
5 49
60 82
61 131
19 41
52 145
4 145
115 179
94 163
20 115
27 81
87 173
14 105
51 93
91 150
10 27
158 173
76 152
41 97
80 156
76 195
50 143
15 30
174 177
126 150
13 183
64 164
6 76
26 134
49 162
36 174
60 72
24 71
112 136
16 74
21 102
11 71
46 179
23 101
153 179
89 114
183 190
47 69
16 48
5 183
23 56
65 94
1 80
169 179
57 132
51 55
63 104
30 168
87 102
93 196
123 196
19 66
83 131
65 163
24 36
5 70
3 79
6 90
134 153
63 116
51 122
9 23
19 153
122 167
60 164
78 197
128 135
153 162
92 150
41 198
106 151
25 43
18 109
17 37
73 140
103 160
65 66
110 113
16 42
17 127
74 170
76 139
3 137
157 189
7 164
55 147
128 189
36 93
54 89
78 164
140 197
76 154
28 157
46 53
74 158
161 192
31 55
8 172
45 136
17 177
80 99
80 158
65 156
108 114
45 106
3 119
64 180
95 116
19 165
162 165
128 193
137 173
33 38
121 167
1 77
62 94
24 140
95 169
95 101
12 159
125 197
31 159
42 111
104 167
0 21
28 134
60 66
27 120
121 188
105 142
31 199
7 156
103 187
27 62
151 176
134 139
134 135
45 191
101 198
82 164
25 132
4 148
52 88
109 126
104 117
64 172
34 43
19 194
80 126
60 106
49 126
14 195
8 39
13 96
43 184
91 105
152 167
106 118
66 166
12 28
106 137
19 118
31 45
2 75
20 46
11 63
103 130
16 21
37 188
111 195
74 166
117 167
35 114
112 138
18 185
123 149
126 192
165 176
124 188
27 28
0 59
34 195
65 170
57 199
28 83
117 145
50 184
132 140
96 150
19 125
52 69
28 145
34 69
63 168
39 48
48 59
45 98
20 44
53 62
40 136
35 186
24 119
120 126
74 92
72 189
59 102
59 71
59 122
110 133
108 160
104 131
180 193
151 157
45 84
71 191
31 168
109 191
13 88
87 88
170 189
147 181
12 21
74 192
52 107
34 38
156 166
115 117
61 110
93 139
29 130
69 154
143 170
2 182
6 123
105 136
49 180
87 162
102 149
58 125
108 115
33 76
24 186
46 115
32 75
45 186
140 144
98 157
122 168
22 45
106 133
96 129
31 193
45 70
41 160
117 179
145 155
56 143
70 88
18 115
26 115
55 183
13 129
151 188
78 174
67 108
136 196
21 152
113 131
11 90
86 146
108 154
125 186
148 157
100 111
38 145
13 130
18 146
54 161
100 141
7 53
114 120
4 184
23 131
38 103
89 131
102 155
41 51
112 153
58 103
185 191
23 89
3 184
104 143
77 150
106 196
68 99
144 152
11 43
4 14
46 126
149 157
100 136
86 111
41 189
84 96
145 173
9 165
52 113
67 72
11 164
104 176
70 139
36 99
144 145
101 162
46 51
143 162
10 174
28 71
78 101
82 175
42 166
130 154
5 131
75 186
22 86
111 166
26 183
29 174
88 117
145 154
90 160
112 190
87 143
82 178
84 115
167 178
50 151
4 22
181 185
95 196
114 129
35 184
11 96
77 123
86 172
110 163
33 45
88 176
84 150
105 199
25 186
178 188
134 176
11 157
7 120
1 4
73 188
36 85
36 65
122 160
37 123
70 184
73 168
5 46
103 175
128 182
56 101
69 112
165 189
72 170
142 145
110 130
147 182
143 195
21 32
6 66
102 187
79 100
6 192
148 155
84 119
140 152
93 157
28 35
54 138
37 165
85 160
144 198
46 113
137 144
98 129
53 150
30 69
89 113
65 126
40 158
68 83
138 145
6 110
44 127
22 59
151 166
16 57
164 195
62 112
14 76
67 106
83 157
19 76
36 139
3 179
86 194
139 199
5 176
1 55
1 175
104 114
141 172
57 120
32 119
71 147
46 139
54 81
25 48
110 139
14 113
70 160
69 151
28 135
29 50
122 132
5 174
93 180
37 51
36 40
46 142
24 179
129 190
44 199
2 68
47 76
8 11
37 75
7 13
12 91
2 32
25 95
37 190
11 23
180 199
61 143
187 189
11 94
102 128
91 140
79 128
46 112
23 137
83 113
63 187
112 130
102 124
69 137
5 194
88 171
51 168
95 143
116 189
36 153
28 187
12 162
31 149
27 143
31 104
101 197
41 191
12 58
26 32
16 175
23 122
9 158
97 151
26 50
68 189
124 152
33 155
60 101
51 133
48 164
44 192
24 170
144 199
160 161
10 54
80 111
50 61
50 87
11 119
152 154
56 167
164 170
129 141
18 127
10 87
9 123
34 145
185 196
90 109
98 144
9 120
25 133
12 112
83 135
75 90
42 187
98 151
39 164
80 183
118 119
145 193
129 132
28 117
167 186
102 129
141 143
14 79
24 41
11 121
19 84
0 162
10 195
81 114
43 73
11 13
72 82
59 192
50 69
69 179
13 171
72 137
44 48
165 178
14 59
136 173
120 150
35 178
3 31
30 196
103 166
79 158
135 179
12 150
84 148
18 132
32 197
47 68
95 189
25 198
176 181
6 28
178 195
57 61
105 127
85 90
63 102
163 187
27 138
22 108
45 169
77 117
119 185
125 166
75 174
150 192
56 172
34 109
119 170
43 177
50 133
1 187
28 77
51 73
103 177
154 180
80 95
55 87
31 63
12 92
50 83
14 45
60 64
26 131
28 158
8 148
46 199
137 168
69 129
139 180
29 141
16 196
76 187
60 118
103 190
83 188
29 88
3 56
36 118
36 117
63 86
155 174
18 155
34 96
35 151
63 164
94 154
182 196
70 152
26 155
