200 3000
78
63
39
87
68
61
70
118
43
22
118
116
25
20
65
83
43
47
86
48
37
33
88
55
65
74
119
29
106
26
85
65
70
104
84
70
46
35
68
21
37
66
70
94
118
67
109
94
94
75
22
63
89
42
99
34
96
50
95
35
108
61
80
110
45
96
60
23
111
108
25
80
107
75
107
105
22
96
31
48
52
86
92
73
108
23
39
85
53
115
100
41
56
112
32
81
88
24
37
32
113
94
44
52
49
31
37
103
108
101
83
92
67
55
45
55
110
64
72
43
111
104
117
47
48
81
61
117
85
78
81
30
52
105
62
33
69
32
68
109
113
31
81
60
119
58
95
109
54
100
85
46
84
34
25
113
95
66
62
112
76
23
75
108
60
117
73
109
81
73
50
74
37
63
66
88
101
42
77
88
22
94
114
38
108
119
31
35
118
73
80
74
28
35
115
69
84
20
110
46
122 123
83 118
67 144
2 184
81 135
80 189
24 154
101 124
72 83
11 171
115 127
175 185
9 21
126 197
49 129
123 140
4 11
149 158
78 161
85 165
26 194
100 197
3 122
1 86
164 194
57 74
79 194
1 52
3 128
2 4
9 142
79 166
37 153
67 183
104 150
96 101
98 130
133 196
149 172
167 171
28 113
144 193
146 174
177 197
26 199
133 188
12 93
154 199
2 173
104 134
35 77
7 153
86 149
58 93
51 64
164 177
45 170
19 109
58 117
95 149
57 82
83 150
37 47
49 101
10 36
39 105
58 71
157 199
44 160
11 16
108 193
105 127
36 116
77 185
26 46
80 103
60 164
6 107
59 153
108 116
95 166
155 167
24 106
76 136
44 150
11 99
27 190
106 116
15 193
43 62
19 123
32 117
39 75
139 145
0 135
61 182
166 168
149 190
75 178
79 177
22 178
12 188
105 157
70 125
50 113
22 187
56 189
54 180
84 193
125 171
138 193
111 153
55 107
102 134
133 185
7 111
63 100
21 172
157 194
7 98
37 60
29 49
35 93
129 181
107 181
52 126
6 45
38 104
13 92
38 198
25 150
40 157
2 129
13 159
111 124
118 184
100 148
185 194
118 135
116 123
25 176
23 43
81 134
127 147
166 173
97 150
54 68
70 190
4 184
60 181
99 115
64 196
133 199
10 135
51 133
29 51
46 61
52 147
127 179
46 52
97 143
2 165
145 198
134 187
149 168
16 194
68 142
32 67
42 75
126 154
128 158
141 155
4 159
84 89
135 139
136 188
31 91
29 106
93 188
137 163
62 109
82 105
51 138
101 126
56 132
4 60
14 112
18 154
43 71
54 162
130 191
113 151
34 57
142 174
57 102
63 164
169 198
58 100
95 191
52 156
3 170
157 164
140 187
152 195
35 150
101 138
124 148
43 110
12 98
100 161
19 129
81 127
140 188
36 179
131 135
40 86
4 57
143 196
93 97
35 183
132 146
56 111
9 127
21 179
102 122
3 198
139 181
143 161
26 127
48 167
58 113
109 123
8 66
57 105
41 112
58 92
125 155
52 67
88 116
31 38
142 182
123 193
89 121
0 36
85 115
167 180
42 143
89 103
60 147
160 172
4 188
31 113
50 111
27 165
90 148
17 32
10 130
3 155
51 144
3 119
29 122
99 124
116 141
177 179
88 139
28 149
95 132
6 141
58 182
72 185
2 158
41 104
12 164
16 44
0 156
87 137
74 186
61 191
127 192
167 168
69 131
178 195
2 88
136 184
98 169
9 57
65 123
87 98
29 94
55 185
94 142
74 169
81 87
112 160
32 79
128 162
75 101
55 140
76 164
62 192
1 197
71 120
18 121
48 160
16 167
62 185
60 110
143 183
47 147
103 179
79 183
141 181
59 82
23 36
28 158
37 108
61 181
28 152
140 182
0 150
108 185
165 170
97 113
148 168
27 76
152 169
11 160
51 197
162 186
23 177
70 111
36 50
19 63
15 191
51 121
38 152
21 150
86 139
39 199
27 54
66 158
27 196
0 169
155 176
114 153
131 184
31 186
138 177
12 46
28 199
1 50
101 141
52 87
94 180
47 79
27 52
26 174
2 27
81 93
12 107
77 124
16 132
70 107
154 193
82 174
85 153
6 175
15 26
58 159
89 109
113 158
116 184
87 96
138 169
45 189
19 181
65 121
29 35
136 180
170 183
88 154
7 82
94 186
49 104
145 158
103 193
71 109
87 111
157 177
80 99
13 22
96 118
79 153
125 167
60 85
40 137
97 100
74 146
83 123
28 50
33 43
56 131
104 170
14 167
99 199
113 121
31 165
44 169
94 136
21 163
100 106
6 13
39 149
32 104
154 162
143 149
4 6
164 172
85 123
38 88
7 68
84 156
47 102
160 177
99 143
49 119
23 182
81 97
94 130
44 79
0 37
37 103
9 124
19 199
57 94
87 114
70 119
0 170
21 79
143 150
70 77
104 174
104 126
171 198
135 187
171 173
47 90
62 182
29 46
85 119
136 143
8 166
55 130
87 166
61 152
37 174
138 163
17 78
28 67
155 188
16 111
58 80
14 111
120 157
43 192
139 195
128 155
57 184
23 86
71 190
36 60
126 164
24 195
43 143
83 175
191 198
30 195
50 58
45 122
40 167
114 162
43 131
118 188
27 156
50 163
146 199
62 110
86 126
9 69
130 185
80 153
100 176
111 178
110 156
77 101
15 196
40 128
58 110
37 68
32 66
12 87
31 150
26 157
21 166
47 84
136 197
110 176
46 66
77 123
14 44
94 115
25 103
140 163
91 195
55 180
130 178
82 88
118 166
67 133
91 103
88 132
39 42
16 37
45 60
26 112
28 90
121 145
5 84
37 49
17 31
9 104
138 147
97 114
8 116
19 131
10 140
108 125
137 199
106 112
163 196
84 92
120 130
103 146
3 148
95 113
93 162
102 161
79 160
50 153
43 45
13 168
12 154
60 105
69 124
8 16
101 105
66 178
12 183
81 131
167 194
61 179
109 140
115 188
68 101
144 190
3 114
20 65
168 170
80 92
40 191
49 61
93 127
91 108
8 59
55 187
72 164
127 187
28 104
55 94
121 125
50 190
18 141
21 112
56 62
13 75
105 106
84 154
46 183
191 192
47 57
129 130
11 57
67 116
38 123
115 162
45 164
105 186
134 169
148 160
25 173
24 82
80 130
15 166
159 176
6 33
136 158
114 170
30 145
183 189
106 151
98 151
67 155
89 153
49 125
102 150
78 175
7 33
8 151
22 137
110 180
69 170
13 191
19 180
125 149
28 103
118 155
57 80
119 159
46 182
167 189
5 197
27 119
86 181
57 159
46 193
41 65
126 190
162 191
171 189
65 96
89 122
128 161
33 63
7 174
13 30
10 192
35 152
19 37
65 179
172 183
109 131
74 114
71 104
88 197
87 152
81 163
0 196
144 159
126 171
47 124
117 180
15 57
21 77
4 152
142 187
25 77
48 191
51 119
47 49
0 160
88 123
81 88
71 177
42 199
103 124
41 83
99 193
14 50
55 176
70 118
42 195
43 48
99 139
114 186
74 148
138 188
19 197
69 76
76 148
52 63
105 152
87 145
4 138
111 132
29 145
139 154
2 177
68 182
97 102
2 54
171 193
121 191
19 164
65 190
5 47
117 199
62 156
18 144
150 191
37 105
131 166
107 113
34 161
40 162
134 164
107 185
7 102
126 149
167 174
17 125
40 70
35 87
77 138
66 78
161 195
32 54
18 27
16 189
59 132
44 75
39 82
117 146
31 65
91 138
17 101
107 142
39 94
116 181
11 32
135 179
119 125
34 152
2 138
141 149
125 145
3 44
35 42
109 134
11 125
32 103
94 105
38 126
10 111
49 97
90 126
17 76
78 107
78 172
56 164
1 141
89 144
132 197
107 131
8 18
73 118
40 175
119 167
13 129
14 30
27 72
141 196
19 149
111 143
84 144
64 185
62 181
64 117
87 169
39 73
65 112
14 79
179 184
161 166
140 193
39 134
106 191
49 167
54 111
86 118
19 97
166 180
35 101
6 60
70 92
106 126
62 102
37 63
29 31
68 155
91 117
8 23
34 175
25 88
39 63
6 88
82 139
6 69
164 192
85 130
8 35
137 143
70 181
99 152
107 164
81 119
127 150
34 103
24 94
97 182
179 182
73 140
0 66
105 130
140 151
94 138
9 77
27 181
60 191
25 38
114 174
116 150
8 165
132 142
6 96
83 96
24 140
27 175
80 165
21 109
1 126
90 139
178 192
17 71
130 168
51 142
119 197
92 157
84 176
52 180
134 135
77 158
27 56
85 107
21 59
16 100
58 60
52 191
36 62
22 156
73 144
50 93
94 145
70 103
10 157
39 190
17 115
95 153
68 76
12 92
24 120
102 111
28 138
46 70
76 96
163 173
166 190
2 12
69 164
11 169
3 37
98 180
56 190
119 154
39 100
2 130
151 158
76 92
138 161
98 189
34 62
162 176
116 180
2 189
81 158
13 84
194 195
135 137
21 45
105 196
132 198
25 93
34 123
137 196
99 118
88 112
120 145
85 199
182 194
31 117
34 84
123 175
137 168
149 194
33 117
142 192
78 81
155 156
7 60
73 124
48 145
47 70
52 182
14 193
77 121
5 137
33 83
76 139
17 127
109 145
17 81
100 141
125 176
17 24
22 87
4 23
91 169
18 164
18 46
3 160
77 107
109 191
0 62
19 190
17 80
50 87
49 139
25 143
64 161
50 86
0 25
42 92
13 194
56 193
31 169
91 196
46 106
34 60
53 58
2 76
85 89
78 134
22 28
44 159
161 183
82 183
125 139
27 133
84 138
121 126
53 75
51 164
181 198
111 191
19 40
98 155
136 174
86 120
103 180
15 199
38 138
66 92
24 182
20 25
158 170
126 135
166 169
19 43
93 179
139 179
111 194
126 130
33 69
51 170
93 152
153 195
8 60
173 180
83 170
28 185
79 107
122 195
40 126
66 101
12 171
12 101
91 197
61 122
1 14
163 174
13 88
154 183
56 171
109 127
6 85
16 32
128 142
72 181
43 160
125 193
36 96
19 122
98 171
64 186
141 192
73 113
0 22
69 190
84 134
67 93
45 88
61 170
49 185
92 156
15 147
11 94
140 196
49 78
137 193
2 151
104 194
31 176
110 118
53 197
3 146
0 64
170 172
14 127
26 128
22 30
38 122
39 170
60 152
33 55
14 179
143 159
10 70
61 63
19 64
83 162
64 197
113 186
169 192
1 49
18 183
56 71
57 194
9 96
6 81
20 64
60 176
22 163
25 46
17 86
41 48
52 106
165 197
92 166
45 109
128 167
180 190
37 184
32 184
190 198
15 113
125 163
126 191
148 189
6 145
34 58
3 31
47 176
85 149
93 116
13 25
106 150
15 43
13 134
0 185
148 180
27 73
82 160
107 166
177 182
76 105
30 177
75 142
93 108
100 152
58 67
144 147
33 132
13 144
33 70
12 185
143 145
3 94
64 74
48 193
8 125
38 98
40 102
65 148
118 148
52 158
185 199
18 55
83 199
32 68
21 169
66 127
82 120
1 120
9 75
45 125
0 100
65 118
18 48
52 183
129 169
3 184
123 135
107 157
92 187
74 159
114 146
67 193
66 69
29 112
29 146
16 164
46 164
30 35
16 116
19 151
90 100
57 187
164 166
10 144
18 104
115 164
67 136
82 95
11 96
99 142
86 175
124 143
75 154
54 114
118 123
36 41
88 138
46 192
108 168
73 162
0 83
19 56
19 103
53 115
66 152
10 41
86 190
136 144
50 162
32 150
144 173
13 68
66 82
157 190
34 120
15 117
23 72
88 92
78 142
46 121
37 137
8 73
122 133
36 75
49 154
174 180
14 192
156 172
27 44
96 124
68 99
160 185
127 178
72 122
173 193
60 162
1 85
48 123
84 161
29 162
16 155
128 182
127 138
14 96
23 165
8 114
77 92
87 149
13 166
95 178
48 127
16 175
124 177
11 105
27 91
19 61
9 161
72 100
88 168
66 111
85 180
72 163
24 159
64 143
111 172
100 121
89 160
27 84
39 66
109 189
2 66
28 81
153 163
3 80
73 146
115 159
79 187
103 122
98 138
71 198
50 72
10 123
150 161
46 180
141 187
170 190
105 188
68 75
109 149
166 176
45 108
163 182
13 101
99 120
84 170
159 171
132 133
62 130
3 65
118 154
60 163
77 103
152 165
26 123
53 90
2 161
87 117
143 188
16 131
15 88
11 186
71 127
96 189
1 161
71 144
60 68
97 131
97 163
49 87
55 75
78 129
16 168
112 195
126 157
80 197
18 94
8 21
57 89
43 162
18 106
38 114
46 118
82 135
95 137
121 170
2 192
44 170
24 127
104 122
16 124
75 85
164 189
142 151
7 112
10 74
128 151
38 120
15 162
35 175
119 137
37 138
8 32
8 134
56 135
12 65
14 97
39 56
64 166
54 138
8 10
45 123
20 177
114 158
92 148
52 76
108 186
84 195
149 195
7 20
89 104
34 146
95 152
162 199
32 52
41 53
116 191
23 26
57 115
62 174
34 191
0 27
37 177
15 18
2 94
116 189
30 154
187 188
34 194
48 180
44 96
67 191
1 122
49 182
15 125
15 83
113 153
82 163
103 130
52 197
121 132
39 186
151 175
26 138
6 169
13 186
54 130
33 128
98 177
13 93
46 113
28 78
80 181
132 159
43 178
5 117
82 157
44 60
95 165
18 33
72 130
115 163
1 198
130 179
24 96
143 162
22 142
3 102
53 186
97 134
3 192
101 131
47 192
12 148
10 133
35 94
49 58
36 199
166 189
13 48
10 110
35 84
104 137
39 158
75 125
7 19
90 128
120 127
34 68
154 186
3 32
20 44
33 154
2 186
46 48
81 164
69 84
124 170
27 197
49 186
17 130
76 89
57 111
110 149
64 108
135 140
67 131
21 160
98 164
24 162
99 140
183 195
9 117
59 188
109 114
83 174
3 39
96 173
83 114
174 197
84 147
66 166
15 178
131 187
76 163
40 104
63 65
122 157
54 72
31 180
22 155
80 183
49 71
68 163
23 110
76 120
16 19
52 96
47 53
107 161
119 144
27 39
23 167
38 107
24 71
48 58
133 163
89 162
84 109
88 178
109 157
84 137
27 97
123 150
75 84
9 146
147 173
23 33
48 137
56 196
48 141
89 159
103 195
81 150
83 107
143 173
0 192
67 94
75 103
22 103
83 103
147 183
79 132
116 188
127 130
16 28
67 167
26 59
162 184
154 170
0 12
103 140
176 186
133 158
37 159
18 79
6 116
43 148
88 176
60 122
27 151
141 162
53 103
24 146
9 83
9 13
95 106
64 81
22 82
41 166
12 184
72 128
143 172
31 172
100 184
52 153
11 46
16 166
101 113
110 192
148 158
64 135
76 146
110 194
122 139
163 179
2 122
126 136
36 105
11 110
40 73
7 57
90 159
34 72
20 21
93 192
8 15
28 91
90 154
45 85
9 167
90 97
93 196
4 85
7 126
16 77
109 175
106 197
50 81
42 48
59 70
139 165
113 176
77 163
124 145
35 44
21 90
106 183
46 190
75 184
7 21
134 147
53 130
83 163
55 125
11 114
102 148
32 61
79 195
24 138
119 135
11 92
25 195
23 198
96 98
45 156
87 183
50 66
2 106
14 144
92 172
4 116
147 153
43 151
70 123
135 178
155 162
82 113
130 171
29 48
4 68
26 51
43 77
46 69
13 135
105 128
10 64
15 28
54 151
86 184
0 38
72 92
22 65
44 113
3 112
30 70
65 115
59 184
75 198
55 101
156 165
66 184
120 181
19 87
56 126
100 171
37 198
42 123
78 102
106 124
21 108
119 190
53 158
113 156
129 167
11 85
29 84
65 69
101 156
36 158
34 160
33 58
133 149
27 51
12 86
72 176
59 166
17 192
105 171
100 125
72 89
157 185
6 118
20 174
163 178
75 197
182 188
24 122
75 162
48 86
3 158
107 121
77 150
8 93
2 193
80 91
131 189
137 162
116 182
52 79
2 112
52 154
130 184
98 126
12 157
146 161
6 171
34 73
83 127
37 81
73 114
81 156
43 55
93 171
25 98
2 89
100 108
36 141
38 68
135 196
32 33
109 155
39 143
29 74
23 62
48 64
145 176
49 188
155 165
110 147
6 199
18 99
9 36
5 152
114 156
107 196
9 136
22 32
86 151
36 183
63 171
19 38
88 137
94 129
99 137
125 194
108 113
48 113
4 65
173 179
141 152
61 175
125 164
13 158
44 197
107 146
120 136
9 126
7 74
55 163
1 107
15 40
88 115
81 132
45 57
71 153
79 172
35 185
79 189
72 113
16 98
71 73
13 180
53 73
140 195
28 141
33 72
41 82
30 194
2 153
25 188
14 140
26 68
55 150
81 174
49 120
24 193
37 121
146 173
90 121
38 183
168 190
144 199
97 137
153 162
45 86
106 177
72 79
105 113
5 33
29 155
76 179
60 174
12 25
43 127
11 74
19 69
10 158
116 121
154 161
50 60
81 185
91 125
86 159
46 67
90 122
37 194
48 97
60 172
134 151
105 120
79 114
174 182
128 152
2 143
129 141
35 66
121 172
18 177
67 140
140 177
62 140
0 166
37 86
69 157
144 183
117 140
13 198
91 94
2 87
84 142
107 176
71 121
97 116
68 107
63 144
85 154
98 101
20 42
138 168
167 182
29 151
45 58
158 168
111 113
56 195
7 115
79 171
36 87
128 143
155 192
61 87
77 140
49 112
80 182
117 187
138 199
58 146
56 183
46 178
34 121
41 129
149 164
8 185
3 136
80 110
80 167
109 172
36 108
68 98
68 159
37 57
56 114
19 187
12 43
116 192
76 177
130 180
10 165
43 197
15 130
3 18
71 80
105 139
17 49
78 115
26 49
69 103
13 190
96 143
61 123
106 166
58 188
117 133
136 178
58 87
50 99
52 61
68 139
94 167
70 140
115 154
90 129
96 138
19 24
82 151
9 137
70 79
48 158
118 122
61 169
113 184
75 189
36 81
151 168
122 151
32 193
18 131
57 190
44 127
10 150
10 75
41 60
69 130
116 131
51 52
44 193
77 79
47 181
84 181
121 174
92 117
58 174
82 140
113 161
75 136
11 63
76 86
5 107
6 73
10 190
77 187
3 156
64 184
29 68
20 137
30 121
111 155
170 177
59 69
4 84
22 42
27 160
119 150
52 140
79 129
84 86
68 144
189 194
23 88
26 161
97 191
4 89
66 114
73 125
65 147
70 127
60 179
61 70
83 99
93 174
15 25
68 138
117 193
82 122
101 148
73 147
57 124
141 172
51 128
69 109
44 140
46 108
143 192
21 36
169 188
56 107
174 181
63 141
89 96
116 195
40 114
53 87
133 182
121 154
46 60
120 165
66 112
33 96
54 153
35 141
82 127
50 175
124 167
38 170
7 175
77 141
63 184
41 196
7 109
117 154
67 181
20 116
69 108
61 148
112 142
66 123
79 93
38 105
69 134
129 132
102 116
113 144
6 103
30 160
11 170
86 133
159 178
86 107
21 55
29 85
24 116
106 152
45 87
71 85
68 77
50 140
63 189
13 122
101 192
9 82
30 55
59 64
92 195
8 107
59 171
66 168
98 105
94 192
60 165
77 80
170 194
33 143
106 134
87 140
118 143
147 160
129 191
36 107
78 151
46 146
92 123
138 183
58 168
138 145
171 188
40 47
57 128
1 187
87 198
113 127
20 78
30 164
12 50
48 110
49 106
150 169
3 121
59 66
143 182
58 190
40 178
17 136
64 153
95 125
77 180
175 192
23 77
0 54
55 116
58 66
24 131
35 69
149 165
8 17
57 155
85 146
49 83
102 155
99 150
79 80
8 179
23 57
31 77
9 147
20 133
14 109
35 151
101 145
152 162
108 109
19 55
69 193
90 96
176 189
56 198
68 177
64 91
48 186
121 196
54 147
16 113
115 119
60 101
20 53
23 129
161 194
107 137
15 27
155 191
153 169
37 48
64 130
69 81
2 64
8 33
123 125
152 178
136 173
32 159
54 145
105 143
52 121
7 123
92 112
112 129
129 195
64 162
116 193
5 81
76 114
13 18
88 143
45 47
143 198
25 147
16 107
90 108
19 154
83 104
30 77
21 111
34 97
69 177
49 196
83 137
80 139
89 136
23 41
171 183
18 151
30 108
12 49
2 63
16 146
58 198
79 175
39 129
79 130
35 162
20 127
43 108
16 18
101 151
120 141
103 171
115 180
43 173
69 141
127 142
69 139
1 159
40 79
41 111
28 122
25 94
20 155
124 155
56 191
75 132
128 130
56 109
181 197
66 104
122 198
13 146
57 68
99 167
49 160
123 162
18 140
96 160
20 125
133 151
36 47
62 178
44 123
25 175
179 194
99 178
112 140
149 198
31 49
73 164
84 104
91 132
64 168
152 168
102 151
156 164
0 129
39 57
51 76
143 148
98 140
44 172
100 194
64 67
67 151
111 168
83 184
104 181
60 139
20 97
12 88
29 189
32 107
7 65
58 171
130 158
22 33
101 142
144 184
126 175
31 124
15 109
6 43
8 187
17 95
154 197
15 49
113 177
55 100
66 81
52 55
51 105
147 197
42 124
122 166
31 107
102 133
120 190
37 110
60 89
91 143
8 75
0 20
120 132
13 55
59 186
69 189
18 165
136 159
11 142
1 125
10 194
104 184
14 82
172 173
15 53
9 53
60 155
94 174
120 195
35 37
14 172
156 196
73 135
110 129
14 35
66 117
39 180
7 41
56 60
60 137
66 91
98 199
72 126
45 198
68 80
82 187
4 135
139 190
100 160
21 195
66 87
47 113
78 154
6 138
18 163
36 125
5 115
2 150
113 170
35 53
188 194
83 149
47 104
9 143
118 164
112 127
89 139
125 133
17 91
45 106
80 137
141 159
24 147
87 107
96 134
11 193
48 154
2 160
118 127
31 39
120 197
83 131
148 197
174 190
67 171
96 156
49 76
136 154
3 135
23 146
23 196
52 150
131 183
69 166
18 171
38 54
36 101
27 154
21 26
74 199
3 129
31 35
18 166
38 41
64 68
0 89
110 199
166 170
128 157
30 176
130 193
9 171
8 103
32 45
126 163
162 194
161 181
152 160
174 176
39 90
44 179
39 44
89 157
114 143
0 59
9 25
129 182
170 179
133 161
19 128
9 40
123 183
13 17
13 174
145 165
123 176
4 189
4 71
1 96
14 183
25 136
163 187
20 69
15 197
24 191
114 190
7 80
134 172
25 99
11 182
22 158
29 172
77 165
100 138
74 103
42 63
36 144
57 141
33 179
83 94
90 192
15 126
26 103
66 197
0 155
34 164
7 136
13 81
145 182
20 68
110 197
116 185
9 119
11 93
97 135
23 89
150 192
49 147
2 10
45 54
118 190
0 52
149 156
24 134
83 169
37 87
34 47
111 140
8 197
75 86
26 183
30 185
40 125
180 187
85 105
122 137
57 78
39 191
55 160
96 198
45 100
11 82
79 137
190 195
68 140
35 127
48 73
170 184
10 42
1 185
56 162
12 198
108 160
5 98
62 190
21 94
186 188
49 133
69 80
159 169
42 117
39 144
6 40
96 123
136 168
46 80
145 196
37 139
7 131
40 160
147 189
181 190
128 173
117 195
120 152
110 178
9 30
55 66
62 63
0 99
2 159
30 114
152 171
13 133
46 114
125 146
119 199
126 188
43 99
86 161
47 174
40 143
5 103
55 104
9 15
86 124
52 137
49 198
70 183
55 82
58 181
54 133
19 94
20 189
122 194
28 177
37 50
136 192
111 161
97 99
21 115
34 66
22 169
29 136
51 146
0 181
30 180
0 19
13 29
15 100
44 66
151 180
1 108
23 31
17 174
89 196
25 187
177 190
139 172
124 175
5 120
105 121
58 177
43 142
87 95
105 158
61 140
62 68
36 71
38 113
25 184
15 62
100 142
139 173
44 100
77 94
89 102
19 141
177 185
77 198
36 39
53 125
56 148
90 94
13 74
87 188
88 118
57 181
61 81
53 107
107 158
130 197
48 134
107 199
11 98
35 88
43 152
36 194
50 90
68 161
8 106
0 24
82 110
63 135
18 174
43 167
43 104
101 163
42 112
29 62
115 160
28 96
38 121
155 163
148 178
90 118
85 152
8 85
81 186
123 172
50 186
50 105
82 104
64 191
177 196
6 151
23 121
58 124
4 42
80 186
67 165
66 89
69 142
27 199
71 131
62 81
30 147
8 26
81 166
56 129
88 187
140 180
87 175
55 61
73 92
142 177
14 186
68 108
7 28
24 98
2 32
73 83
40 113
21 22
53 110
148 149
135 155
11 28
28 161
15 123
1 91
89 151
21 117
72 159
94 110
48 178
132 134
68 154
16 55
23 152
34 162
132 191
99 147
52 155
74 142
24 101
118 146
57 167
32 51
100 143
5 51
22 174
58 197
21 126
58 183
130 164
30 157
121 161
63 185
9 35
133 164
80 127
136 194
2 79
46 159
20 82
93 133
59 169
69 182
35 178
12 156
140 149
19 175
110 135
61 142
14 23
102 141
95 169
15 133
61 188
48 109
62 79
61 69
5 73
174 188
115 176
84 111
27 176
77 151
120 179
16 120
64 88
23 80
93 137
11 172
81 151
0 33
58 129
5 69
32 181
117 184
73 96
4 16
89 184
7 101
19 157
94 195
119 182
63 198
153 198
11 144
13 156
44 137
113 150
15 134
9 159
31 177
162 185
49 121
6 86
33 92
51 153
90 106
1 35
0 65
133 178
92 101
56 117
31 173
175 193
80 152
133 197
113 138
18 24
114 141
101 146
52 102
4 190
32 74
125 129
46 175
100 133
29 127
27 134
113 159
51 155
43 193
69 167
65 140
40 181
24 67
55 148
101 182
147 187
35 176
62 66
25 110
27 49
12 60
77 93
70 152
144 154
51 173
22 74
21 41
9 76
75 149
12 91
66 100
5 102
146 169
121 181
134 188
94 143
78 146
20 199
5 94
22 47
75 168
11 166
111 180
138 185
165 182
44 112
72 152
22 133
10 145
57 98
77 186
49 192
23 123
190 191
66 159
110 170
91 185
33 170
181 199
25 104
56 63
49 85
142 194
48 161
105 164
47 195
111 165
0 199
33 181
137 150
7 146
88 98
146 153
51 61
112 185
90 110
62 106
23 47
125 199
22 110
124 133
47 91
36 99
4 33
83 134
138 144
8 144
18 123
166 188
76 128
55 186
54 90
10 15
54 184
125 187
109 125
78 198
70 129
104 186
86 121
30 187
59 83
134 190
101 130
100 181
7 156
10 82
17 64
66 142
3 127
19 34
112 163
49 146
85 185
31 196
168 173
21 131
31 56
15 154
74 187
64 150
166 175
170 176
102 195
156 180
37 71
45 135
73 182
20 56
179 188
110 182
38 161
33 53
117 190
99 183
101 199
74 127
23 128
122 179
61 112
51 106
47 76
68 88
19 132
81 170
152 175
86 157
28 160
75 95
153 196
20 153
27 34
95 151
91 154
139 153
30 193
13 119
89 134
21 127
43 181
108 118
76 187
25 96
45 127
148 181
22 72
103 127
85 163
74 120
0 85
35 132
68 153
111 115
23 87
78 162
55 188
32 185
134 156
37 189
83 153
4 74
27 179
89 173
29 161
28 127
51 122
129 165
70 153
21 137
3 55
91 160
43 130
44 157
176 199
41 136
97 149
14 62
126 141
66 90
93 107
37 141
46 59
80 107
114 135
56 147
128 138
125 143
47 142
101 183
2 183
80 198
6 17
91 107
25 199
118 153
164 188
95 116
51 196
31 161
88 169
131 168
74 108
45 107
91 152
53 123
70 102
82 193
59 129
82 144
132 177
93 198
93 144
26 184
62 157
150 183
30 199
101 103
5 148
30 123
53 151
47 89
86 132
80 111
4 7
