250 2000
119
103
94
113
45
35
88
58
113
37
102
102
42
68
21
67
93
44
77
92
61
48
71
29
89
51
89
60
64
28
66
63
112
41
56
89
108
76
27
101
94
61
83
116
109
36
115
34
60
73
107
102
53
58
111
74
41
80
66
85
40
113
28
32
86
116
53
74
73
61
55
47
102
70
95
44
87
90
58
27
95
97
61
28
88
104
83
61
116
29
27
37
74
87
101
40
36
35
46
89
28
81
68
62
32
43
86
99
113
25
58
89
54
52
49
22
36
64
64
33
26
23
50
80
90
31
53
106
98
79
27
106
41
75
49
105
98
115
36
44
72
26
65
107
58
46
61
75
91
105
88
97
60
70
109
83
33
42
21
112
102
29
50
75
84
79
112
115
27
28
91
79
86
88
118
25
114
112
80
85
97
100
114
90
50
104
53
63
26
54
107
60
63
38
67
80
49
111
27
56
71
98
68
38
66
66
43
112
58
103
78
88
83
72
58
65
108
91
60
67
77
48
107
21
118
107
33
47
98
40
84
50
70
32
68
68
30
43
60
69
26
70
89
41
23
79
86
63
102
78
173 222
118 133
67 94
84 152
85 131
130 189
74 104
101 124
172 233
11 221
27 65
75 185
109 221
176 197
129 249
73 140
111 154
58 249
178 211
115 185
194 226
97 150
153 222
1 136
114 144
24 107
144 179
2 201
3 128
52 104
109 192
29 116
53 87
83 217
4 150
51 196
148 230
96 133
199 222
117 121
63 228
94 243
46 224
97 227
26 149
183 238
193 212
99 104
152 173
34 154
85 177
157 203
49 86
58 143
14 101
27 164
20 95
9 69
67 208
149 195
82 107
50 183
37 147
1 49
36 210
55 239
8 121
207 249
160 244
11 16
8 43
27 205
36 166
85 127
26 96
30 203
210 214
106 107
103 209
8 166
166 245
117 155
6 174
176 186
0 44
49 111
77 190
66 106
193 215
43 62
73 219
32 117
75 139
95 139
0 35
11 132
18 166
90 249
25 28
127 129
72 178
12 238
55 107
175 220
13 100
172 237
189 206
180 204
93 134
21 25
93 138
111 153
5 157
34 202
135 183
161 207
150 213
71 72
57 144
98 157
10 187
79 199
135 143
129 231
7 81
2 26
145 156
138 154
13 192
148 188
100 125
190 207
29 102
113 159
174 211
168 184
100 148
144 235
68 235
23 66
26 75
73 93
34 231
47 227
166 173
47 150
4 118
90 220
34 204
60 231
149 165
64 96
183 249
60 235
1 83
51 179
211 246
2 97
227 229
2 246
43 247
115 152
48 95
184 187
49 168
66 244
68 192
67 232
42 125
126 154
58 228
41 55
54 159
134 139
135 139
136 238
31 141
79 206
88 143
13 137
62 109
55 232
38 51
151 176
56 182
154 160
62 114
54 168
193 221
154 212
41 180
63 201
34 157
142 224
7 152
213 214
18 116
19 48
158 200
91 195
6 202
103 120
14 157
87 140
45 202
50 235
1 188
48 74
10 43
48 162
11 50
19 229
27 131
38 40
79 86
86 140
57 154
50 244
93 196
143 197
33 135
82 246
6 61
109 227
21 129
102 222
103 148
39 231
61 143
126 227
117 248
158 213
59 123
208 216
5 7
141 212
142 208
55 75
52 67
16 88
181 238
42 182
23 193
189 221
50 186
65 185
130 167
93 142
153 189
47 210
160 172
154 188
13 131
50 61
65 77
98 240
32 167
30 110
55 103
94 151
69 153
29 172
199 224
166 241
127 229
38 139
49 78
32 145
91 206
8 82
72 135
52 208
91 104
12 14
166 194
106 200
87 237
36 224
141 211
27 42
18 167
169 181
178 245
188 202
134 136
7 209
165 173
98 187
29 144
135 205
42 94
69 224
37 181
60 62
79 182
112 228
75 101
40 155
14 26
42 62
1 147
70 171
18 121
48 110
16 167
35 212
10 210
133 243
47 53
133 229
81 91
132 209
223 236
28 158
137 158
131 161
2 228
32 190
50 150
85 108
170 215
197 200
97 163
68 248
76 227
19 202
160 161
147 151
162 236
27 123
11 70
136 150
13 169
91 165
51 171
102 238
50 221
189 236
39 249
54 177
16 108
177 196
19 200
5 176
203 214
66 117
36 181
127 138
96 162
178 199
1 150
101 191
202 237
144 230
129 247
2 177
26 124
127 202
193 231
7 212
74 227
116 182
70 107
204 243
24 232
153 235
25 106
115 176
9 58
9 39
108 113
134 216
196 237
188 219
139 195
181 219
121 215
85 229
36 180
120 183
188 204
82 207
44 236
49 204
58 245
103 243
171 209
11 237
7 27
230 249
13 222
196 218
53 229
117 175
85 210
40 237
0 47
146 224
23 33
28 100
93 183
131 206
154 220
14 217
49 99
13 71
165 231
119 144
44 136
113 221
100 106
106 113
189 249
32 104
204 212
60 247
43 149
156 204
23 115
22 214
35 73
138 238
7 118
106 234
52 97
10 77
43 49
49 219
73 232
47 81
130 244
29 44
37 100
37 153
59 124
94 107
37 64
115 123
19 170
100 220
29 121
100 143
170 227
104 174
54 126
98 171
185 237
21 223
140 247
32 212
46 229
69 185
36 43
58 66
55 130
166 187
2 161
24 37
63 138
117 128
78 117
38 155
66 161
58 230
11 114
20 57
93 192
95 239
5 228
73 136
221 240
86 110
14 76
174 245
143 193
83 175
48 241
130 245
50 108
172 245
17 190
112 114
31 93
118 188
106 127
113 200
96 199
60 212
26 86
59 219
230 235
53 130
150 226
11 128
6 110
51 127
165 196
228 240
8 210
18 237
66 132
162 187
81 100
107 226
36 186
166 179
21 84
47 247
86 160
126 196
166 177
73 214
165 194
44 203
63 125
190 191
195 230
128 205
80 182
17 218
91 183
82 203
39 88
66 242
10 87
12 95
40 76
121 178
95 155
137 184
199 231
117 154
109 197
188 197
8 214
66 249
19 99
40 81
160 175
99 208
37 156
112 113
142 196
143 234
20 47
30 246
3 213
43 95
12 161
52 79
3 160
93 200
145 213
18 104
55 62
10 174
58 169
5 66
201 216
83 128
212 231
67 231
179 194
59 111
15 90
1 138
18 190
94 164
153 215
68 120
20 130
41 242
40 161
93 149
27 127
176 191
8 158
9 55
87 222
114 177
104 237
5 178
44 125
21 50
90 141
118 212
21 212
106 163
5 225
6 204
134 183
142 146
7 91
30 197
61 229
207 216
17 238
62 73
95 215
55 214
184 236
110 119
225 248
23 224
30 82
30 216
65 176
109 156
158 183
14 186
220 245
89 230
156 233
151 198
1 217
89 105
3 225
2 199
75 200
33 78
108 207
22 101
137 210
30 70
68 119
187 191
19 63
30 149
34 175
28 97
107 118
30 169
82 109
39 96
155 217
69 147
136 177
59 131
102 207
127 246
43 191
15 176
90 191
39 62
71 165
189 196
22 78
211 233
13 57
124 230
124 213
151 242
10 135
52 69
179 237
65 133
81 222
59 164
121 124
47 204
2 138
13 237
50 81
94 246
121 209
24 176
97 180
17 107
65 171
154 177
202 242
27 37
175 198
151 191
69 247
60 199
0 38
73 81
88 171
27 149
42 203
174 241
43 133
50 99
26 214
18 205
120 242
45 148
43 89
49 214
86 248
24 188
97 138
19 226
19 148
126 163
102 152
87 155
4 195
11 138
132 195
29 104
39 177
2 82
52 118
71 152
41 143
14 21
40 119
15 97
55 117
62 249
56 194
168 194
50 205
87 241
31 155
116 157
113 234
12 61
40 214
35 84
107 207
152 226
99 167
74 154
90 217
120 135
137 177
38 128
45 116
11 232
54 227
68 116
109 239
175 182
39 144
46 132
117 231
65 191
201 238
57 117
42 89
31 44
16 82
11 235
125 229
34 69
102 138
2 91
99 184
95 119
75 103
192 244
59 85
134 175
11 103
155 232
26 44
38 60
49 211
147 190
26 217
76 128
78 207
56 72
114 191
151 189
44 247
132 231
57 118
8 68
73 240
75 117
113 119
29 80
14 177
41 122
199 246
169 203
93 129
111 244
34 114
35 181
112 167
14 169
23 137
62 89
115 164
179 234
61 129
143 166
39 90
86 184
206 238
117 141
49 104
111 186
147 218
80 219
85 166
101 156
42 210
70 76
102 206
79 163
81 105
117 118
191 208
73 184
75 225
38 39
6 13
38 232
56 189
142 169
64 130
135 185
58 243
220 237
2 181
49 114
19 107
150 231
157 227
53 84
224 234
194 247
82 232
123 229
0 140
16 205
130 201
90 188
77 194
159 227
60 181
38 91
159 188
82 124
64 66
8 200
32 165
92 246
24 246
40 127
130 225
21 65
59 76
101 240
192 239
28 171
68 117
51 80
192 247
142 219
107 134
26 52
34 130
35 127
58 177
106 135
57 171
9 116
100 110
52 236
22 112
44 156
73 200
143 145
1 194
29 220
53 160
107 190
139 165
117 245
26 153
18 162
142 220
124 202
28 161
23 188
152 196
170 226
63 146
90 223
2 166
162 219
14 19
11 153
37 230
148 190
6 19
0 204
180 239
151 202
208 242
26 111
48 188
84 189
112 162
26 130
16 189
31 202
208 213
184 245
185 194
37 52
204 241
45 53
5 171
196 232
75 248
38 93
123 134
87 123
46 149
62 218
88 170
232 235
31 144
34 167
84 223
25 137
18 49
67 244
133 242
78 142
15 31
6 212
110 205
7 173
24 198
195 220
32 97
93 202
64 221
0 127
5 46
137 166
39 233
226 227
109 117
95 181
50 217
41 76
75 167
24 122
137 223
154 191
169 218
14 46
60 218
153 207
59 227
62 191
40 67
230 237
49 100
139 243
125 214
150 161
86 150
92 225
92 144
43 131
19 196
191 246
6 234
58 160
3 52
85 126
39 78
134 178
9 72
233 244
11 182
89 133
25 77
188 233
26 184
171 203
75 214
51 81
198 211
53 241
14 219
155 240
48 124
120 186
180 236
99 103
88 215
92 188
24 166
132 202
50 155
7 125
58 120
58 170
50 121
76 135
19 66
143 169
43 79
29 39
76 230
83 169
20 101
152 193
53 95
58 60
30 73
220 233
91 200
128 135
7 79
195 222
90 176
51 216
162 221
62 201
91 247
111 222
17 98
14 151
113 174
38 63
33 204
6 21
9 227
56 135
16 182
28 192
22 181
10 243
93 175
36 46
19 172
21 148
14 36
1 24
88 188
141 142
163 223
0 200
135 172
6 40
34 169
43 84
67 95
138 161
20 185
49 192
56 197
65 194
90 211
149 196
87 178
143 151
102 144
126 204
131 210
18 153
97 103
164 196
50 85
70 177
122 227
114 178
26 180
122 238
122 170
152 239
110 133
64 155
109 129
61 70
19 163
164 212
183 214
47 213
136 169
1 42
68 199
33 71
7 56
46 94
56 159
31 64
120 160
26 163
22 96
186 225
217 241
2 148
47 206
92 215
109 216
17 195
80 178
190 234
34 87
98 132
90 163
15 63
41 175
198 226
53 239
134 206
45 134
103 208
26 181
47 249
135 243
16 63
175 206
115 150
35 213
80 150
75 98
121 177
23 110
82 157
66 229
127 143
82 176
5 130
27 242
43 225
150 158
58 102
47 117
44 183
82 194
13 33
20 135
144 245
53 164
148 225
2 188
15 140
48 148
18 102
135 208
105 149
68 83
49 82
171 218
30 69
166 215
27 120
151 182
20 75
209 245
0 75
68 100
15 248
33 218
29 202
89 134
35 36
23 107
92 207
24 137
9 164
43 246
119 229
12 46
214 229
96 216
64 185
16 130
66 151
200 219
107 240
87 116
44 214
60 204
68 171
64 118
138 215
81 186
117 195
96 232
11 199
75 192
174 236
154 193
14 75
104 168
191 223
136 188
88 196
8 142
112 118
73 83
0 6
19 219
53 103
65 166
52 110
140 241
36 136
44 212
0 50
23 232
44 118
63 132
57 166
34 140
65 170
22 117
173 238
78 242
92 159
244 246
87 121
8 137
33 123
25 72
54 136
49 180
24 214
42 164
22 156
44 77
46 74
99 168
35 160
127 178
123 172
51 112
235 248
11 123
29 134
162 166
155 228
182 198
0 88
127 146
14 173
65 114
77 208
42 187
145 163
16 48
24 125
27 111
41 155
27 61
19 209
111 122
150 238
16 18
161 185
130 222
13 24
114 159
72 193
111 121
160 200
177 239
16 184
39 89
66 159
2 31
113 128
130 153
23 203
115 146
129 209
98 153
188 198
50 171
172 223
161 210
150 246
30 41
187 189
190 210
88 220
155 225
109 218
216 249
76 208
95 163
32 101
113 220
34 49
20 221
112 133
15 180
118 153
113 204
27 160
53 65
2 123
26 103
90 102
37 61
93 117
138 231
166 188
15 186
11 227
121 246
51 89
11 94
21 68
113 197
199 247
125 237
155 179
68 228
95 216
162 207
76 180
8 218
89 171
107 112
118 243
14 206
38 118
196 235
45 232
37 71
170 192
102 148
10 170
24 244
127 172
124 204
25 116
139 235
92 114
1 107
101 224
170 178
12 188
215 225
19 37
132 238
84 208
8 85
6 65
62 123
47 90
56 114
116 139
164 201
28 138
58 154
160 195
173 227
108 170
42 214
202 248
26 58
34 36
145 245
57 99
120 189
104 234
95 246
12 202
82 149
2 53
14 141
100 166
123 241
57 126
124 165
112 191
0 34
30 77
145 177
15 87
44 218
66 102
54 139
38 180
34 137
130 194
44 48
46 141
167 172
51 82
15 149
125 183
15 203
13 213
153 232
52 130
197 232
86 221
139 151
26 125
38 69
86 156
54 113
80 133
78 233
215 227
193 248
13 146
78 128
230 231
9 32
93 178
105 117
7 232
94 110
15 45
118 233
172 230
113 165
1 148
79 80
124 146
12 93
122 172
102 242
103 153
92 197
31 153
201 247
98 142
10 12
94 183
35 99
36 208
99 139
98 116
13 210
110 135
204 234
237 239
58 75
25 107
19 178
220 240
27 234
68 141
97 104
132 236
194 203
20 154
83 136
2 96
198 214
70 169
24 227
49 247
17 186
80 176
89 107
10 161
8 249
114 235
67 140
31 160
114 221
148 224
62 199
40 145
209 233
67 109
38 64
159 224
183 239
3 23
96 164
33 197
24 147
16 34
65 66
28 37
31 176
93 113
154 227
63 90
157 215
4 172
80 155
83 172
30 121
63 99
68 123
103 210
26 139
19 20
52 166
131 196
25 247
35 88
88 103
11 97
69 107
39 194
77 117
107 123
74 238
158 171
198 233
113 189
112 134
28 209
7 38
137 159
47 134
77 223
150 175
109 234
30 96
148 173
123 147
133 237
156 198
146 248
9 241
39 103
100 245
33 131
107 143
23 242
42 100
44 67
25 153
122 153
153 183
147 183
129 132
77 170
38 66
30 177
178 216
133 173
67 117
26 59
112 184
120 154
34 187
50 162
90 203
126 136
33 208
59 87
18 229
16 56
148 193
76 188
72 160
101 227
12 41
3 153
124 196
83 159
163 209
106 245
14 131
222 232
16 41
34 162
122 178
122 193
122 131
50 134
152 203
96 111
16 216
101 213
10 192
148 208
71 143
64 85
46 126
72 189
29 163
36 76
86 205
11 210
90 173
107 140
172 209
71 184
70 142
65 143
104 191
185 240
145 164
59 66
17 140
93 197
96 135
54 107
66 185
25 219
6 209
97 131
0 92
48 59
70 239
15 163
13 26
77 195
94 174
85 121
33 40
6 196
84 140
25 207
97 121
80 84
33 103
63 205
111 125
14 48
211 229
38 145
69 174
111 235
25 42
48 145
73 137
98 235
106 196
133 195
150 187
102 166
106 144
214 222
166 192
104 153
101 247
23 43
28 170
135 212
132 155
80 113
98 121
68 179
204 226
201 243
127 219
85 96
113 162
55 57
14 78
60 178
104 115
36 201
188 234
100 242
65 172
44 72
103 163
112 220
80 165
59 65
134 161
144 248
175 201
106 155
215 216
34 81
70 87
156 219
26 171
0 198
73 237
2 242
28 206
74 108
121 140
19 108
153 163
79 106
11 217
34 185
79 219
1 115
56 186
158 184
158 210
49 133
83 227
36 126
16 92
21 117
5 75
100 222
35 189
7 18
106 224
20 163
13 178
75 97
82 188
22 124
162 175
198 236
58 153
21 207
150 177
2 143
191 230
31 89
62 137
82 166
152 179
102 112
4 152
184 230
26 198
7 12
146 161
71 206
34 73
77 133
81 237
73 164
31 206
93 105
21 93
98 175
52 139
41 236
68 138
146 185
182 183
105 159
139 193
124 179
112 123
48 214
26 245
4 234
88 199
5 115
47 160
99 106
68 249
59 86
21 67
102 205
196 207
136 159
32 172
101 136
182 229
186 233
71 213
219 238
38 137
129 144
49 237
144 175
63 108
48 63
104 165
29 123
41 152
75 111
64 175
44 47
7 146
220 236
9 226
124 207
5 213
1 7
115 240
38 65
31 82
142 162
45 57
21 203
129 222
35 85
89 129
184 235
137 155
113 222
16 198
21 173
13 180
45 190
41 178
22 183
91 182
44 80
52 203
25 38
114 190
168 226
55 100
131 174
20 249
193 224
21 237
123 146
21 240
133 188
199 210
40 168
244 249
187 197
153 212
195 236
6 77
155 163
55 183
29 155
176 229
118 204
174 210
112 225
27 93
11 174
10 169
116 208
16 171
204 211
100 210
231 235
141 225
36 159
46 167
222 240
137 194
97 248
22 110
49 190
34 201
55 70
29 64
24 182
52 228
143 152
41 129
16 235
21 122
27 168
17 40
140 177
212 240
24 86
66 100
236 237
57 119
144 183
168 188
217 240
213 248
141 244
194 229
66 158
37 102
142 234
157 226
171 221
47 216
57 168
44 113
85 154
48 101
120 142
68 88
67 132
51 229
208 245
208 218
61 163
6 45
15 157
21 79
43 228
92 155
87 161
40 177
62 149
130 182
167 237
38 49
8 146
33 206
78 196
84 221
129 241
99 114
85 208
186 203
210 230
67 130
122 159
36 108
40 59
18 148
59 68
57 187
6 14
19 87
112 193
42 216
26 227
180 230
65 210
47 243
115 130
207 238
3 118
21 130
16 42
55 89
17 99
128 215
126 249
53 69
19 111
190 213
46 193
111 223
6 216
158 238
183 217
78 186
187 208
59 204
0 149
111 202
18 239
144 167
54 65
29 240
96 138
69 74
101 182
9 137
70 170
79 248
59 168
72 161
169 184
39 113
25 31
36 218
1 101
22 93
118 232
57 231
40 82
160 194
10 60
69 141
66 80
101 231
94 102
229 243
131 227
81 197
71 84
67 174
8 42
90 113
111 136
11 136
5 226
56 57
140 173
10 127
3 87
64 106
134 156
145 218
70 79
121 137
11 180
20 55
19 227
9 204
122 184
160 192
69 152
79 140
29 79
136 184
68 144
138 223
26 211
141 197
104 139
14 116
123 125
160 173
115 247
70 227
139 217
129 210
4 39
