250 5000
37
95
96
25
27
67
110
52
92
78
103
117
20
36
23
114
48
65
48
60
63
33
114
119
86
116
38
102
78
106
102
95
81
78
52
88
77
95
21
49
53
56
98
53
25
102
100
53
99
80
93
94
93
39
93
111
87
64
93
45
50
76
21
64
86
105
32
44
80
85
25
114
22
104
99
27
38
31
60
117
43
85
92
116
56
117
108
23
113
33
49
44
89
102
40
108
87
52
32
100
70
37
46
72
73
25
31
91
89
71
41
112
88
113
61
24
62
101
79
56
114
108
32
36
42
52
24
62
36
36
42
86
105
68
90
59
25
101
30
94
104
103
39
72
96
80
28
39
61
88
27
107
28
39
23
51
23
79
93
39
95
115
106
33
115
28
72
20
110
34
47
94
118
66
47
46
78
107
117
71
75
24
110
84
43
114
115
98
73
40
118
101
87
56
114
82
64
118
34
106
32
113
81
82
111
60
109
69
47
106
72
55
111
63
119
86
109
66
65
62
86
115
95
105
51
89
67
47
39
33
34
52
27
47
66
118
39
55
20
118
94
72
53
37
115
52
55
104
50
52
32 94
82 211
163 176
82 237
225 229
71 187
39 80
36 138
111 154
198 231
20 235
9 108
89 139
87 155
143 144
27 60
90 142
90 118
78 158
201 235
124 159
172 198
57 208
86 168
68 112
199 218
80 190
58 79
21 65
18 164
61 79
44 152
73 134
20 83
64 73
68 223
92 198
5 172
50 110
14 25
30 95
214 221
124 175
152 197
171 189
1 213
7 102
5 27
25 244
58 213
133 201
1 32
56 226
26 108
166 235
143 197
80 107
20 108
172 231
22 157
93 120
47 125
130 230
177 224
8 140
32 209
23 166
62 249
170 222
128 139
21 155
87 188
208 230
63 195
102 130
76 85
75 211
55 225
91 152
131 201
144 163
12 168
74 80
19 52
244 249
43 149
83 122
89 102
34 41
17 24
103 239
64 202
166 177
109 119
102 182
61 76
15 73
96 197
148 218
102 244
217 247
90 246
81 85
44 122
62 119
108 248
17 200
24 183
128 143
42 60
97 205
113 238
29 85
29 162
53 116
23 122
114 121
195 212
109 206
169 178
23 168
40 138
118 163
75 98
117 158
6 158
175 249
56 221
84 133
85 239
0 210
111 114
82 176
140 161
80 137
68 160
59 248
200 219
127 222
67 130
78 96
21 136
77 107
13 77
14 93
2 93
77 215
11 59
220 243
130 151
72 152
40 151
92 131
103 222
39 219
66 85
74 117
189 194
17 33
126 207
31 61
71 108
129 232
119 122
54 123
3 207
43 195
76 210
182 238
31 207
218 221
125 191
42 65
76 135
184 195
54 215
108 126
176 237
147 210
15 110
20 113
67 222
8 182
98 143
26 216
39 158
33 245
139 230
200 218
134 215
15 20
123 202
128 248
208 213
73 127
148 223
38 47
148 215
81 211
47 247
89 155
84 87
40 169
224 241
41 137
152 227
163 179
26 161
159 239
37 222
47 164
37 202
2 95
176 202
65 199
76 155
163 206
91 247
82 167
72 90
67 209
122 224
0 247
8 136
91 108
45 107
82 155
102 161
114 187
2 29
165 207
122 157
101 120
54 119
18 209
227 228
128 203
125 202
55 88
147 236
48 133
55 106
18 216
5 158
39 132
47 109
17 246
169 218
118 140
124 238
103 201
80 216
20 56
57 213
43 210
8 212
29 69
97 165
73 87
102 219
211 214
62 118
80 140
30 50
7 132
39 84
107 110
16 18
127 175
87 231
46 71
100 197
112 115
197 202
38 49
2 23
112 141
45 167
31 197
95 164
56 236
100 166
93 218
36 72
120 143
66 159
166 208
31 166
71 113
85 211
14 108
65 229
232 249
24 133
32 221
88 149
101 208
51 107
69 245
64 124
115 135
131 133
149 196
16 119
101 115
80 231
209 247
61 210
86 230
46 114
47 58
16 202
148 161
69 169
145 157
124 235
116 133
8 79
16 24
131 198
130 228
39 112
202 209
11 248
69 73
26 147
147 187
39 209
196 216
104 202
71 237
170 181
38 168
116 205
35 169
134 246
75 226
27 161
172 185
9 128
25 94
133 137
173 176
92 241
49 225
45 46
138 216
57 79
4 34
25 26
124 172
12 247
100 173
126 137
4 197
143 146
33 132
27 157
62 221
0 37
20 46
11 185
12 14
68 118
150 195
72 144
8 69
21 171
48 181
129 159
52 157
36 124
43 151
105 193
46 225
244 245
92 179
6 104
45 176
74 195
71 224
18 145
79 189
11 167
89 178
242 244
116 187
30 230
76 120
95 187
122 181
192 214
51 212
7 170
79 96
53 203
73 167
199 247
114 218
110 204
102 248
50 185
70 80
42 166
8 103
232 239
137 182
99 196
85 218
107 164
162 167
70 84
87 121
53 81
7 191
145 189
159 226
68 240
110 244
98 100
83 100
87 134
38 131
71 100
87 247
119 159
9 203
98 130
35 152
71 78
11 112
76 171
89 144
13 83
106 113
33 58
120 196
78 192
11 115
8 30
149 203
20 212
102 118
195 239
16 20
134 170
231 246
55 70
68 140
5 246
141 181
55 230
99 113
58 124
190 215
20 133
89 153
43 84
21 29
33 144
148 203
28 129
185 199
51 191
105 158
138 187
49 94
28 46
11 37
170 218
57 133
175 217
101 197
236 247
193 247
41 73
92 228
8 29
33 215
72 187
89 103
19 222
2 65
0 39
178 219
61 62
128 237
130 229
36 229
67 229
108 226
154 204
52 162
85 187
125 127
83 112
131 214
55 216
48 157
107 226
126 169
5 37
19 157
45 86
6 249
25 225
179 216
19 32
117 194
58 173
170 242
6 58
51 163
99 126
71 234
49 177
66 153
156 162
86 243
85 208
85 101
67 162
116 194
162 188
62 247
86 156
19 194
67 173
108 193
22 31
52 177
80 183
118 237
197 204
141 183
54 92
61 102
143 248
162 223
161 242
11 171
208 238
66 184
59 181
97 211
29 111
81 144
16 91
36 98
29 99
43 133
83 236
104 184
180 231
96 223
17 91
49 234
21 107
141 217
80 166
43 102
98 196
12 41
15 140
42 148
36 125
236 242
59 217
8 172
42 116
27 127
17 87
150 235
228 230
3 182
23 51
30 147
71 218
160 233
100 131
118 179
91 92
117 187
201 230
78 233
0 109
9 165
87 245
91 177
114 244
113 207
131 212
23 195
77 195
147 179
109 149
52 91
60 86
3 168
43 183
27 44
138 201
196 233
176 229
124 195
171 183
59 235
64 184
111 181
110 114
75 110
9 54
127 197
114 232
116 158
165 245
54 116
37 236
165 215
141 214
13 237
72 74
222 241
5 108
74 102
65 217
78 149
119 128
26 233
128 243
149 239
96 225
11 187
3 43
152 158
92 227
64 82
70 190
70 172
117 139
16 89
208 218
244 247
44 107
37 90
87 181
184 187
9 226
52 195
81 98
62 173
144 177
99 237
84 159
53 123
49 213
17 70
169 171
67 113
55 128
105 216
144 236
150 245
95 120
149 201
45 211
74 124
105 213
42 173
47 123
24 95
10 17
33 143
108 186
65 101
58 163
31 149
181 202
174 247
128 146
26 227
101 108
65 100
126 166
107 141
25 55
137 165
72 160
22 111
18 225
33 176
33 59
87 183
92 180
11 220
90 178
98 138
204 210
163 177
54 101
70 119
143 191
29 213
106 150
32 189
74 183
193 218
14 35
0 25
107 179
116 206
159 169
7 225
36 221
73 241
61 192
44 133
175 204
60 198
75 239
111 194
137 166
79 180
24 182
57 234
25 213
132 190
49 185
8 108
99 187
81 129
160 227
114 217
62 153
129 228
154 176
70 191
123 165
0 42
55 57
18 26
83 216
120 150
110 117
156 230
35 74
1 141
41 44
22 165
69 125
50 66
216 241
41 93
8 96
3 34
114 188
102 117
58 71
38 79
141 227
114 202
196 215
108 115
30 240
217 232
33 202
136 193
101 177
139 211
24 142
97 240
80 199
209 240
39 122
99 130
180 185
65 247
131 180
105 223
62 87
14 191
179 222
60 73
106 199
136 232
193 233
23 223
34 182
115 156
73 245
3 107
32 172
0 163
204 207
17 239
32 147
31 119
193 211
45 169
181 244
152 187
165 227
51 62
11 177
25 167
57 190
90 191
44 73
62 148
45 61
94 195
17 157
62 240
76 235
80 95
24 112
57 87
164 171
116 224
6 243
141 196
51 231
226 239
128 240
38 189
137 234
154 236
79 141
68 69
64 164
150 190
59 128
42 129
230 246
16 88
91 158
137 142
126 241
118 119
8 116
4 161
242 249
10 235
78 79
55 244
95 205
185 223
64 116
16 97
134 162
4 185
144 174
136 248
51 219
19 107
18 227
72 125
120 136
57 198
67 112
162 193
169 230
36 237
105 146
22 240
165 236
15 197
100 122
82 234
119 212
97 100
34 220
85 193
21 152
56 214
77 166
5 46
192 215
111 200
103 203
18 223
170 189
136 164
120 122
241 246
96 184
25 169
14 42
172 177
6 195
101 154
67 201
62 96
92 117
56 70
12 206
220 236
215 228
165 168
36 186
152 194
223 228
86 176
21 27
222 240
86 94
136 214
3 138
56 209
59 171
17 132
98 237
14 115
8 152
51 54
54 131
27 82
48 217
59 211
122 158
8 248
122 136
11 30
173 197
201 215
55 211
5 115
129 198
121 206
24 31
10 187
140 156
121 225
40 83
35 163
135 241
23 215
21 35
71 245
60 197
115 138
3 10
208 222
93 133
16 17
118 129
56 126
19 177
101 162
10 238
103 177
123 200
68 247
64 87
68 147
113 206
114 123
61 87
46 183
32 200
63 150
80 119
128 201
82 148
159 215
142 172
114 148
93 183
32 145
65 99
32 64
123 146
85 222
118 231
146 173
105 120
117 249
15 158
124 183
26 105
118 141
3 211
0 176
25 96
65 128
40 89
24 128
77 110
58 100
80 125
56 200
173 230
51 241
188 234
67 115
90 233
93 208
47 236
94 143
11 113
52 147
129 182
109 134
39 189
10 197
92 242
43 120
160 185
50 130
220 227
37 136
35 165
111 125
30 238
153 225
76 152
149 211
73 155
198 249
165 170
43 101
25 80
3 160
241 245
12 49
128 175
10 226
15 201
15 58
20 182
42 236
197 236
43 141
20 241
38 141
36 161
93 241
61 96
3 158
155 190
22 170
182 248
33 197
48 51
107 233
94 170
25 156
41 68
48 164
41 161
54 72
166 240
21 243
0 35
22 176
108 206
91 123
26 56
139 163
10 162
109 137
68 151
58 218
167 219
9 221
40 42
60 220
132 213
81 132
8 101
7 159
218 232
0 24
8 241
40 120
149 153
110 222
152 168
42 171
137 154
31 244
194 214
77 193
25 30
61 131
68 135
40 103
142 152
161 230
122 133
37 133
123 243
111 128
153 161
49 151
44 57
34 104
8 228
38 181
105 242
21 92
47 163
55 65
78 129
1 41
180 212
205 227
41 207
46 117
6 120
152 206
60 154
132 161
51 93
89 187
175 181
88 100
18 229
108 246
37 96
58 212
189 217
110 116
146 233
4 156
103 214
109 157
126 170
94 219
73 183
157 248
109 115
87 94
83 127
76 202
164 222
189 236
102 205
49 203
57 187
142 208
124 217
0 2
96 137
210 220
29 229
61 144
88 148
68 90
43 83
55 144
59 232
96 117
85 247
22 70
130 156
30 165
19 97
133 234
115 205
47 246
108 184
124 141
83 108
43 44
40 228
38 98
23 46
7 210
43 77
51 232
208 249
55 184
18 67
142 235
22 189
58 232
149 225
7 34
37 50
0 221
177 244
46 184
191 204
39 113
71 94
28 140
11 229
95 121
219 246
80 162
61 129
16 55
68 216
95 220
32 220
15 118
68 71
161 181
5 110
103 105
84 136
83 114
57 110
53 71
34 191
98 132
50 52
64 247
22 169
94 166
33 201
19 212
104 225
56 82
34 242
52 151
144 207
187 222
206 241
36 144
8 100
132 141
20 159
73 226
40 192
47 93
15 146
97 216
54 136
46 66
170 220
49 166
21 177
20 104
140 227
87 164
92 158
214 219
169 195
38 112
87 131
11 204
129 227
153 183
71 215
81 135
41 130
51 70
3 155
91 230
107 147
67 92
15 138
37 56
94 185
1 22
77 114
58 226
129 193
158 241
174 201
43 94
54 196
159 165
6 204
139 203
58 215
45 83
48 102
120 233
48 121
107 228
185 235
36 178
28 65
86 118
202 231
64 109
177 229
18 131
10 87
53 85
170 232
136 219
54 235
162 229
65 66
97 101
14 244
182 231
36 234
49 163
192 247
15 28
74 218
11 127
21 48
9 243
119 180
173 219
17 198
82 85
35 110
17 49
34 42
53 57
213 249
167 175
33 45
156 186
32 195
17 166
64 236
89 183
27 36
15 152
50 164
12 213
156 169
99 222
34 213
65 124
100 144
133 240
29 189
40 236
57 61
93 146
160 182
27 222
85 136
97 179
99 202
51 106
69 173
48 188
38 134
192 227
23 233
6 63
67 71
75 223
119 146
56 168
51 243
83 136
12 231
86 183
192 213
87 137
25 113
37 100
81 165
77 188
83 166
104 237
2 77
48 82
56 201
139 177
88 159
3 26
194 217
31 218
104 183
141 158
33 73
74 212
12 240
116 147
149 227
45 141
93 149
75 205
3 44
196 234
14 200
10 208
19 80
225 240
14 148
149 218
42 222
86 112
9 32
111 202
11 247
2 12
77 192
218 236
16 182
73 196
68 83
16 145
30 164
132 145
31 219
174 245
55 58
5 109
118 169
171 208
130 150
101 200
33 239
69 164
137 230
135 247
77 115
132 241
27 247
29 226
99 150
6 24
116 230
101 176
152 232
105 179
20 34
103 138
118 184
33 93
3 170
149 237
13 146
117 239
175 216
52 242
53 222
183 190
33 35
37 117
46 119
5 142
66 133
102 211
1 54
107 135
34 76
89 94
181 211
181 208
29 173
2 112
78 148
44 213
35 161
103 154
59 245
11 227
222 230
79 232
26 215
35 101
134 146
77 99
93 128
57 102
32 232
27 205
240 245
40 98
100 246
8 196
176 179
9 82
10 211
76 201
165 177
61 89
62 188
7 240
168 194
3 64
20 226
30 222
112 172
109 172
118 124
54 219
51 147
157 165
114 241
30 109
50 168
193 230
184 238
8 89
128 154
11 207
26 143
31 138
168 203
42 99
68 174
71 198
113 222
80 86
41 104
125 218
91 162
181 207
47 198
42 178
155 201
79 135
217 222
111 169
89 146
60 69
163 173
0 1
43 130
70 107
232 236
64 168
32 213
210 211
115 164
95 198
16 217
85 165
84 189
49 187
25 109
108 189
116 189
4 111
223 241
140 196
159 228
103 221
41 120
92 188
57 215
59 130
100 142
66 191
92 139
152 247
31 139
72 208
5 213
81 183
129 204
215 221
74 210
38 103
194 226
12 195
33 106
28 244
61 206
71 95
76 153
36 194
153 215
72 108
116 143
153 172
124 125
137 187
51 175
40 97
3 236
109 139
92 104
19 151
17 192
22 98
18 43
58 233
18 48
16 56
61 161
138 188
177 186
75 89
116 204
59 186
148 204
148 198
104 217
49 121
0 12
30 143
53 145
14 193
71 172
61 84
233 249
21 75
28 150
110 232
118 149
41 174
92 149
3 73
161 224
173 226
221 224
119 204
24 70
164 197
94 225
77 133
76 208
104 201
61 211
181 188
62 230
106 211
31 174
5 42
9 230
13 65
139 201
116 135
81 86
72 91
158 168
109 132
93 124
23 63
127 187
145 233
69 149
14 215
19 154
101 123
53 182
13 169
21 201
0 214
125 159
8 234
109 120
101 245
172 228
169 183
63 184
179 238
1 244
111 199
112 152
44 87
57 202
180 214
153 214
29 145
129 225
139 198
90 240
114 193
71 228
33 134
123 162
115 118
82 127
119 214
29 126
166 192
172 209
104 157
53 132
192 234
176 182
34 126
41 105
74 104
92 119
8 198
135 168
12 225
0 94
79 126
97 225
69 185
78 121
39 174
62 125
218 245
3 52
93 223
77 210
14 183
135 239
48 237
186 229
114 161
35 76
50 96
215 238
27 224
45 215
17 22
110 212
175 232
75 117
51 131
39 111
11 121
26 159
240 242
168 172
19 27
218 242
45 109
74 122
192 246
92 194
8 242
19 202
92 171
144 196
26 183
68 209
107 202
81 181
1 228
176 189
48 148
14 90
44 60
138 182
68 237
9 13
158 206
157 211
115 192
3 24
57 196
229 234
139 212
65 231
4 129
18 215
72 111
4 180
0 100
9 241
113 150
20 67
183 213
53 64
68 219
17 77
61 125
116 247
80 126
33 130
61 248
0 133
32 110
212 240
132 231
73 246
141 233
118 197
176 183
103 179
14 228
93 113
95 219
45 128
107 201
53 229
89 92
51 217
124 166
1 65
117 184
50 145
152 219
72 142
50 175
122 247
20 246
49 228
207 229
71 102
46 187
6 199
72 175
25 145
6 178
40 77
149 162
51 192
166 189
37 49
27 186
86 165
40 86
89 234
197 227
210 221
98 158
16 105
26 248
93 107
94 181
145 163
46 243
180 200
139 175
11 197
138 179
9 245
30 85
95 158
3 93
7 50
121 135
48 214
81 94
58 216
55 158
152 231
102 181
129 184
131 172
102 243
90 122
207 213
58 223
66 116
163 225
116 136
17 110
100 205
10 200
23 109
4 65
11 19
37 47
1 210
30 244
152 164
84 229
78 139
52 225
53 194
40 163
140 211
161 220
67 122
189 239
32 190
51 63
67 184
120 215
46 177
30 185
5 89
58 199
74 129
121 160
146 174
123 242
46 190
32 45
136 231
166 171
81 187
106 207
47 78
113 184
28 242
168 177
130 167
3 101
0 159
46 56
27 134
152 193
130 199
156 234
89 133
86 241
194 209
143 181
61 160
177 238
8 71
175 206
186 205
1 58
44 243
28 186
196 227
168 180
7 236
63 72
23 249
32 119
6 93
58 164
117 162
42 218
173 220
174 222
54 174
10 121
134 178
120 153
186 217
37 44
92 163
110 171
14 146
204 219
31 86
219 249
41 128
24 209
96 181
104 191
69 238
222 223
108 158
47 134
20 218
167 244
65 84
217 223
151 192
68 132
92 234
8 91
125 142
104 247
26 168
140 235
101 196
143 150
53 197
27 73
17 123
92 204
66 189
90 171
110 240
74 196
82 166
204 225
74 209
161 187
140 202
102 107
12 33
60 152
21 86
178 183
224 225
96 147
167 207
239 241
71 153
157 210
50 148
74 121
112 160
50 195
18 83
170 208
44 245
30 44
19 74
5 171
166 172
155 230
15 235
79 173
79 195
66 75
154 187
78 140
103 128
122 187
63 145
58 144
41 188
191 218
196 208
139 226
220 221
234 235
165 206
10 152
96 188
0 70
81 242
32 129
55 193
177 199
71 103
44 240
39 198
30 92
26 164
1 112
2 207
114 129
211 226
32 52
30 226
33 71
162 213
18 103
132 207
163 217
203 207
59 242
7 152
22 136
125 168
100 170
83 230
137 146
189 206
30 34
63 71
34 105
60 78
122 193
152 248
181 212
41 241
115 216
29 134
129 241
157 176
44 109
65 174
85 205
9 100
57 120
43 50
50 118
172 192
161 205
4 154
120 246
25 222
5 65
7 14
116 241
17 58
182 245
134 222
4 195
150 191
35 200
74 224
228 236
179 234
28 92
64 105
155 212
129 162
222 226
29 136
63 240
64 131
197 238
9 138
107 138
50 88
124 142
62 222
93 212
55 59
121 164
119 129
101 228
41 56
73 172
63 192
175 235
182 230
163 239
51 173
91 241
155 199
162 165
101 224
74 217
188 240
203 218
39 97
24 215
19 68
28 107
9 141
64 100
48 163
6 139
157 162
103 115
189 224
110 143
2 44
171 240
111 217
97 239
110 208
58 197
26 212
106 166
98 218
107 232
5 210
97 238
37 132
94 212
109 180
22 96
30 63
121 133
13 102
59 221
64 108
29 90
70 237
38 108
67 85
123 192
129 220
113 181
7 245
39 208
156 206
163 236
47 72
85 108
1 19
56 65
85 127
7 197
174 218
137 210
17 54
181 235
40 130
83 190
39 182
95 97
128 169
88 244
4 245
60 107
86 162
22 247
23 33
92 120
33 229
88 183
114 246
175 229
6 110
2 16
130 136
130 185
41 218
177 228
203 242
13 52
76 106
18 211
53 86
151 184
19 179
26 163
39 83
41 66
54 99
23 137
37 241
15 30
20 234
7 33
124 138
181 214
52 82
20 176
77 105
125 205
6 220
3 148
53 171
5 41
65 226
13 244
24 158
31 130
110 239
64 249
98 215
48 65
2 241
68 107
125 171
29 84
96 189
1 29
71 111
102 238
54 146
177 191
94 127
42 93
44 108
99 163
5 122
39 192
152 237
131 181
90 94
104 199
92 135
41 153
91 234
77 120
176 205
66 218
110 150
76 245
28 156
158 162
49 150
104 154
87 138
188 229
42 182
183 237
78 211
50 94
95 117
62 97
227 241
92 134
21 148
2 50
89 114
20 123
43 245
106 233
151 175
144 226
92 245
160 195
172 189
32 151
158 170
56 135
37 191
58 219
0 78
98 185
123 194
18 148
41 132
69 124
33 121
131 147
92 213
4 41
14 192
138 173
23 214
155 229
61 140
125 241
60 140
90 115
90 106
0 236
74 110
69 108
148 239
58 132
153 174
41 74
38 199
167 179
45 80
170 171
61 71
28 41
14 104
30 41
212 227
138 162
30 229
61 190
111 214
37 115
64 107
75 126
118 206
28 143
78 179
60 143
99 120
13 176
130 153
120 226
6 66
100 229
63 197
45 164
101 152
28 80
29 176
1 235
44 145
76 115
9 223
195 238
164 210
90 209
37 68
211 236
43 61
92 215
6 77
14 87
43 208
115 209
131 159
98 104
87 180
75 209
170 227
186 240
73 223
213 236
211 213
218 223
89 142
55 100
22 235
162 218
16 181
66 121
48 128
128 196
38 150
12 64
140 198
86 196
72 159
132 142
49 74
71 246
27 105
13 195
163 226
24 175
41 75
63 208
88 113
174 200
60 61
98 219
235 236
56 230
130 220
29 202
41 203
51 170
58 64
136 217
79 143
160 223
75 218
33 56
189 233
82 249
33 146
70 233
121 126
91 213
95 108
1 145
150 196
23 208
112 241
192 196
134 208
17 204
34 50
113 223
135 195
74 133
80 246
116 201
123 182
42 83
27 188
177 187
134 210
237 247
35 201
187 189
58 243
27 244
107 108
95 102
28 154
228 235
25 196
0 186
128 229
7 83
122 167
36 153
23 83
136 150
58 191
74 154
170 249
181 209
27 136
33 54
134 164
18 189
57 81
41 61
138 227
55 69
99 105
60 182
211 231
69 141
152 245
4 45
79 165
77 231
96 106
23 187
5 64
101 143
41 170
50 141
110 127
73 108
71 244
76 102
91 147
6 80
145 226
15 230
127 224
76 150
13 183
114 214
6 76
162 249
174 236
122 160
21 224
112 236
66 224
52 221
21 211
1 223
53 179
168 225
189 214
33 40
47 169
148 166
5 183
56 73
94 165
30 151
4 58
57 132
5 51
63 154
80 218
55 186
2 137
96 170
43 246
23 246
66 69
83 181
15 63
74 86
155 170
79 103
6 140
84 203
13 16
51 172
59 173
19 53
81 198
22 117
10 114
147 178
35 78
12 153
142 200
62 79
182 208
98 141
41 77
51 156
75 93
59 118
134 214
67 137
107 163
90 173
73 237
203 210
66 215
60 113
124 224
217 227
74 120
44 227
26 239
53 187
39 107
96 151
55 197
89 128
36 43
89 204
54 110
14 128
90 247
76 104
57 178
196 203
8 74
113 151
14 100
59 100
155 181
108 122
136 145
99 230
131 216
108 230
114 158
95 206
103 169
30 214
16 245
115 219
112 215
28 43
137 223
17 109
134 137
38 233
21 117
51 77
104 108
12 244
74 90
45 101
59 62
97 175
31 209
67 104
121 150
28 34
66 110
120 227
88 171
55 192
49 131
56 57
25 241
37 153
127 212
84 239
35 84
151 248
32 214
32 75
4 98
38 52
176 209
82 159
111 139
204 217
93 143
44 184
26 219
106 230
110 226
113 199
76 164
108 145
96 239
113 143
134 141
205 217
106 119
16 216
112 128
6 87
46 93
69 218
81 245
79 105
102 175
70 246
63 161
53 230
216 221
187 188
61 195
131 161
111 179
117 164
38 85
12 18
23 35
199 242
126 226
165 224
138 228
27 220
46 100
159 234
45 220
115 207
17 83
195 200
34 132
46 90
125 150
69 202
195 219
168 169
48 113
139 159
194 245
120 212
3 121
235 240
24 36
126 219
70 222
103 242
72 174
39 102
59 209
21 172
109 160
8 183
31 60
54 180
57 243
34 51
41 245
31 121
91 168
9 238
63 214
230 237
20 138
89 197
81 212
42 221
7 224
34 152
38 206
31 66
115 117
65 110
11 39
179 243
104 130
19 193
102 170
32 59
223 224
6 55
80 186
12 199
87 102
125 149
8 26
74 83
136 196
215 232
95 125
86 144
7 140
98 172
72 168
26 145
183 229
106 179
193 196
31 95
170 191
60 179
217 245
105 206
43 70
168 188
126 165
55 165
13 133
51 79
188 224
78 167
36 158
96 206
229 230
2 51
171 213
181 240
36 61
104 196
208 236
125 225
113 142
7 211
38 80
113 196
61 218
4 50
41 157
120 234
54 181
103 123
81 138
13 89
159 202
41 155
51 162
3 53
41 108
73 235
89 203
93 134
4 27
91 222
146 245
6 118
144 249
52 190
143 164
46 104
76 107
36 99
89 211
96 241
34 245
123 136
6 215
2 109
213 217
64 222
111 126
4 120
189 249
44 136
45 212
151 246
62 182
93 174
10 128
21 236
14 28
201 225
16 132
104 192
80 155
186 231
22 25
161 186
66 83
70 226
80 179
12 74
93 167
38 104
45 60
90 162
143 190
72 137
11 182
28 193
87 111
129 215
134 167
200 228
1 204
81 122
196 235
114 234
11 35
146 227
86 173
163 222
10 233
38 95
34 176
55 150
136 249
75 228
76 188
34 61
20 157
7 204
201 223
188 236
186 235
10 65
22 37
134 173
18 20
173 196
155 175
61 178
101 132
19 106
115 162
22 39
70 92
110 245
82 180
47 245
93 171
16 32
52 56
137 229
42 100
48 169
33 234
20 90
52 183
193 206
57 128
35 154
35 237
80 210
94 207
13 198
146 187
94 98
19 239
141 163
182 215
176 240
158 233
45 118
106 138
10 227
72 244
159 201
107 166
66 164
12 45
12 126
17 214
6 233
7 169
189 226
153 236
144 179
136 149
126 189
101 205
114 225
141 154
220 222
119 157
21 232
97 196
39 104
31 148
110 125
13 220
2 119
226 230
53 185
29 78
50 232
22 124
55 180
37 243
90 201
86 92
46 219
24 240
79 179
90 194
50 149
18 196
52 176
97 208
111 175
111 157
137 212
41 232
40 175
73 187
30 111
43 199
39 61
211 237
35 90
81 244
178 211
175 202
41 205
40 215
153 178
29 46
12 233
187 243
113 237
62 63
30 124
102 119
44 187
121 155
38 218
93 151
107 245
36 134
72 139
66 203
78 186
179 187
212 231
49 127
43 181
41 51
41 58
162 182
26 166
23 159
151 226
87 150
54 189
24 118
2 183
60 151
164 233
136 148
42 206
194 220
220 224
11 94
4 10
60 161
211 230
100 137
150 219
152 167
56 64
141 170
68 229
27 37
73 110
84 109
145 246
185 240
48 109
170 244
209 225
162 233
112 235
125 233
237 240
51 64
30 39
133 168
95 169
29 93
32 238
127 217
8 179
93 152
14 91
74 79
171 241
69 112
200 210
83 245
164 230
31 73
63 193
61 172
19 69
179 221
113 122
48 78
109 215
73 165
170 198
100 178
85 131
103 130
16 46
64 158
31 79
62 185
48 50
137 184
194 232
11 68
32 193
118 147
95 197
39 48
125 226
31 228
78 106
11 245
5 7
140 177
85 113
202 237
13 238
208 227
45 72
117 219
77 219
25 235
24 166
42 175
0 206
122 209
34 219
143 220
0 77
14 33
87 113
101 186
8 23
204 227
80 245
5 80
37 81
12 63
83 214
81 214
26 179
28 168
158 198
108 196
18 204
33 187
74 119
29 154
168 226
39 87
180 229
91 116
37 46
10 26
53 118
138 190
183 200
86 143
146 238
203 229
6 18
80 236
117 137
86 113
36 174
5 68
5 96
51 184
63 235
103 164
104 218
94 151
32 156
52 146
20 126
5 128
94 144
60 134
147 211
173 247
2 168
30 201
82 102
165 186
98 142
54 133
88 136
120 210
12 135
11 141
120 121
7 66
141 182
27 79
127 241
104 243
45 134
46 249
68 233
165 166
150 227
65 220
32 139
24 37
17 137
144 152
83 84
138 212
15 129
89 119
224 236
3 21
72 236
3 106
90 185
5 61
102 144
93 139
20 240
157 170
72 109
44 154
8 42
7 23
23 198
99 142
37 145
120 125
69 78
160 230
115 235
73 217
18 232
104 107
111 129
12 220
18 53
61 117
162 226
185 186
26 78
34 63
7 75
40 247
20 187
53 157
82 108
122 192
46 211
160 210
34 115
151 178
90 176
127 214
25 153
42 162
69 220
208 217
226 232
113 192
58 236
158 236
32 67
130 222
6 45
223 245
24 157
64 136
191 238
133 141
62 205
103 226
24 172
37 108
2 148
58 152
138 238
158 216
22 188
38 67
33 46
55 143
59 159
43 148
102 185
31 58
99 236
25 158
83 158
28 235
118 216
34 225
18 75
121 167
177 211
74 211
7 94
107 234
80 120
82 90
18 248
100 128
66 105
203 227
28 181
200 245
113 149
178 213
1 84
158 174
19 110
69 244
115 201
4 144
22 215
93 244
61 229
60 191
14 168
93 144
16 44
145 165
155 177
104 139
26 98
209 227
65 121
30 189
123 218
29 168
167 229
145 187
141 174
36 119
99 173
4 241
27 131
30 227
110 192
7 43
175 231
48 199
151 216
68 80
47 77
5 222
70 209
42 107
20 180
45 163
34 174
44 166
88 151
26 46
110 197
222 245
161 225
94 211
9 43
150 171
231 242
23 211
141 201
122 145
171 190
35 57
79 114
118 223
19 102
164 216
212 238
123 211
173 213
108 217
34 241
111 117
72 85
36 242
66 240
89 158
32 194
146 147
125 221
117 145
73 133
111 137
122 175
80 200
148 234
9 173
8 203
183 195
146 249
157 185
88 218
86 101
78 217
84 160
75 85
39 69
191 223
86 214
164 231
18 129
0 192
138 203
52 71
0 199
173 186
6 59
200 223
212 239
65 159
47 228
104 122
22 68
3 60
79 84
84 132
122 123
45 139
124 218
75 82
82 183
156 233
167 198
48 245
146 152
20 220
30 72
84 194
83 231
26 112
88 222
97 150
31 171
83 164
17 92
147 215
9 47
7 62
32 51
27 123
152 165
228 233
159 177
165 242
10 27
19 85
115 218
52 114
83 124
100 247
3 233
11 132
47 229
15 212
42 140
19 150
69 140
37 87
108 174
175 209
61 77
12 235
185 187
10 169
142 190
32 169
41 47
132 168
22 74
63 196
24 132
21 195
138 197
6 85
84 129
114 147
82 198
153 208
94 103
13 95
137 247
14 63
77 121
9 248
83 212
100 143
132 149
11 186
83 85
34 228
17 131
94 223
62 91
51 244
110 190
62 115
187 226
124 174
169 184
168 224
12 171
6 31
9 197
67 142
89 243
70 142
56 238
13 84
108 204
195 223
118 234
30 51
85 226
121 154
230 247
39 168
71 243
169 182
109 175
103 110
98 246
9 160
18 183
65 230
144 214
50 213
117 222
23 220
63 200
193 240
20 87
47 48
62 248
33 155
73 182
13 25
6 227
22 72
96 129
153 189
168 241
68 159
36 156
124 176
28 215
76 173
13 177
11 222
92 230
24 146
53 159
152 161
26 238
118 233
25 122
123 143
16 43
52 53
177 227
46 202
156 161
128 129
24 221
108 170
13 98
0 181
169 175
26 158
0 139
114 183
143 200
47 157
105 208
32 230
26 38
86 194
39 215
33 39
85 137
221 239
15 37
29 232
15 165
11 143
111 140
149 206
18 42
57 195
18 110
1 222
57 153
51 138
23 213
107 244
111 242
124 237
122 194
135 140
2 118
25 75
199 219
181 203
69 176
182 222
70 85
11 23
49 148
43 76
107 170
7 232
129 157
48 176
44 116
155 221
38 43
25 224
157 167
79 123
116 231
44 123
126 231
133 214
65 223
93 115
123 231
25 137
33 161
106 239
80 153
15 172
89 245
39 128
105 148
114 213
79 229
56 202
45 210
84 228
108 113
97 214
45 102
117 127
84 236
6 109
2 173
111 238
92 143
201 206
37 78
7 30
155 247
110 183
13 223
178 235
45 125
112 213
119 231
7 73
36 223
97 116
86 128
115 186
37 45
147 223
73 178
52 140
6 167
114 139
42 247
125 224
89 189
23 188
11 208
30 33
47 127
117 213
1 214
91 148
52 113
71 197
9 69
91 236
75 231
136 156
94 186
142 169
63 171
22 27
39 88
54 130
128 130
241 247
28 74
174 221
70 162
206 237
225 248
150 247
66 242
195 207
75 102
83 113
91 176
139 191
196 219
42 227
48 67
65 144
68 148
141 242
6 181
119 211
108 233
146 165
72 93
34 108
54 64
105 231
0 129
101 128
73 166
22 221
16 234
214 220
72 76
3 47
111 135
31 132
78 128
206 236
122 214
70 143
22 103
164 172
23 47
42 120
41 167
128 193
157 183
82 204
10 69
143 167
46 203
159 221
134 185
27 31
107 236
29 50
97 151
45 154
69 196
74 247
22 24
104 210
80 221
173 248
126 216
30 137
20 224
58 184
10 213
57 220
55 228
120 166
92 240
114 219
180 218
49 218
3 244
149 219
45 222
75 232
133 232
18 91
195 232
101 104
82 220
164 200
39 234
87 135
34 206
56 178
64 79
155 242
77 149
140 167
20 188
1 224
42 157
66 229
50 143
101 230
115 199
155 188
81 186
13 30
162 236
107 229
128 182
35 167
102 209
187 193
172 186
121 168
148 178
74 127
13 135
97 173
123 203
138 185
16 163
143 172
59 183
104 245
33 34
20 47
10 50
47 85
29 60
162 178
25 189
137 143
25 210
158 227
49 51
12 109
109 148
182 213
71 163
183 241
38 213
18 242
70 201
9 129
198 232
120 154
193 216
203 247
47 193
60 186
7 18
9 75
140 191
61 150
101 235
96 132
114 230
146 236
86 192
84 202
145 248
150 233
75 154
91 166
194 243
56 196
39 47
129 137
5 33
115 194
169 225
28 121
19 113
123 177
129 206
3 122
72 241
156 205
118 212
25 151
105 198
166 242
24 77
44 128
205 218
98 213
85 178
12 19
33 117
105 243
152 210
117 230
8 181
97 206
131 135
9 121
179 191
215 245
141 143
80 204
47 92
75 80
68 210
18 221
139 180
71 219
149 189
210 247
91 246
117 133
164 203
160 168
51 159
91 163
62 107
36 182
98 244
32 103
120 176
106 223
45 183
122 143
119 145
86 130
44 249
56 59
152 223
112 147
137 183
132 146
31 249
16 152
168 175
14 134
197 243
31 115
176 192
56 175
101 170
26 229
9 30
54 156
142 192
141 192
74 223
140 192
168 227
93 110
52 205
9 112
168 215
130 216
21 194
37 189
81 213
80 139
81 134
43 240
144 227
100 120
22 228
56 192
31 123
67 110
77 83
130 214
103 200
15 171
103 184
6 91
175 189
54 84
162 184
174 242
83 206
147 206
67 157
93 129
195 246
196 223
49 144
63 233
69 247
74 172
8 151
42 194
205 206
128 232
49 84
65 234
22 174
82 131
112 191
175 187
0 57
106 235
144 150
192 243
16 219
17 79
20 60
23 226
3 15
87 126
12 150
191 196
97 223
7 230
67 223
215 219
157 217
38 212
94 141
8 124
82 97
36 175
60 177
48 60
96 163
10 103
83 171
119 144
2 85
94 177
9 180
18 150
126 142
159 223
77 186
112 137
12 113
26 198
51 109
30 139
8 237
27 239
195 242
12 22
55 133
31 135
173 181
7 146
0 82
221 240
40 74
92 193
65 225
74 180
2 22
96 121
13 185
59 220
26 103
159 216
0 239
82 135
7 185
218 228
16 27
63 67
8 192
8 10
43 233
87 184
55 167
35 102
6 69
13 197
109 230
106 200
40 230
86 89
77 156
104 169
24 84
171 216
34 92
75 224
77 158
14 96
135 198
56 63
17 82
145 188
218 227
80 156
66 158
12 188
36 172
14 154
70 129
192 249
139 206
164 192
24 60
2 64
145 183
10 102
155 174
65 112
182 227
124 247
173 182
41 194
170 239
83 205
13 91
39 180
74 93
101 241
135 157
107 134
43 213
198 226
143 238
11 17
74 132
94 247
133 166
58 59
67 236
56 94
40 43
1 150
58 200
189 232
101 201
185 200
44 176
34 194
29 166
88 157
176 224
23 217
63 128
62 213
49 91
72 97
0 232
41 182
220 241
61 137
18 107
15 23
99 208
91 135
66 114
71 127
29 51
94 189
91 244
1 91
126 132
109 225
73 214
32 216
84 91
42 47
43 139
29 109
101 105
135 237
28 152
81 147
100 221
91 164
69 102
148 241
80 123
5 100
169 189
23 38
85 112
155 168
76 197
15 34
48 104
21 53
102 234
52 206
203 245
120 157
19 64
148 246
100 244
2 36
19 142
59 234
79 227
139 156
6 27
42 177
63 110
82 197
134 165
5 220
125 231
147 229
229 246
80 248
129 201
40 140
185 219
120 177
147 227
19 183
146 176
93 100
172 227
75 152
120 131
63 119
220 248
10 182
159 229
9 15
31 186
113 161
106 195
65 190
19 233
140 246
9 123
116 128
87 187
126 202
83 106
86 129
139 243
24 101
75 114
122 239
55 220
128 164
145 184
35 111
121 180
148 158
197 249
87 228
1 239
97 108
72 226
46 65
115 249
42 191
33 113
164 185
79 190
63 85
26 115
147 222
130 147
45 249
180 235
181 227
46 141
120 214
155 186
151 162
40 179
1 110
28 37
27 122
19 20
128 200
4 105
125 133
25 36
101 156
170 246
2 139
99 191
61 119
37 192
10 74
100 196
30 228
186 232
69 115
107 242
21 207
136 227
70 235
42 168
149 212
79 185
35 153
48 135
180 202
113 200
66 151
33 182
141 221
15 108
144 239
30 142
212 216
117 236
4 16
54 234
119 143
84 134
52 93
88 128
86 161
111 121
136 191
126 214
28 187
135 181
55 130
70 211
11 216
17 85
3 154
21 100
56 109
142 228
20 99
105 212
88 177
66 149
219 243
10 124
8 43
25 79
144 193
178 199
148 200
49 56
129 161
81 155
169 246
185 247
30 235
68 97
76 154
95 221
10 38
188 217
217 237
139 240
4 23
18 73
38 99
81 136
16 120
133 207
53 55
48 130
122 216
66 163
76 93
61 201
41 117
28 209
32 154
152 213
103 227
2 58
176 225
75 182
177 237
35 196
32 203
110 227
132 163
101 140
21 56
60 88
126 175
95 229
165 219
69 193
1 194
238 248
125 132
16 195
55 79
211 244
134 218
25 62
100 206
56 153
3 223
18 224
22 65
42 63
23 121
17 118
184 189
3 98
113 214
31 175
45 127
90 186
59 243
62 242
216 242
43 111
210 230
2 242
15 44
14 124
134 160
203 239
19 111
36 102
0 153
163 243
38 223
31 236
55 137
125 249
89 98
58 234
60 215
36 93
79 82
49 137
160 171
9 23
48 162
125 211
155 164
36 141
47 174
48 172
25 146
11 111
56 182
117 190
0 135
5 184
67 156
71 238
66 80
113 114
94 239
178 249
52 243
41 240
117 224
40 87
96 229
21 121
8 173
75 157
63 248
161 177
108 214
18 142
23 107
51 75
49 96
169 238
0 238
2 123
83 131
92 175
59 106
173 224
85 104
3 171
21 45
4 63
44 124
207 221
28 155
20 49
49 79
24 72
7 81
7 108
66 99
143 171
146 210
5 92
8 20
9 64
68 234
12 36
158 223
121 212
48 193
88 129
96 200
49 90
14 157
157 174
78 134
156 171
176 241
1 31
15 240
69 128
130 145
10 215
13 108
55 196
5 245
85 144
156 159
67 74
59 195
0 226
60 93
94 231
73 76
64 228
119 194
59 129
26 54
22 236
33 85
178 202
8 245
54 231
74 228
50 249
25 64
74 138
105 134
40 208
5 32
141 203
117 233
93 227
73 229
33 135
54 65
204 230
4 145
199 230
44 134
61 224
34 181
6 47
164 189
20 221
163 191
4 108
20 85
53 181
174 220
30 196
92 243
78 127
174 227
133 191
166 200
213 240
221 228
33 77
17 162
209 234
159 174
45 189
211 222
65 206
136 204
44 231
177 215
172 234
201 224
28 51
170 223
26 128
5 185
126 227
35 113
43 170
87 172
137 151
117 175
97 121
162 197
48 127
158 178
200 220
98 248
3 78
113 155
19 211
4 148
41 172
44 194
162 163
135 219
10 131
58 185
110 195
88 140
160 220
192 219
8 123
74 144
207 230
109 168
101 110
25 142
32 71
38 46
7 234
34 244
219 240
100 154
94 164
4 136
114 206
69 111
112 220
213 237
114 182
67 207
37 245
21 113
104 147
94 117
21 218
46 133
217 240
120 221
76 127
188 238
49 106
57 219
19 147
34 54
121 151
46 172
40 234
39 163
85 233
29 205
8 204
133 244
240 247
43 54
61 165
65 219
41 90
29 160
21 132
113 148
50 60
131 192
108 187
200 241
182 197
83 225
104 246
140 157
194 211
74 235
51 142
70 228
99 235
117 240
205 223
15 135
77 216
130 186
179 245
43 185
47 219
23 201
93 112
31 199
66 120
184 227
5 85
83 182
153 220
64 65
34 59
173 222
19 88
142 213
106 220
103 159
55 56
176 204
10 33
39 44
15 33
108 205
158 239
71 211
11 81
75 83
77 155
182 236
9 89
134 144
165 172
175 190
205 229
87 125
207 233
144 235
143 176
132 188
117 152
140 186
149 205
25 99
43 135
218 226
40 156
2 31
210 229
116 226
120 195
191 212
11 46
17 86
144 169
34 203
35 233
26 130
96 97
3 209
211 239
70 136
2 171
8 122
160 169
20 177
16 107
61 199
50 156
187 219
79 139
17 107
168 216
57 59
47 130
127 153
49 174
122 172
32 34
156 193
50 62
11 172
74 213
167 183
11 159
28 73
26 244
94 187
51 76
31 234
34 229
57 204
58 91
88 103
150 248
5 170
13 219
33 97
72 79
105 191
72 145
103 193
15 160
73 147
87 104
7 136
180 182
11 125
24 218
113 204
96 167
52 95
64 110
109 184
168 197
212 224
37 246
140 201
24 249
6 129
161 206
69 131
16 50
171 239
61 134
207 243
97 228
42 59
79 202
153 158
72 157
178 201
16 236
112 249
158 231
48 49
123 155
112 153
179 206
107 165
17 167
10 216
25 199
35 234
56 205
193 235
61 109
73 74
60 231
55 212
29 178
35 219
0 143
0 241
110 165
167 176
213 216
34 122
156 231
81 95
7 55
71 194
41 141
41 72
110 235
36 166
131 155
41 215
87 238
47 244
54 98
136 210
103 132
18 60
14 95
72 249
57 143
49 179
21 154
204 241
9 103
88 107
45 213
120 174
236 245
108 127
168 191
145 206
70 115
57 173
213 225
142 146
24 127
131 178
148 188
10 22
41 110
107 117
7 143
2 79
187 231
207 228
73 230
38 48
11 98
223 239
67 224
29 89
51 203
58 178
7 96
77 162
46 143
82 122
170 178
26 222
34 87
123 142
96 226
13 172
8 235
138 186
114 211
49 57
211 223
19 236
88 105
79 124
22 155
156 183
105 113
54 129
141 228
138 164
30 99
79 130
142 245
224 247
76 207
105 178
53 241
45 147
10 52
90 234
193 224
4 223
82 154
47 89
63 180
115 146
75 115
175 221
80 105
169 211
166 167
4 70
14 119
225 228
96 211
50 236
18 143
141 215
81 133
160 216
160 194
179 213
97 178
95 249
13 181
42 204
3 187
25 50
45 54
43 121
176 187
5 202
106 189
77 180
74 123
4 192
120 188
33 203
100 234
41 127
152 153
47 239
25 176
76 79
15 181
110 186
10 195
24 116
70 109
81 159
9 79
19 167
3 208
103 249
3 50
6 141
51 133
67 127
100 213
1 142
63 189
178 230
152 184
220 231
45 138
102 151
96 203
106 248
112 207
110 139
58 98
61 237
11 231
74 164
27 170
74 200
7 99
11 89
60 135
32 242
50 197
146 183
39 150
4 238
69 204
47 158
58 117
161 234
58 111
157 168
31 201
113 144
24 177
73 163
161 212
75 104
35 158
164 206
46 115
31 206
62 106
120 190
222 248
8 34
4 24
147 150
162 181
223 246
48 74
100 232
60 185
231 244
107 109
127 169
21 126
55 236
10 240
55 160
24 217
41 135
120 126
32 173
107 167
108 237
128 215
174 195
52 134
127 235
6 30
118 215
70 108
234 237
38 74
4 181
210 226
133 159
8 17
50 116
106 178
132 183
67 225
184 210
47 214
68 114
82 84
43 192
154 179
27 192
106 134
110 135
51 221
4 203
189 212
123 233
60 95
29 42
123 191
96 191
30 56
25 248
73 180
29 203
135 224
52 87
49 53
40 206
20 146
11 210
96 109
56 83
157 227
132 187
135 169
73 225
166 201
75 91
104 233
44 59
92 233
112 247
4 33
53 56
67 150
13 111
16 198
