300 500
118
53
52
96
73
66
35
72
20
21
115
105
69
108
65
90
22
93
79
24
29
117
70
78
40
71
41
53
36
97
45
34
31
77
62
84
76
77
89
28
79
84
66
80
72
111
103
74
36
114
30
97
111
81
55
83
84
76
117
100
106
42
66
117
52
108
33
60
117
102
20
28
66
66
41
71
110
24
77
26
118
88
56
61
49
91
25
65
48
74
45
34
48
43
83
32
83
96
72
80
31
73
41
29
71
62
80
61
66
90
20
116
110
56
109
91
27
66
36
107
20
113
73
101
36
36
113
99
65
118
111
76
23
32
85
74
26
98
68
24
20
68
20
110
104
110
81
63
56
49
51
109
42
56
90
110
25
35
41
70
85
32
78
88
97
95
95
103
25
43
108
25
91
60
67
27
102
28
70
91
109
53
32
31
90
54
73
95
69
94
97
87
59
107
55
36
82
30
71
88
105
111
93
76
104
41
35
38
101
86
109
43
71
73
106
93
107
60
20
109
34
97
76
73
84
111
41
99
74
45
67
111
88
92
20
72
65
35
43
99
101
32
22
105
38
108
78
25
48
79
114
63
108
70
116
73
114
90
52
20
115
51
111
83
23
111
88
21
79
111
100
60
75
102
97
93
90
56
51
71
115
45
114
103
48
62
108
94
84
92
94
79
23
37
95
79
81
115
80
40
67 295
28 45
220 236
98 161
57 76
44 205
265 286
67 237
90 194
117 176
39 237
58 122
16 39
212 290
183 218
2 3
100 213
83 149
72 244
148 248
1 205
39 244
170 181
12 106
76 223
167 189
63 160
226 228
102 268
193 285
186 196
39 99
48 122
1 120
1 118
20 119
17 258
129 159
17 198
26 141
30 293
205 246
145 224
134 247
27 192
131 284
76 275
23 282
198 283
17 195
36 267
188 295
99 284
176 235
17 169
13 162
100 259
67 245
183 253
128 245
32 229
7 259
5 241
82 256
25 277
65 245
60 213
65 281
216 236
6 234
148 230
106 241
103 267
177 221
5 100
30 253
13 16
9 87
95 286
120 125
52 122
86 164
103 203
72 101
107 189
37 54
265 295
4 120
224 277
221 229
3 283
245 296
142 255
143 290
20 293
97 162
0 142
262 298
63 203
70 92
176 222
129 239
186 223
111 148
32 215
77 198
75 87
246 282
82 142
127 272
134 162
57 225
135 187
55 90
2 177
183 224
64 105
28 215
2 26
176 218
111 254
168 198
81 167
215 232
9 204
42 223
91 267
278 280
87 206
68 208
16 251
121 184
68 99
122 150
26 178
40 289
32 261
165 239
128 172
80 137
123 128
112 219
93 142
49 197
180 266
9 249
194 269
70 89
45 220
212 223
4 247
31 264
256 265
145 197
180 277
8 34
147 152
47 280
229 240
148 172
157 247
173 269
103 244
58 149
22 164
124 163
79 141
96 247
97 144
242 277
173 276
37 78
69 175
125 167
273 299
92 246
182 265
267 286
78 209
126 135
11 100
41 231
152 288
28 249
22 132
58 278
50 68
136 226
13 137
93 188
38 237
135 220
154 203
112 206
41 232
33 290
32 53
257 264
20 44
205 259
66 237
117 263
5 151
43 195
164 188
83 202
126 270
29 174
81 125
57 193
174 184
142 279
159 268
40 237
196 203
245 270
185 260
87 191
130 163
79 138
70 221
196 281
156 244
69 225
171 289
163 178
21 107
75 143
80 180
83 115
28 113
53 213
73 192
156 237
74 294
68 145
41 212
19 258
33 299
190 211
162 297
57 284
124 164
137 239
217 248
52 53
131 178
246 287
20 167
34 235
2 165
37 259
47 266
51 278
46 168
261 262
217 247
18 41
163 208
32 163
125 137
217 256
15 215
234 296
82 287
169 205
136 259
102 216
58 194
105 205
114 167
83 118
136 166
30 124
96 208
222 245
45 214
60 230
129 278
169 294
60 216
126 196
42 227
50 285
236 255
102 142
123 260
41 185
61 149
123 245
69 269
15 167
150 283
127 165
122 128
86 189
90 212
17 85
136 254
54 242
91 197
44 266
157 281
58 60
42 183
4 11
4 223
40 78
73 206
202 205
80 291
91 222
203 228
209 239
116 293
151 260
242 247
100 278
38 280
22 158
214 274
85 278
138 216
18 211
122 275
165 254
8 266
176 221
115 237
105 182
33 160
65 103
32 44
12 255
134 165
86 108
80 224
139 218
140 209
14 181
47 185
203 268
55 144
177 292
11 59
150 171
145 215
26 177
11 281
146 242
80 199
254 279
4 93
196 249
55 130
210 240
178 229
195 285
72 74
29 85
132 179
257 277
35 95
106 154
69 148
4 268
229 259
285 299
0 104
159 182
130 144
112 151
47 75
97 149
119 126
235 251
58 244
205 280
187 279
48 63
35 68
16 68
27 67
2 183
119 236
2 95
132 246
114 207
45 211
57 165
89 292
147 168
149 236
52 215
36 168
16 123
136 236
15 140
194 256
75 198
45 182
14 77
191 292
37 222
102 279
244 254
23 175
91 259
76 196
164 226
64 294
52 287
131 179
67 87
17 125
7 162
63 292
74 107
183 296
38 196
27 203
50 282
78 125
61 206
73 287
70 189
57 282
165 241
60 289
4 114
130 166
174 193
210 248
52 94
0 244
23 184
166 203
33 73
134 291
117 239
61 173
6 207
171 248
72 160
8 76
26 138
200 295
83 205
148 187
51 144
235 240
143 167
153 292
197 229
178 220
14 52
20 282
84 268
29 65
91 212
219 259
55 292
165 192
268 294
37 234
130 256
109 249
6 59
31 127
20 231
41 65
243 270
61 79
87 142
231 291
114 251
221 275
167 168
188 215
150 256
144 213
32 254
143 214
12 93
33 174
25 292
20 126
14 239
99 102
90 134
33 248
8 93
221 261
136 227
150 184
38 46
70 97
0 63
13 213
140 156
