250 250
53
54
64
39
26
51
68
85
101
45
115
72
113
77
100
98
43
61
107
45
110
109
88
31
102
44
117
50
81
34
84
67
21
81
86
27
112
86
45
46
63
40
98
56
97
30
35
72
71
22
50
114
111
118
25
94
94
74
76
107
40
92
54
41
53
73
101
98
91
26
24
35
98
54
71
27
116
38
80
20
92
62
114
36
112
71
62
86
25
118
25
97
42
60
119
76
113
100
106
84
106
62
51
36
96
55
43
92
73
55
92
98
97
38
114
89
89
56
107
46
54
113
24
28
105
23
84
50
55
70
114
41
112
98
109
40
33
32
65
38
68
89
116
97
108
110
119
77
46
106
104
32
51
108
41
88
63
57
118
98
60
113
71
104
43
60
25
56
72
22
74
72
91
71
50
31
113
49
89
40
87
25
104
71
65
25
39
108
63
38
38
103
83
41
87
106
81
44
42
85
46
48
38
70
51
20
81
45
49
50
117
116
107
101
67
52
59
87
92
102
57
62
37
20
83
56
106
96
81
80
62
59
60
32
109
92
32
71
69
113
53
118
109
93
51
109
25
90
28
50
17 184
100 188
8 118
86 223
29 76
152 242
100 182
177 226
94 178
65 245
155 179
171 243
8 227
157 162
86 160
96 177
127 196
37 245
10 135
164 173
163 166
15 115
98 241
42 129
188 209
93 124
147 240
86 100
95 124
13 136
34 211
63 161
10 202
145 156
65 80
59 228
98 176
48 93
168 237
177 208
48 51
51 141
137 198
175 241
84 106
61 118
68 227
29 78
31 38
96 223
134 220
68 176
19 61
81 116
44 108
9 39
90 197
2 248
79 243
25 163
20 32
163 165
98 197
173 201
43 171
57 72
91 118
193 208
52 199
104 238
51 163
165 180
9 151
10 176
173 212
57 115
30 232
182 220
24 79
105 225
47 163
47 139
133 240
83 199
53 144
57 173
104 206
74 108
187 215
136 240
1 149
47 234
32 120
18 213
124 246
43 188
139 235
124 182
131 226
59 222
36 233
30 243
189 206
6 203
89 143
145 247
146 193
77 129
118 147
40 114
123 229
114 158
66 192
144 239
48 74
110 117
133 249
72 205
10 205
99 181
178 202
145 244
176 225
45 222
12 122
11 98
169 241
58 212
112 201
38 202
0 171
133 148
170 206
58 126
216 239
77 168
19 173
165 195
0 137
92 224
104 150
72 243
35 125
89 153
208 236
88 127
128 129
74 152
84 132
28 152
207 223
173 242
88 232
187 232
132 226
206 228
29 236
111 221
166 227
4 201
180 185
93 166
58 167
68 244
151 198
124 249
7 172
116 239
10 155
221 236
37 178
66 125
38 59
89 225
117 142
52 229
72 174
70 233
139 193
94 227
189 226
197 218
0 186
11 186
10 194
83 99
40 166
61 99
56 150
25 176
7 42
179 216
182 249
125 199
29 240
72 180
40 107
108 127
79 165
125 221
172 175
60 215
121 190
98 166
21 92
123 165
52 100
132 134
52 81
9 144
183 212
70 74
53 224
30 155
103 219
132 246
25 192
212 216
64 230
64 187
73 188
25 103
92 235
11 246
122 168
141 233
56 67
53 132
121 185
139 192
21 38
40 63
104 213
29 129
85 196
10 67
22 236
78 137
7 148
27 75
20 216
10 76
135 165
6 208
97 202
50 240
193 220
36 156
37 47
165 234
