250 3000
101
20
49
79
111
116
27
103
28
95
31
64
47
98
72
82
60
68
72
111
104
45
92
103
114
102
111
94
94
59
57
75
111
38
34
103
86
93
38
95
69
49
91
48
79
44
110
72
44
62
115
28
40
87
64
34
21
107
60
95
46
49
103
37
67
117
72
34
43
90
109
92
72
32
72
31
108
114
35
33
109
30
41
29
49
85
95
51
24
87
78
50
116
61
20
63
111
72
29
34
95
70
58
47
83
110
110
71
56
78
84
45
88
106
106
118
23
33
49
28
100
107
110
48
101
110
44
92
115
53
106
42
104
96
21
67
38
63
118
74
21
35
100
90
21
38
40
76
52
21
36
84
60
27
113
41
69
37
65
64
22
51
38
106
79
39
105
97
83
56
52
84
71
84
106
24
102
78
32
86
79
49
51
72
56
96
93
57
65
39
54
67
22
72
106
82
92
43
111
107
79
43
23
82
107
62
38
42
20
51
108
32
80
91
84
68
67
57
105
64
28
39
112
83
92
50
97
116
73
88
103
85
112
106
99
51
48
118
25
101
49
66
113
61
37
77
109
37
66
94
55 148
49 177
195 237
51 234
73 74
210 240
58 82
121 132
39 132
150 207
46 248
106 125
60 177
121 177
74 126
74 81
8 181
225 228
27 97
172 212
25 100
14 34
135 185
18 169
78 174
69 72
175 178
197 238
68 205
131 166
46 99
80 205
180 210
57 160
59 123
12 81
0 95
37 148
19 82
109 207
26 97
25 181
54 129
9 115
49 133
96 140
197 233
28 193
188 229
39 102
61 184
153 163
29 51
201 214
158 172
19 73
4 36
90 146
114 235
35 99
91 247
230 233
11 38
18 25
128 199
113 159
62 164
26 193
67 79
157 240
82 237
24 111
8 87
114 174
66 122
209 221
44 157
48 202
55 79
107 168
77 207
121 220
98 241
58 65
30 74
17 150
12 157
96 143
110 122
20 96
28 82
37 67
19 126
34 85
3 99
158 243
65 182
25 30
15 197
45 186
86 123
30 165
58 98
220 228
20 249
66 150
183 236
161 188
5 125
47 206
40 129
163 217
99 105
41 121
46 227
63 183
14 52
30 94
86 114
5 131
64 117
55 241
98 226
23 180
157 161
124 166
21 177
218 223
121 244
13 195
110 142
194 196
142 226
63 77
7 208
68 226
23 161
31 101
9 63
166 226
142 225
142 152
16 115
10 222
88 167
125 231
129 174
27 106
66 104
169 175
63 89
151 188
0 182
39 111
15 98
73 130
10 22
26 77
49 240
36 78
14 68
161 197
188 189
53 106
43 74
32 208
15 183
117 146
37 218
66 229
155 211
165 241
68 233
75 191
79 219
37 154
65 93
133 234
4 140
150 240
22 66
82 108
57 107
51 127
132 246
45 151
36 93
168 179
206 211
4 27
41 158
64 236
76 151
120 182
41 110
184 209
43 234
2 143
123 195
179 248
2 168
23 57
22 202
115 234
58 143
69 127
113 207
145 210
179 233
103 195
63 114
9 31
175 206
3 11
111 150
68 183
58 215
227 238
93 112
74 170
201 236
45 239
166 236
2 108
166 211
30 197
24 81
39 83
108 152
8 188
115 223
81 178
31 156
171 245
97 249
87 166
150 155
66 234
92 244
68 160
54 118
42 180
51 183
115 159
85 156
19 52
129 197
13 235
156 205
8 56
105 174
5 143
182 230
174 176
94 174
188 228
64 230
11 115
163 228
100 126
134 145
116 152
138 195
129 150
146 239
2 207
16 202
109 198
34 135
209 226
16 230
39 146
50 246
11 114
131 240
111 117
115 238
35 233
3 214
2 185
204 244
106 220
49 215
20 83
98 203
42 183
82 114
110 181
45 234
36 84
85 126
68 199
55 161
33 198
57 89
15 45
59 94
181 230
177 183
29 72
218 245
6 150
207 240
180 195
83 208
14 43
61 65
213 222
222 246
23 131
68 187
98 146
14 229
29 43
160 162
115 233
121 155
112 235
32 214
144 172
116 158
67 177
30 76
2 48
127 129
32 66
178 195
61 165
46 157
104 172
207 220
155 214
140 193
157 179
24 73
79 140
84 248
160 170
24 29
10 60
92 151
178 198
21 195
30 111
215 242
51 202
37 107
15 231
124 138
70 120
116 204
68 138
199 216
14 26
17 61
221 240
94 215
178 185
29 124
77 144
80 181
36 198
162 238
153 244
112 114
75 80
170 245
71 136
85 195
6 163
103 236
98 170
34 80
99 204
95 165
31 246
26 170
41 46
40 158
46 122
7 121
177 202
23 116
64 163
79 211
22 64
65 120
86 145
6 37
172 201
132 233
20 159
66 153
52 61
98 106
183 215
219 237
143 187
59 113
101 176
123 138
55 240
178 243
102 200
151 216
24 98
44 236
109 241
13 110
68 154
111 189
34 182
29 222
88 142
68 73
196 226
133 160
41 190
83 245
8 86
19 107
165 175
18 68
82 127
25 48
45 214
80 184
95 213
52 237
51 125
129 157
169 173
12 66
197 212
62 220
135 183
60 179
201 248
78 181
182 206
227 228
162 170
16 159
125 211
105 176
86 115
111 157
136 169
178 200
92 116
2 171
127 202
78 164
197 200
9 234
153 237
64 176
2 223
44 127
1 185
123 156
63 218
87 105
15 85
157 201
78 209
55 86
31 72
17 83
19 26
25 170
117 201
59 245
96 97
3 246
215 220
57 66
151 172
79 174
205 235
10 112
143 173
36 190
78 158
68 248
36 183
84 134
144 153
0 231
79 92
62 105
146 172
68 221
175 247
0 232
112 232
156 197
5 233
83 198
17 141
176 184
18 53
58 162
14 143
107 161
16 223
21 119
40 243
40 68
142 240
75 152
4 99
9 83
31 185
178 194
128 150
55 105
17 249
114 115
13 127
222 236
143 244
184 207
89 99
104 181
6 241
108 245
106 191
106 143
153 223
71 225
28 133
31 132
46 247
59 248
72 124
17 147
104 168
53 109
9 204
41 195
16 149
43 224
1 193
117 166
40 154
38 243
24 69
22 115
21 122
26 145
173 195
15 113
129 170
185 223
116 180
48 233
26 117
22 60
27 241
34 78
72 100
94 198
93 217
14 217
16 84
229 248
54 107
37 183
166 170
140 187
192 209
52 72
200 233
106 231
30 55
3 184
1 226
45 75
95 145
59 213
39 229
86 211
93 145
116 225
162 163
108 208
160 223
143 238
50 109
43 120
96 156
44 231
139 142
53 228
103 208
92 166
38 146
163 224
6 77
114 238
35 212
126 167
122 237
96 155
127 172
139 180
36 223
175 242
21 130
52 113
47 199
3 62
9 25
13 139
123 174
102 225
65 193
200 224
161 248
77 153
51 179
189 193
18 216
39 185
199 238
5 246
8 39
58 64
50 120
77 95
76 155
20 197
171 220
220 233
48 170
201 238
177 201
71 144
181 246
195 213
21 70
43 60
180 203
50 226
3 156
80 146
61 93
31 202
24 117
116 139
72 105
90 125
32 86
49 130
12 17
39 75
82 118
12 201
72 178
165 177
61 84
109 247
6 61
130 225
86 246
10 114
56 101
236 238
37 142
12 116
44 151
51 85
104 162
86 199
114 134
116 218
27 225
34 67
139 197
9 225
194 226
87 147
32 75
27 133
102 214
39 115
146 192
160 200
46 150
99 181
116 215
1 144
42 171
30 181
39 118
156 164
117 244
2 62
47 171
29 136
149 170
103 147
54 112
10 58
9 56
24 43
76 147
118 168
50 68
50 186
90 206
59 203
15 52
61 76
90 164
64 212
10 167
63 224
121 221
87 129
130 232
58 154
27 174
177 197
225 227
167 236
35 189
190 226
56 140
16 220
80 82
136 195
200 247
71 169
6 173
52 156
206 239
118 214
233 243
60 66
52 220
108 227
48 149
166 195
28 119
6 246
75 95
206 244
18 231
71 103
92 137
27 204
112 210
128 197
20 172
149 180
23 230
28 57
144 194
42 234
59 150
208 239
8 156
9 189
79 179
203 208
133 163
71 182
95 144
54 74
34 97
154 200
62 122
108 110
16 95
2 18
6 94
78 162
18 102
33 171
124 197
93 182
16 140
114 136
112 169
209 210
160 203
113 118
75 135
3 78
170 183
22 177
27 100
191 231
113 220
14 19
89 209
53 81
20 226
88 217
30 189
47 244
12 42
177 214
43 87
55 78
105 139
7 80
86 228
45 202
99 237
153 161
137 170
138 173
214 225
20 124
60 62
127 238
92 178
22 125
38 100
29 180
187 205
41 109
17 155
219 243
6 244
164 224
144 147
154 221
174 213
23 198
89 186
150 181
114 172
4 56
22 88
33 79
127 143
120 247
150 215
144 216
42 74
58 218
189 213
41 152
27 239
28 78
54 142
19 249
107 179
8 32
27 87
186 231
48 177
4 173
84 192
149 235
234 239
75 138
69 118
103 148
98 180
55 200
97 234
159 231
98 242
9 223
34 38
38 124
64 246
84 148
171 189
25 47
160 185
131 202
37 131
6 186
89 205
100 170
15 186
90 233
188 214
2 124
63 208
2 150
197 232
129 244
81 234
91 125
7 239
97 230
45 69
52 68
91 169
83 220
25 240
56 178
92 180
155 180
182 240
9 222
138 231
216 217
71 194
61 159
201 241
99 158
60 63
81 167
6 102
154 246
127 210
175 219
140 207
124 232
140 235
57 121
24 123
47 189
70 98
22 108
89 118
1 223
33 140
89 242
36 221
49 63
41 43
19 20
12 125
5 182
128 134
58 73
129 175
24 135
3 215
106 226
139 217
31 210
93 169
33 142
76 232
35 104
96 160
101 117
93 103
81 151
109 176
30 200
135 244
166 202
111 235
123 239
82 141
42 175
76 126
1 213
82 97
123 199
132 154
72 81
204 241
87 133
90 151
40 201
136 234
31 227
107 172
1 161
89 199
201 229
150 176
53 113
17 96
168 185
28 200
84 123
213 217
7 235
16 224
93 149
52 53
174 215
53 123
134 156
176 209
48 77
161 237
83 232
19 30
2 231
47 227
116 167
4 42
58 226
69 80
60 134
122 234
27 201
107 162
34 66
210 213
53 223
195 239
86 93
70 113
3 229
8 214
22 205
25 88
74 184
168 249
26 127
26 235
162 188
0 153
59 125
172 223
48 79
238 243
101 165
63 169
27 182
29 138
151 219
15 86
14 44
106 171
142 234
8 183
14 146
123 183
9 73
45 223
33 88
3 216
131 236
24 169
155 158
159 161
26 125
21 99
58 142
34 44
42 155
189 217
3 169
164 242
12 62
67 100
33 197
184 205
82 164
174 205
216 237
187 214
139 242
235 236
132 197
20 239
37 90
30 206
93 195
50 105
7 117
57 204
12 150
166 240
94 195
184 192
129 161
5 148
18 236
215 241
114 118
7 57
87 204
47 213
13 32
4 141
61 232
96 132
86 175
122 150
92 134
56 147
56 221
92 153
42 246
12 159
110 216
19 166
54 232
65 188
97 171
79 80
28 232
10 63
65 216
132 202
40 157
100 231
96 105
73 139
84 203
151 166
51 171
82 207
0 5
103 247
77 171
6 34
200 207
16 26
15 148
173 228
40 78
6 136
35 79
25 239
15 29
66 155
52 89
57 125
89 123
11 12
52 149
17 112
99 135
114 138
116 135
37 175
43 47
61 82
189 224
71 92
70 78
122 158
136 168
31 109
111 146
120 163
25 144
163 226
8 111
132 148
138 179
43 52
11 120
185 241
163 212
115 222
33 35
108 168
71 143
64 115
211 235
112 207
35 207
68 128
10 249
137 216
41 111
52 189
32 231
45 89
195 205
18 82
90 228
1 85
50 167
137 201
10 129
188 249
147 229
6 146
74 239
30 34
75 186
19 185
108 126
53 65
81 185
24 136
163 239
65 109
156 162
137 202
24 54
76 172
33 82
68 125
102 157
7 195
44 178
138 214
131 171
104 191
66 179
82 128
90 168
147 177
2 202
27 166
94 108
199 243
17 29
38 220
222 228
2 233
49 124
140 147
181 183
104 247
113 232
133 181
72 181
162 177
79 235
93 204
153 173
86 202
22 159
96 240
75 137
98 113
11 56
24 115
155 239
87 199
124 224
18 137
3 51
68 107
198 241
112 136
46 134
45 138
34 83
33 214
89 148
11 124
0 247
126 152
91 177
65 91
51 211
54 204
61 116
114 173
3 12
150 160
95 150
185 216
128 185
2 55
154 196
104 174
159 195
0 203
107 113
64 167
61 130
40 225
6 247
0 102
12 18
2 20
39 107
236 237
144 224
22 90
151 195
48 60
2 140
105 162
109 226
22 23
63 209
58 247
100 171
12 41
14 112
61 220
150 156
58 232
45 148
5 48
53 93
86 108
20 157
16 191
66 99
39 160
152 218
82 238
193 203
5 96
25 104
7 83
87 154
83 92
29 202
60 247
7 217
10 183
23 134
77 164
44 58
53 114
143 211
6 196
144 198
113 223
121 249
86 158
25 242
30 80
123 129
90 140
136 175
12 100
59 177
176 205
81 88
69 151
15 77
25 157
21 160
11 101
9 244
19 199
81 103
201 226
194 210
168 199
19 119
31 211
48 239
56 173
0 139
47 173
127 185
170 228
164 196
90 247
35 45
78 237
39 124
42 181
90 152
51 163
183 212
22 142
65 200
90 180
65 103
141 159
23 189
175 215
187 210
11 15
49 135
82 156
177 246
91 235
20 47
155 190
42 207
74 107
25 149
30 138
70 171
149 195
74 110
149 161
137 172
38 165
71 159
121 188
68 106
131 217
36 228
9 123
197 245
142 227
134 212
0 135
9 213
62 170
112 199
27 194
103 237
201 210
19 144
25 66
88 147
98 164
20 158
67 217
5 61
47 139
23 47
32 127
10 189
55 123
240 249
2 79
203 205
40 99
74 208
124 163
105 140
113 125
48 180
93 156
140 241
45 116
24 39
0 50
157 213
25 203
9 27
175 231
157 165
133 141
172 239
32 35
182 216
67 161
88 160
153 236
128 193
10 231
224 243
18 138
29 147
147 164
213 230
89 230
138 223
60 122
6 64
30 198
117 188
27 192
130 197
8 115
125 140
82 201
83 105
3 81
45 247
87 233
25 223
162 249
78 136
5 186
46 108
53 152
175 183
40 100
44 240
17 135
71 78
183 217
49 154
38 151
124 196
73 90
97 104
73 85
180 182
21 143
177 226
110 247
6 191
61 90
142 168
132 211
36 203
10 242
39 58
116 232
65 132
57 86
121 151
24 237
14 214
161 201
115 164
11 159
101 170
164 220
102 121
238 240
29 168
136 149
11 31
200 202
88 205
75 173
141 181
52 109
63 197
18 219
16 90
134 239
112 192
166 182
84 202
63 101
177 221
25 234
72 229
152 230
0 209
43 243
95 242
102 189
27 159
4 119
35 109
38 61
102 221
15 44
131 249
69 110
49 174
103 167
20 104
115 145
156 242
55 245
51 114
160 161
1 200
73 222
88 154
119 137
188 190
114 247
90 213
140 201
57 120
54 76
179 199
24 192
39 105
5 92
6 168
94 144
80 150
34 199
37 224
136 240
80 88
99 228
31 71
85 138
148 169
137 192
45 94
226 231
123 171
94 167
26 217
2 170
78 207
170 226
167 196
0 45
133 247
135 219
70 219
157 207
161 202
52 244
31 155
54 82
130 176
98 221
54 141
30 201
52 147
154 197
44 195
37 115
108 182
84 191
167 245
219 246
71 226
183 209
99 154
57 154
111 148
138 201
43 141
98 191
49 244
87 136
110 170
47 194
42 214
36 210
31 89
114 205
22 175
28 54
60 232
93 176
87 196
28 77
72 245
16 184
80 83
122 212
6 38
51 152
175 211
78 117
162 204
130 178
81 108
110 195
27 187
75 124
91 111
59 247
129 142
78 132
42 200
80 196
100 206
19 85
15 25
137 229
29 167
212 239
174 248
127 184
111 213
1 177
162 202
82 174
2 157
66 199
12 55
113 132
69 214
133 240
20 186
67 71
39 135
57 139
59 93
23 118
119 205
157 200
134 226
41 91
81 157
92 136
22 224
236 249
132 145
183 226
4 150
1 145
35 58
34 197
151 152
72 106
116 124
8 100
49 207
115 181
67 141
137 218
123 169
153 215
149 202
10 204
60 239
42 186
46 211
8 170
170 234
30 36
85 95
79 118
62 73
186 199
143 207
108 175
110 229
109 120
111 183
24 128
170 171
63 235
68 173
145 158
19 243
201 240
53 111
126 149
19 104
131 208
171 229
110 191
41 145
21 52
76 170
43 233
61 112
8 68
166 203
11 203
25 225
3 108
124 213
124 185
94 206
57 106
147 249
54 199
21 224
127 166
59 188
28 68
6 231
71 86
56 98
127 183
73 235
49 187
163 198
145 234
90 119
16 54
108 192
68 213
185 195
96 231
10 236
94 164
1 93
149 166
43 201
24 185
122 130
73 181
35 160
23 44
90 193
25 109
91 139
122 227
101 138
237 241
192 196
131 132
13 68
105 142
46 242
154 224
6 147
23 206
46 51
160 216
174 207
1 148
102 184
6 36
130 149
95 197
174 228
78 243
35 93
139 237
27 141
27 113
147 171
50 198
118 217
109 243
110 178
141 214
30 65
66 220
12 168
115 186
45 248
91 179
18 80
82 107
47 159
134 159
36 70
7 68
133 185
31 126
149 198
156 222
116 168
140 231
105 240
26 136
81 106
7 15
18 65
52 164
177 234
137 190
123 197
57 108
88 234
134 235
138 141
4 208
162 200
87 119
113 190
107 123
71 114
137 240
133 154
41 60
231 240
49 113
163 222
47 207
149 186
200 209
130 159
83 99
191 243
167 222
157 212
40 54
95 218
104 178
107 174
211 248
57 124
47 109
84 89
74 243
9 219
65 195
19 200
210 232
138 232
52 102
85 157
13 113
12 37
75 121
96 137
84 194
54 155
73 229
144 150
95 239
41 61
43 114
103 198
33 206
103 118
113 216
132 227
53 105
201 242
38 239
171 223
78 193
25 148
80 144
27 116
9 206
101 141
113 192
69 135
3 45
34 113
12 135
218 240
62 167
43 156
129 145
129 247
22 77
24 138
104 230
0 97
81 113
39 68
34 186
72 170
49 59
17 182
99 152
181 195
108 133
114 237
111 131
153 219
188 243
42 144
144 223
143 225
70 149
63 119
98 208
49 170
10 157
124 156
37 247
216 236
174 190
186 209
34 69
61 80
41 42
119 194
14 184
100 120
181 236
77 198
143 247
99 153
5 7
28 106
14 42
72 85
40 133
21 109
19 204
22 163
217 245
33 180
83 153
69 132
80 186
80 248
98 179
38 85
103 113
144 248
216 229
104 201
220 231
4 58
156 188
24 70
78 211
2 76
143 181
26 228
130 220
92 216
128 173
35 63
193 236
27 167
59 78
31 45
206 234
64 172
88 214
144 242
151 244
44 73
27 99
23 99
217 229
66 209
203 242
22 186
42 189
213 248
96 120
43 206
154 209
118 230
150 222
51 115
68 188
197 198
37 73
119 149
67 142
134 180
20 203
172 209
97 237
60 217
185 205
25 89
5 165
60 65
79 175
218 249
18 113
150 196
91 197
19 233
14 200
34 220
5 142
96 102
130 156
167 171
111 196
7 128
67 201
45 132
14 94
131 207
32 179
81 127
61 141
31 133
28 240
26 124
8 92
115 132
95 175
163 182
216 224
19 101
47 98
135 229
4 20
66 158
137 246
57 147
29 30
57 191
122 217
33 66
77 165
2 181
10 196
37 86
162 240
10 208
38 93
91 144
101 113
210 211
107 239
120 121
62 239
29 213
131 164
29 60
79 210
62 191
156 201
130 170
88 192
32 82
33 225
226 249
77 187
168 210
81 146
140 238
169 245
201 228
83 231
14 38
43 203
52 57
154 187
198 222
5 127
30 161
7 230
159 160
46 222
179 192
69 156
3 32
86 90
84 173
67 122
39 212
177 199
136 237
116 132
15 94
27 176
22 39
170 188
113 117
19 214
187 247
23 27
83 107
2 53
81 194
111 214
143 229
29 68
14 248
168 190
128 166
29 88
53 98
35 151
50 174
164 235
133 217
66 237
14 53
157 177
32 74
39 202
37 104
0 216
9 164
169 182
109 239
87 212
113 162
64 224
139 151
124 208
138 190
44 222
44 76
21 131
0 59
97 103
75 208
8 124
198 233
72 137
37 248
112 164
28 103
66 152
56 61
100 164
29 118
61 139
160 163
16 228
68 242
88 118
160 226
76 107
49 219
77 240
56 174
88 229
173 215
65 224
190 194
1 94
83 106
164 236
33 216
66 136
25 154
4 103
64 213
31 215
22 183
42 209
123 180
47 247
21 46
63 236
9 215
89 151
106 116
184 239
55 139
16 70
125 222
90 174
127 132
134 160
107 181
153 157
55 72
20 242
82 183
23 50
12 39
30 234
54 67
128 149
223 230
3 221
78 195
58 146
30 179
36 218
211 227
42 118
50 136
139 234
14 69
34 211
18 129
48 241
140 174
6 177
32 215
44 227
123 228
5 172
69 194
88 149
51 187
178 224
43 137
171 193
4 72
41 98
67 120
90 149
56 73
51 182
100 160
26 202
32 169
124 215
101 125
38 53
27 177
166 217
12 173
88 177
56 127
49 218
58 224
24 240
127 226
2 154
30 171
38 154
137 139
131 190
29 160
77 243
17 212
22 148
150 248
57 149
115 220
96 226
103 207
72 209
7 102
45 232
108 221
36 239
14 168
84 150
16 227
179 229
96 201
94 229
96 173
3 72
19 210
91 175
21 35
4 45
153 182
219 225
143 239
137 145
5 175
104 224
70 86
56 66
16 111
112 204
35 208
36 54
20 212
42 248
43 99
31 46
49 123
102 192
215 239
189 242
97 163
97 183
101 116
158 214
116 151
58 102
64 238
30 158
15 53
47 178
102 154
146 149
221 241
85 213
88 100
60 123
65 185
37 77
34 235
37 103
95 191
105 122
74 137
11 104
113 184
8 84
112 229
49 75
15 193
105 150
85 240
67 171
57 224
77 154
94 209
33 42
3 7
77 147
10 144
79 181
42 124
15 88
21 192
66 137
37 59
49 172
195 225
199 219
2 123
129 198
14 83
86 240
21 240
15 165
0 48
90 111
64 214
155 202
132 214
54 91
14 66
101 233
118 205
99 208
143 154
113 246
81 134
96 236
247 248
65 189
211 232
117 153
36 138
192 197
46 146
32 164
101 241
5 13
228 236
68 104
90 112
13 31
199 215
55 177
181 208
146 217
96 227
141 196
27 242
37 161
8 240
4 21
101 202
59 65
144 177
176 181
43 146
98 227
73 158
71 158
107 227
25 49
178 248
26 89
94 127
77 150
1 187
29 98
67 174
68 202
179 246
18 172
177 189
166 243
34 144
134 191
61 174
21 116
0 88
90 210
78 147
193 209
10 245
122 133
85 212
43 61
55 85
78 238
22 73
15 75
101 156
29 178
16 217
29 132
62 208
28 152
21 125
7 14
227 248
41 194
102 123
116 193
53 190
215 230
82 235
3 151
104 237
62 181
49 209
66 71
81 85
78 83
22 160
198 226
83 180
52 173
78 123
94 191
151 161
17 243
122 238
110 177
109 159
137 175
222 230
108 160
18 157
183 235
68 118
22 141
116 172
82 83
99 119
108 178
72 221
52 183
0 13
93 239
73 189
47 211
86 220
19 168
205 236
120 239
12 228
2 113
195 230
85 100
13 146
208 220
112 187
39 153
228 246
19 28
91 172
8 66
61 86
118 129
73 220
91 153
204 232
155 213
2 240
0 165
105 225
42 220
189 226
82 167
74 212
186 246
54 105
106 217
87 191
14 188
29 58
142 167
85 174
87 207
16 122
121 190
97 160
16 37
98 238
63 204
162 243
161 216
98 120
36 39
207 224
117 156
105 175
10 42
69 100
218 232
172 192
90 141
106 184
30 173
56 87
218 236
80 249
37 178
119 175
69 77
149 225
46 106
3 158
148 205
130 228
22 173
52 115
163 237
73 194
160 231
31 248
52 213
89 247
14 62
140 194
143 223
103 121
81 200
104 123
103 156
118 239
164 245
7 164
47 146
107 198
10 207
3 37
153 176
74 168
20 58
18 243
54 70
9 126
79 217
128 176
42 132
130 184
90 143
78 202
100 217
26 206
124 222
100 242
34 221
87 194
155 192
78 249
138 157
90 185
2 119
13 75
129 182
149 215
85 242
61 121
92 215
165 197
34 52
110 207
137 249
44 71
162 239
111 230
147 201
74 215
66 147
32 203
141 148
19 24
54 218
2 234
134 138
96 138
197 217
57 85
216 230
205 231
142 211
141 168
15 235
21 132
132 215
91 162
68 151
162 237
46 70
209 227
174 244
28 51
31 241
26 51
54 219
204 235
105 188
70 108
70 122
14 73
176 190
11 162
74 139
68 72
63 100
2 196
18 247
28 174
48 68
96 124
53 135
62 95
225 234
217 239
157 159
71 165
20 91
125 159
130 146
50 92
170 235
115 191
95 111
43 163
150 235
96 149
71 245
212 235
61 144
78 222
67 94
22 27
33 39
153 185
55 164
173 226
71 116
30 35
20 114
32 62
22 130
7 133
46 194
152 166
219 227
113 249
32 104
48 189
11 171
49 237
95 166
160 232
48 126
2 80
126 188
62 174
7 134
138 220
49 173
138 209
48 58
40 183
14 82
26 231
3 133
13 200
26 49
97 182
37 152
29 193
92 163
117 149
189 201
37 226
239 247
155 157
72 172
89 156
195 198
39 63
88 145
78 191
37 94
168 217
37 232
6 112
63 132
169 195
40 184
18 155
74 176
162 248
2 200
0 154
193 197
165 194
31 107
124 170
91 201
89 90
74 201
198 206
15 143
55 227
180 246
62 106
24 76
9 180
76 229
54 241
174 188
48 98
108 151
197 242
66 93
41 149
16 124
37 101
69 173
199 235
27 223
131 163
49 94
125 242
73 149
117 247
67 87
148 195
140 219
143 164
144 206
58 182
95 160
33 185
16 85
22 43
26 210
29 121
103 187
20 156
107 202
100 224
45 52
47 240
48 209
17 43
55 230
116 214
82 240
111 125
4 50
79 173
34 247
17 89
93 104
8 189
32 138
56 200
80 201
69 163
7 34
29 247
82 218
112 196
45 162
71 200
93 177
51 174
28 69
8 145
135 138
40 46
85 223
155 248
5 136
17 41
104 111
68 99
57 246
109 230
67 176
36 101
8 210
90 150
187 229
35 80
127 223
53 125
41 230
123 130
58 235
42 53
73 151
40 164
172 174
102 179
45 249
38 79
126 217
3 118
23 190
22 129
9 64
122 145
96 129
2 131
23 239
27 240
62 154
67 88
76 169
18 177
66 97
67 192
166 186
106 196
75 209
126 128
125 186
33 248
5 232
130 137
127 221
135 157
31 224
209 223
93 246
62 238
43 55
5 209
155 168
46 128
133 166
172 233
29 199
86 215
38 159
65 67
143 249
157 241
92 247
135 156
13 155
100 197
66 115
5 46
13 138
185 212
162 224
66 189
78 100
3 145
140 216
104 124
49 234
140 223
36 128
153 233
71 229
86 98
112 117
77 79
51 149
68 93
46 240
64 143
28 30
33 132
6 119
9 70
14 108
53 87
4 85
103 116
32 117
125 154
185 246
23 183
87 169
76 197
212 220
181 226
81 215
91 206
35 65
88 105
4 191
30 92
60 245
27 235
30 241
5 215
28 238
9 149
77 218
58 188
39 91
121 164
56 223
64 91
38 169
32 144
212 226
27 208
92 106
134 196
135 223
43 205
115 213
115 225
39 220
58 110
90 209
23 107
134 169
58 83
171 248
104 227
111 115
50 190
99 107
62 233
66 74
142 166
100 136
158 181
99 242
101 206
20 118
192 201
157 224
90 147
49 120
30 219
9 116
50 182
20 192
87 225
31 38
132 218
188 244
4 38
139 184
80 114
91 227
56 211
129 188
33 240
54 166
89 175
198 216
10 39
218 228
16 56
10 233
89 244
48 235
23 129
99 216
155 208
63 196
