300 500
87
54
46
73
38
32
78
34
113
31
77
93
86
41
89
60
63
110
88
60
62
72
95
24
69
53
29
55
101
114
98
20
48
25
25
119
37
84
85
83
47
42
56
113
64
77
54
59
119
74
51
61
26
78
65
76
111
26
63
93
73
41
45
53
98
51
52
116
67
118
79
94
92
67
87
88
24
73
79
24
79
111
65
86
69
63
94
113
21
37
86
74
110
63
108
89
94
92
85
41
42
96
115
115
43
35
83
99
40
43
55
100
86
53
118
87
96
92
80
97
61
98
104
51
42
92
20
68
64
85
90
87
113
37
34
36
104
49
68
77
24
103
57
90
36
107
110
112
79
22
42
20
53
26
51
75
50
104
23
46
21
45
65
115
115
79
83
99
109
31
56
113
115
45
36
83
32
78
28
43
80
50
95
113
108
79
20
90
63
76
116
64
101
62
59
48
73
23
28
62
86
116
108
33
94
76
97
58
34
105
82
46
87
57
92
75
116
92
97
59
100
93
56
34
87
95
62
41
50
22
83
117
119
23
82
45
79
59
83
93
44
45
72
63
35
44
70
31
68
47
23
49
21
59
63
88
86
105
109
69
108
25
66
59
28
28
84
40
20
47
65
96
25
117
40
40
41
90
103
90
118
58
71
71
97
114
91
116
51
33
65
91
90
63
30
50
23
46
70
23
198 255
27 99
137 145
51 284
73 74
90 210
108 282
271 282
132 239
57 250
246 298
6 25
110 227
77 171
124 126
74 181
81 208
225 278
97 277
172 262
50 225
14 84
85 285
118 269
224 228
219 222
88 247
118 205
81 166
99 296
130 155
60 80
157 160
109 123
81 212
95 100
48 237
132 219
109 207
126 147
31 125
104 279
9 265
149 183
90 146
283 297
28 43
129 188
239 252
11 34
163 203
129 251
14 101
8 222
69 123
154 186
246 290
185 264
35 299
141 147
130 233
138 261
225 268
149 178
213 259
212 214
76 93
217 229
107 140
237 282
124 261
137 208
74 114
166 172
71 109
7 94
198 202
55 179
218 257
57 177
21 170
91 298
8 115
274 280
200 217
162 257
93 146
122 260
46 220
82 178
117 237
19 176
135 284
53 199
8 293
215 282
30 125
197 265
186 245
86 223
180 215
8 248
70 78
20 299
116 250
133 286
61 188
5 75
97 256
90 129
17 163
5 99
41 271
227 296
219 268
13 183
14 152
230 244
136 264
5 281
114 267
155 291
48 176
230 273
57 111
74 116
27 121
68 173
144 221
113 295
60 192
44 296
126 292
27 263
8 257
268 276
11 123
51 131
59 113
76 116
192 225
242 252
66 115
72 210
67 88
75 281
124 179
6 77
104 116
125 269
113 289
101 288
0 232
39 111
98 115
23 280
60 222
27 126
90 99
36 178
164 218
97 211
288 289
103 156
93 124
258 282
83 165
217 246
37 68
29 166
61 205
241 265
268 283
91 125
119 179
4 37
43 215
83 134
204 290
50 240
166 222
8 32
7 57
1 177
82 96
1 95
36 143
18 179
56 161
4 227
8 41
151 276
220 232
141 160
34 59
43 134
143 243
102 145
173 198
268 279
123 252
22 57
2 165
58 184
93 277
57 119
95 113
33 260
79 153
114 245
131 213
56 209
11 75
0 253
233 261
265 268
77 108
162 288
224 243
36 220
39 201
66 145
158 186
152 266
11 97
80 224
281 289
33 108
38 52
65 108
23 128
31 131
71 206
45 149
47 266
0 237
5 134
66 244
218 292
4 210
42 68
101 280
65 83
135 209
69 156
179 252
35 197
63 155
106 108
56 205
74 293
132 205
24 180
76 224
38 294
114 228
80 261
163 215
78 176
50 234
2 245
166 195
38 229
50 196
89 107
102 216
59 152
48 84
135 176
9 130
266 289
46 296
250 264
81 261
11 140
67 138
65 233
85 103
135 214
4 52
206 294
199 220
20 265
153 283
248 292
214 283
31 282
260 284
273 295
65 136
185 284
26 49
111 118
33 205
257 298
45 89
9 215
180 244
81 227
29 33
68 272
6 295
7 100
95 290
108 280
264 283
61 293
65 163
22 172
196 223
31 37
246 268
98 264
179 243
212 260
33 215
221 255
185 262
32 264
72 294
16 258
77 117
76 280
2 98
229 277
182 266
128 245
65 261
7 296
204 272
120 257
5 264
93 190
57 279
273 274
129 290
284 298
60 120
174 279
210 260
92 151
148 278
95 221
161 280
65 92
101 252
237 257
31 65
96 199
88 174
70 270
54 216
88 268
166 299
14 76
11 217
221 290
65 194
85 278
174 229
44 127
30 281
136 148
12 88
153 244
14 262
175 230
120 195
71 286
85 195
63 206
3 36
120 248
34 230
99 104
15 195
46 231
120 176
241 246
190 208
146 222
21 257
77 152
216 223
64 163
61 179
64 122
70 215
145 236
87 156
1 172
233 282
159 270
53 216
152 261
106 298
115 183
19 87
193 287
9 63
151 176
188 273
155 240
43 228
0 252
1 16
124 298
94 286
91 209
10 113
104 168
182 284
179 229
222 242
73 238
118 126
46 110
33 141
33 90
145 158
86 269
125 157
115 118
177 268
125 232
95 98
134 164
30 95
63 252
1 37
25 207
123 179
69 212
16 212
162 297
70 135
183 279
51 260
98 281
82 228
78 106
177 270
212 259
66 275
155 211
236 276
115 207
111 236
119 128
116 200
42 271
252 277
2 264
28 100
9 297
103 234
87 164
52 126
123 244
27 35
56 151
18 23
187 263
135 255
15 207
109 251
178 255
86 181
167 272
33 269
20 176
15 125
184 251
59 67
147 195
46 146
170 203
65 166
57 72
1 124
5 279
210 285
12 123
228 290
58 218
183 248
184 286
53 134
81 244
142 200
155 179
12 296
22 121
68 75
100 297
132 282
62 197
106 205
148 233
133 291
