300 500
100
57
60
46
27
76
52
112
80
87
33
99
77
41
26
48
68
42
63
50
78
84
24
56
93
43
27
74
76
104
72
56
41
64
34
100
21
67
93
33
86
106
65
95
79
71
76
28
46
119
110
104
83
115
40
109
90
47
63
46
83
67
35
104
111
101
37
64
100
62
30
66
100
75
94
60
78
50
20
104
49
110
88
64
57
60
53
27
40
48
54
103
47
21
40
39
102
57
35
83
99
45
81
79
52
107
71
63
37
71
47
118
62
68
63
51
60
48
59
80
29
45
64
56
46
84
27
28
21
43
43
52
20
105
63
105
92
115
48
62
66
27
60
60
27
55
92
68
36
31
80
45
108
24
81
34
40
41
94
93
64
118
25
116
103
69
101
27
116
29
69
62
89
62
55
96
97
27
44
113
90
57
90
78
61
104
44
34
25
118
107
21
116
65
117
99
66
99
59
62
60
108
56
29
102
91
106
80
50
82
25
72
119
96
82
113
80
106
27
37
105
66
38
101
63
35
33
109
66
72
103
107
112
92
116
95
63
54
107
46
117
112
98
68
40
61
61
52
47
20
21
32
67
39
66
62
107
79
104
53
83
87
92
27
59
89
102
55
75
41
81
24
86
111
73
106
52
66
91
32
67
92
96
66
64
42
108
51
53
92
84
116
112
57
24
103
78
58
38
85
167 184
188 200
118 208
273 286
176 229
42 52
0 200
76 82
127 278
115 144
195 255
29 121
58 93
27 257
10 212
96 236
177 296
137 295
35 110
223 264
163 266
115 265
41 48
79 242
109 238
193 274
147 190
0 286
174 295
213 236
61 284
113 161
2 110
145 156
80 165
28 109
98 126
143 198
137 168
158 277
251 298
51 241
37 98
25 241
84 206
68 261
127 268
78 229
138 181
46 223
84 270
68 126
211 269
131 266
158 244
209 289
40 247
98 202
129 143
175 213
50 136
70 282
15 263
148 197
101 123
71 243
122 207
118 191
143 158
2 249
154 238
101 263
30 165
159 251
60 126
73 162
15 107
30 232
70 132
224 279
255 275
47 163
97 239
33 240
149 283
3 294
257 273
4 156
108 174
215 287
40 286
1 149
134 147
32 270
18 63
246 274
38 293
135 189
232 274
76 81
9 122
136 283
80 293
6 39
6 153
139 293
47 195
193 246
29 277
47 268
40 214
73 79
14 208
192 266
94 289
274 298
110 217
33 49
72 155
55 60
49 131
178 252
145 244
25 176
122 145
72 162
111 198
19 241
208 212
201 212
2 238
200 271
48 233
20 256
58 76
16 189
177 268
119 173
165 295
250 287
74 192
4 150
143 272
75 185
39 103
86 158
38 277
78 129
24 202
34 82
102 278
23 207
123 142
132 288
82 137
82 276
156 178
86 129
21 161
66 177
201 204
35 230
216 243
8 267
94 118
101 148
124 249
72 107
239 266
60 155
21 36
178 237
75 266
59 288
125 289
217 242
29 252
24 172
220 233
39 43
27 144
239 276
100 286
161 286
60 194
183 249
216 290
11 49
0 256
225 226
7 242
166 229
32 149
75 99
179 240
180 272
207 240
8 227
265 279
221 225
25 222
15 160
171 190
116 198
42 171
123 165
50 52
32 134
131 202
194 209
62 233
74 270
53 174
30 205
3 19
96 182
42 225
112 116
214 280
14 137
23 138
3 125
35 242
11 196
218 272
33 91
206 217
3 132
85 271
42 89
88 271
13 190
13 54
129 279
35 196
110 117
86 172
28 287
207 298
177 225
16 270
176 210
265 285
8 256
97 102
50 190
120 293
186 256
47 137
134 165
33 34
119 244
206 231
148 165
125 281
95 252
57 193
178 180
23 241
125 187
90 289
68 211
24 282
30 97
14 161
164 247
101 161
7 66
92 266
126 225
20 143
36 78
10 77
152 215
102 251
30 94
91 98
5 74
154 174
87 156
72 220
21 34
153 233
78 81
6 171
15 204
34 78
51 207
18 96
60 100
142 172
16 194
251 292
142 166
105 298
5 77
40 122
56 99
180 193
64 186
142 186
16 131
176 235
223 272
35 253
72 178
18 177
169 194
36 269
87 126
34 93
204 208
3 185
130 264
150 235
121 194
78 292
189 220
13 112
18 245
69 148
77 196
88 90
57 299
86 126
184 212
88 231
121 168
137 143
78 298
40 193
84 251
23 140
5 36
2 252
54 152
71 251
211 230
93 229
220 269
67 205
51 184
5 45
188 219
143 218
18 183
21 163
186 267
24 161
165 222
26 28
18 150
0 31
61 125
30 229
97 296
281 287
32 47
39 267
182 272
42 237
100 117
63 136
276 286
161 260
142 239
40 212
72 89
151 212
193 249
98 233
189 273
131 289
5 170
8 30
104 245
124 221
97 188
83 110
164 271
58 95
135 262
52 270
182 259
255 260
75 188
17 58
161 190
58 219
112 118
1 217
115 177
190 212
0 65
47 282
23 142
92 286
29 63
38 289
45 297
1 125
60 233
147 194
2 4
114 118
122 171
31 289
48 274
166 253
0 274
200 298
194 292
223 284
55 74
105 264
119 266
104 230
78 176
121 180
54 246
30 44
43 93
4 296
259 278
48 159
28 294
12 203
259 269
138 286
64 257
46 252
82 114
117 222
102 214
212 239
35 156
242 251
128 298
139 299
29 99
50 57
93 254
62 70
260 265
48 81
52 218
32 127
101 134
100 201
192 255
13 163
7 228
56 114
6 165
35 248
264 298
57 92
4 214
171 269
175 272
102 145
76 281
229 263
82 130
37 63
23 76
251 252
66 136
59 142
7 283
177 247
21 58
56 62
236 280
84 163
186 252
8 80
168 237
2 43
67 107
92 142
44 235
71 93
153 163
146 265
142 160
146 270
216 254
33 204
169 234
67 238
107 127
19 27
62 64
30 183
122 221
26 157
171 218
81 280
24 246
