100 2000
104
34
80
106
115
26
76
34
64
29
59
82
96
88
111
69
31
98
34
47
88
38
77
52
111
96
44
34
40
59
37
24
73
49
110
69
56
119
83
52
28
74
115
104
43
58
53
106
88
119
85
57
90
43
41
81
71
117
47
91
56
116
47
110
46
90
111
34
89
26
66
97
80
113
34
55
103
119
41
72
119
59
61
89
34
82
102
85
79
29
108
67
26
35
57
104
105
100
118
74
5 73
30 91
14 88
50 52
73 97
4 17
33 37
18 68
6 68
21 86
32 68
10 75
12 21
76 87
41 72
14 33
15 64
3 81
33 66
53 91
2 57
28 39
49 91
9 11
7 30
91 97
51 59
24 66
54 72
1 13
34 78
46 79
50 60
1 16
54 93
7 48
12 88
55 87
89 97
66 96
15 79
40 82
6 75
7 99
12 60
43 64
43 46
41 97
4 42
49 65
25 97
9 97
37 65
16 54
82 86
2 17
42 97
0 72
1 59
65 71
19 87
8 65
1 31
14 87
44 80
36 93
57 86
22 54
23 70
28 61
30 52
1 78
30 73
74 89
8 37
26 52
53 68
40 55
49 72
42 43
29 96
3 4
31 66
65 70
62 96
72 87
26 98
13 16
4 47
76 84
2 56
4 10
43 59
15 59
54 55
84 97
0 50
69 89
6 32
46 91
2 15
29 33
65 98
13 97
2 73
11 49
54 76
71 73
65 84
20 38
35 38
5 41
36 46
20 62
4 53
7 18
21 51
36 86
1 85
51 55
1 58
66 86
7 39
9 72
48 76
14 45
2 35
7 23
48 69
43 52
61 75
11 96
64 99
17 34
84 86
73 95
39 87
46 81
31 91
63 91
26 73
65 81
50 65
2 45
29 70
33 59
75 77
12 33
17 93
50 66
37 64
46 57
83 88
53 89
32 47
21 69
58 86
54 60
4 8
6 74
38 65
40 92
79 85
29 62
26 51
9 18
53 72
13 49
7 97
28 45
56 70
14 24
16 18
32 74
44 70
4 39
32 38
17 48
10 17
21 47
30 61
31 71
27 78
24 28
58 98
72 80
22 49
7 43
23 39
15 29
67 95
44 47
16 85
6 84
37 43
1 19
57 72
51 84
2 31
8 60
30 41
4 85
80 90
11 13
19 41
28 67
27 60
63 97
69 96
81 85
35 65
22 57
8 59
14 58
18 91
21 74
11 59
89 91
63 67
47 82
43 82
45 75
23 40
14 74
8 79
61 65
20 53
11 25
17 86
13 82
41 90
24 68
68 95
10 62
44 83
9 65
36 87
10 80
24 59
6 20
56 67
9 85
39 63
32 55
22 39
15 96
43 83
5 53
18 49
15 83
3 37
69 93
63 70
75 83
26 94
20 35
83 85
8 11
15 63
2 90
12 70
55 85
53 90
13 24
39 80
7 28
1 83
97 98
24 71
49 81
54 70
56 84
45 89
5 67
22 60
24 47
32 92
80 97
22 45
21 61
25 29
60 90
39 82
5 59
16 92
54 86
46 90
36 42
62 87
48 93
84 92
28 72
4 24
77 98
49 99
11 26
53 80
46 93
19 61
25 90
37 47
15 90
3 25
4 18
3 88
68 86
32 45
33 84
47 96
28 60
1 99
42 46
13 45
7 35
38 54
6 24
49 96
0 61
19 64
29 40
8 91
67 75
3 6
9 54
52 83
20 77
17 50
57 91
4 81
29 63
39 60
31 60
13 99
2 96
53 74
9 69
57 89
7 86
6 29
11 16
63 80
2 40
22 40
52 55
23 72
4 5
35 71
3 23
57 90
16 71
11 41
16 82
28 89
44 45
8 52
44 76
16 63
18 66
21 39
78 93
43 81
49 98
56 92
27 55
18 60
39 55
19 54
44 51
15 48
12 92
75 92
10 60
45 81
49 90
12 44
61 71
27 42
5 50
7 66
68 79
7 56
34 62
30 78
65 94
77 78
22 38
4 98
1 33
32 82
44 92
15 27
21 57
15 43
2 71
33 40
41 81
16 99
3 30
20 46
76 77
14 98
54 99
32 64
56 96
0 15
92 94
10 67
17 39
2 12
31 46
62 98
18 88
16 37
37 54
19 23
69 79
15 36
60 79
30 46
50 62
9 31
41 73
72 85
19 28
6 33
26 71
44 46
11 83
13 66
36 72
85 94
52 67
30 98
12 13
26 44
53 63
9 56
79 94
28 98
74 86
0 84
30 57
21 97
10 65
87 90
24 98
28 66
63 93
31 59
46 71
2 44
27 82
2 94
69 78
54 78
51 60
51 78
13 90
11 20
4 14
28 95
22 91
6 88
16 52
7 92
12 20
6 89
10 74
28 37
80 92
27 45
47 83
49 57
3 85
44 78
29 84
32 84
44 88
48 88
60 95
18 34
47 55
40 63
5 95
84 85
20 40
32 49
21 35
18 35
16 65
2 49
48 98
38 48
85 87
47 60
22 78
22 82
45 86
14 91
92 99
32 75
59 71
82 93
47 69
11 12
65 85
62 85
52 64
3 33
37 93
12 50
32 71
9 34
29 48
0 73
0 28
6 71
40 87
34 64
9 27
46 99
61 93
31 57
9 62
32 66
47 52
28 42
53 94
2 5
8 22
62 76
9 48
20 47
7 13
8 90
22 25
6 82
15 80
45 98
44 99
3 93
8 72
74 88
13 62
82 89
24 82
34 73
43 55
50 72
33 68
40 43
46 58
77 90
13 22
41 65
18 96
58 91
17 65
37 58
26 62
35 48
68 76
68 69
63 78
15 41
69 81
15 62
34 46
4 58
25 62
55 90
16 31
89 90
5 25
20 82
51 82
55 79
3 75
0 66
16 53
7 74
23 49
36 95
57 94
6 8
24 39
15 74
29 32
7 98
34 75
43 79
14 92
2 50
11 39
5 45
49 69
75 97
36 78
41 59
23 91
18 98
44 52
16 25
40 68
6 95
12 49
51 56
5 12
45 57
11 94
8 78
22 67
29 38
31 95
23 59
17 19
12 94
4 35
62 82
10 26
18 83
29 47
24 74
4 87
43 47
2 85
24 97
39 68
25 37
11 89
31 98
55 71
0 64
27 49
20 36
48 55
35 43
9 20
59 67
37 85
27 28
62 65
39 51
38 96
42 96
3 71
65 87
18 28
24 45
66 93
41 88
55 74
0 11
79 92
54 92
83 96
5 93
21 53
44 87
37 84
22 87
11 67
12 85
39 43
8 14
36 77
55 69
12 53
12 57
18 26
23 96
7 63
75 94
82 94
37 73
19 73
3 72
24 40
4 79
29 43
13 56
61 79
3 38
32 41
58 90
91 94
17 58
28 43
53 77
1 98
22 46
50 80
24 52
16 60
37 77
77 91
29 91
4 20
66 81
95 98
24 76
55 75
66 88
18 78
64 94
53 78
21 23
15 31
50 64
63 99
16 67
66 91
55 72
68 73
24 84
21 37
42 47
14 68
44 84
8 66
19 89
75 87
79 90
6 46
33 70
18 58
51 58
50 94
64 68
63 88
8 62
37 42
4 69
18 67
32 85
26 59
42 53
27 93
58 89
1 88
94 96
36 63
6 15
61 77
61 99
22 90
28 35
35 37
7 46
35 73
7 14
35 74
61 94
32 61
21 38
37 99
20 27
22 55
9 55
44 62
64 80
22 23
5 23
47 58
32 93
40 93
52 77
45 72
19 56
63 79
23 28
26 35
10 42
15 85
9 17
40 96
43 67
51 99
70 89
44 67
34 36
44 77
8 53
8 33
32 86
68 94
31 45
38 64
23 37
12 15
59 82
8 13
42 98
18 30
84 96
75 90
23 88
21 44
1 35
76 98
7 25
37 86
90 95
32 50
68 93
16 89
19 21
24 95
61 97
91 96
22 98
15 49
51 61
43 85
35 63
22 51
0 41
39 70
87 91
63 81
5 60
10 21
1 55
5 70
75 85
92 98
22 34
25 55
8 55
25 66
43 57
39 79
66 82
15 45
8 28
36 55
5 80
36 91
61 87
94 99
76 79
3 74
67 82
9 50
24 49
27 47
55 97
25 75
15 97
3 11
52 99
10 18
6 31
53 70
5 20
51 64
19 81
1 26
2 3
11 50
9 30
28 97
48 59
21 98
5 31
1 75
25 80
17 76
13 36
14 54
17 92
52 54
2 39
35 50
33 50
72 82
38 47
15 35
27 53
40 44
50 89
31 55
24 92
44 98
63 74
15 82
73 80
17 67
20 24
1 96
54 91
43 89
59 70
3 42
62 84
53 69
90 94
42 57
16 76
25 49
42 50
16 74
14 17
68 70
13 61
20 58
35 52
49 75
80 88
65 78
24 99
7 41
25 68
1 41
11 64
24 36
29 46
16 44
51 71
39 65
36 51
47 81
47 53
6 61
40 88
47 62
0 78
36 57
17 42
3 86
33 54
9 51
46 61
39 93
93 94
0 40
54 81
39 91
57 70
40 64
42 60
31 83
25 69
64 86
73 79
76 86
71 81
21 63
27 81
74 96
70 88
13 79
5 10
18 27
35 87
36 52
12 68
22 92
11 42
69 80
39 92
8 61
88 95
4 21
44 59
34 38
40 54
34 59
10 61
94 97
10 34
54 56
9 23
59 68
20 22
69 76
8 32
19 90
25 77
10 31
17 44
27 90
6 37
19 86
28 58
16 47
6 48
22 36
12 26
35 92
44 82
54 73
59 64
5 28
47 61
7 67
43 84
22 56
1 36
15 40
40 90
31 68
3 55
27 89
1 10
26 49
29 58
57 87
73 94
3 95
10 38
21 95
12 63
32 51
6 43
23 87
47 49
24 48
28 34
67 78
67 91
26 37
27 40
30 77
50 78
43 51
23 51
38 74
50 71
36 67
35 49
16 80
13 17
8 40
57 95
23 86
1 45
37 41
4 67
49 84
27 29
0 51
1 66
38 46
17 51
15 77
72 92
15 73
11 70
16 48
4 60
19 59
13 26
3 92
7 87
60 73
31 89
5 81
8 73
4 40
56 89
15 91
56 62
88 93
60 85
47 99
7 10
2 38
21 68
52 91
60 74
26 46
14 66
22 50
7 17
5 65
61 90
21 67
14 27
38 73
11 74
40 95
59 80
5 58
72 76
25 36
2 65
57 76
30 49
6 96
28 44
38 55
39 96
1 72
4 64
29 80
12 99
34 93
44 89
88 92
70 82
9 96
9 78
81 82
17 56
21 40
53 97
33 34
20 91
21 64
0 77
24 88
32 70
1 15
4 65
38 39
36 96
17 43
29 83
8 75
73 81
56 91
38 72
0 49
8 46
0 47
65 75
3 66
55 99
38 69
72 79
45 99
21 90
1 46
29 89
70 97
14 71
31 50
58 60
24 75
25 84
5 17
87 97
64 78
77 87
27 43
10 77
42 55
67 79
0 46
31 77
73 98
56 99
25 82
4 90
14 53
0 97
71 94
39 88
52 75
11 37
59 69
9 32
49 83
39 94
60 64
35 51
52 60
20 79
31 64
16 46
2 48
17 32
10 93
2 78
10 85
25 71
17 64
11 76
33 46
27 37
16 23
31 85
33 69
27 85
17 74
85 97
10 99
15 72
84 94
9 28
29 79
50 86
18 47
54 57
19 75
5 42
90 91
71 88
6 51
15 30
14 95
35 45
0 82
61 63
27 91
17 69
7 44
13 88
3 58
19 33
20 41
6 36
41 86
39 81
75 96
0 39
15 44
19 27
45 88
4 96
23 69
7 76
43 94
33 45
18 93
10 33
9 29
36 81
69 74
31 84
54 68
0 30
61 80
12 16
53 75
54 67
40 94
29 55
10 69
44 91
75 79
27 86
27 96
48 56
46 68
16 50
60 92
55 64
4 61
65 68
23 60
14 59
73 93
0 86
31 34
80 99
19 36
48 65
57 64
79 99
54 90
11 98
58 79
72 75
1 49
11 81
48 82
18 48
0 75
65 67
73 92
25 95
37 78
79 89
63 68
58 61
64 79
28 50
28 47
32 65
52 84
19 98
24 41
30 92
51 93
33 48
13 84
50 83
35 94
0 23
19 92
4 46
11 18
30 38
66 80
50 98
18 50
73 89
13 72
34 87
16 42
6 86
10 68
3 19
51 76
34 71
52 78
3 22
17 94
9 46
26 31
10 32
54 94
15 17
36 92
69 70
49 74
73 83
80 95
43 56
9 66
75 78
66 85
2 6
17 60
32 96
51 69
0 1
31 54
40 60
35 72
4 55
33 89
48 84
53 83
15 60
70 83
61 83
1 54
61 66
39 46
16 49
47 72
57 98
36 48
76 96
9 25
26 43
28 48
14 23
7 29
28 75
46 77
6 44
16 83
33 53
25 41
17 81
14 30
45 91
39 41
58 70
18 19
33 86
81 86
32 99
10 43
45 90
11 43
78 88
12 36
3 94
44 64
34 81
1 28
53 60
46 52
34 51
30 97
9 42
52 97
54 85
0 9
5 79
31 75
10 51
34 82
7 80
41 70
11 22
10 29
45 60
21 81
3 76
71 78
8 99
7 58
3 91
37 87
10 16
48 70
21 62
6 39
36 94
88 97
14 28
82 97
13 41
44 93
6 12
28 41
31 33
19 69
26 65
55 58
7 53
35 68
20 69
2 69
82 95
78 90
74 92
77 86
31 61
46 98
17 52
77 83
33 88
20 85
5 56
23 26
6 56
13 50
26 84
28 46
20 50
40 97
28 32
2 21
34 77
38 40
13 77
46 54
5 74
16 38
59 98
15 88
9 39
38 80
29 71
16 36
45 74
53 55
3 10
52 59
68 74
59 81
42 51
19 48
0 62
15 68
26 88
26 42
64 95
15 38
74 75
19 58
23 32
5 46
54 77
54 84
62 72
40 48
78 79
5 86
3 84
4 26
1 18
38 58
37 45
8 18
5 24
45 92
41 52
14 90
40 74
39 69
59 77
30 63
3 83
53 81
29 61
39 86
83 86
27 83
74 77
51 88
17 22
4 19
22 80
62 88
27 73
54 71
70 73
27 57
14 50
24 61
42 95
19 99
38 42
16 57
68 82
25 64
34 39
9 95
46 49
9 87
25 40
28 74
40 45
2 74
6 14
83 84
18 90
36 97
8 43
36 76
34 72
1 60
0 6
20 67
59 61
2 43
44 75
18 65
57 83
8 45
8 80
76 82
16 58
31 43
63 84
3 9
9 77
20 81
10 81
68 72
65 97
48 92
63 89
26 32
25 35
35 54
45 97
60 69
14 72
38 66
82 92
16 24
6 25
66 83
13 53
2 41
50 53
19 57
23 75
9 67
35 95
71 93
39 52
10 58
16 28
29 93
82 83
36 39
8 30
17 78
49 53
59 92
21 50
91 98
38 87
32 34
38 61
48 71
52 88
17 41
25 86
49 85
83 92
21 82
14 78
5 38
26 64
6 57
32 89
53 64
5 57
26 97
20 45
12 72
45 79
7 27
10 24
30 94
5 89
59 97
3 12
13 60
10 70
20 86
58 99
23 66
45 71
62 68
47 91
21 75
27 95
57 79
21 65
59 66
89 93
1 61
9 76
20 93
23 53
40 73
34 95
72 83
25 76
66 76
78 89
49 50
23 95
5 18
13 27
24 38
19 51
32 46
25 48
21 32
0 83
47 71
46 78
15 75
54 62
52 92
41 58
28 91
75 81
30 86
18 52
51 52
5 21
3 16
11 63
5 72
48 73
4 54
37 91
29 77
1 86
38 97
18 85
70 95
69 88
2 52
27 84
9 58
27 65
12 19
2 93
50 90
35 56
6 28
2 64
44 56
16 81
3 90
15 76
42 81
54 63
74 91
43 45
2 98
11 79
37 70
52 79
73 86
22 72
2 81
49 94
8 76
56 86
23 98
26 50
37 79
26 58
18 76
37 92
13 55
14 85
35 64
61 82
11 71
14 76
6 50
65 66
27 64
30 69
68 98
53 98
15 69
3 97
33 65
24 50
61 67
76 88
25 43
23 80
56 74
0 45
30 74
30 34
79 86
12 38
51 74
47 75
78 92
55 61
32 56
36 88
37 82
20 34
60 65
39 99
3 89
4 6
51 63
82 88
12 51
12 32
68 99
57 73
7 40
40 79
56 58
61 68
60 75
7 78
1 63
31 90
7 51
2 80
76 99
60 76
3 73
29 74
66 67
34 91
15 52
35 39
46 66
78 99
17 62
58 82
9 35
12 58
15 42
5 97
24 69
60 63
9 63
41 94
15 93
41 51
77 97
7 60
56 61
20 43
1 57
19 20
16 35
19 67
14 20
38 53
40 80
9 68
50 96
50 57
16 75
18 23
32 36
56 72
3 40
23 43
59 63
20 89
27 36
28 73
30 59
17 20
13 98
0 70
22 81
1 97
20 33
44 86
42 89
64 85
44 49
66 90
23 35
23 68
1 25
55 65
46 51
40 69
82 85
30 35
77 95
71 82
51 53
61 64
43 87
12 74
39 53
7 42
53 54
23 36
28 96
8 89
66 79
42 79
30 44
13 57
9 37
25 34
67 92
47 90
69 83
13 92
41 75
35 40
38 62
1 73
80 82
57 67
9 24
56 60
29 66
79 91
18 73
66 73
20 25
15 32
34 88
36 74
55 95
62 83
6 42
54 75
38 49
20 98
34 79
17 97
41 98
35 57
4 92
34 70
6 52
21 28
59 60
29 54
0 63
3 61
51 75
21 60
13 70
11 30
44 55
76 97
16 27
50 79
64 71
51 80
2 67
81 97
10 14
3 59
9 45
18 72
32 97
40 83
12 76
47 79
70 86
48 89
5 71
23 27
8 42
63 85
2 53
14 84
47 54
3 79
31 63
62 91
10 13
0 91
68 89
25 91
12 89
40 47
34 98
71 87
40 61
71 95
14 47
95 99
20 92
3 20
28 94
22 68
26 93
7 32
34 45
42 82
34 96
8 54
10 63
29 53
52 81
33 83
33 97
90 99
37 52
60 68
43 49
17 61
38 94
52 56
14 21
6 59
11 56
6 26
24 60
12 64
13 32
38 82
13 95
8 10
19 26
76 95
72 96
42 69
2 95
26 67
36 73
44 48
25 26
68 92
42 64
64 70
6 10
5 39
60 84
17 26
62 94
10 92
49 78
84 91
0 94
52 58
13 18
31 36
62 93
33 44
39 47
23 76
32 43
79 88
17 37
30 40
13 51
39 50
13 25
16 88
31 40
1 29
18 46
18 86
28 77
42 73
4 78
63 72
66 92
71 92
2 63
