100 250
71
66
88
82
81
37
67
38
61
83
28
52
83
45
57
37
76
35
35
116
54
107
102
89
25
56
79
36
22
78
114
25
25
34
87
38
103
86
56
44
50
116
28
65
42
65
34
50
80
49
98
114
89
80
36
46
116
47
62
70
105
56
75
62
22
43
80
105
61
69
81
43
65
89
89
87
35
103
70
47
85
48
42
106
109
110
32
105
37
74
56
74
62
111
117
64
86
77
101
80
67 95
28 45
20 36
61 98
57 76
5 44
65 86
37 67
90 94
17 76
37 39
22 58
16 39
12 90
18 83
2 3
0 13
49 83
44 72
1 48
39 70
6 81
12 76
23 89
60 67
26 63
2 28
68 93
85 86
39 96
48 99
1 22
18 20
1 20
19 58
17 59
29 98
17 41
26 93
30 46
5 45
24 34
47 92
27 84
31 75
76 82
23 98
83 95
17 36
67 88
84 95
76 99
35 69
13 17
0 62
59 67
45 83
45 53
28 32
29 59
5 7
41 82
56 77
25 77
45 65
13 60
65 81
16 36
6 34
30 48
6 41
3 67
21 77
0 5
30 53
13 16
9 87
86 95
20 25
22 52
64 86
1 3
72 89
7 54
37 65
4 95
20 24
29 83
3 45
42 96
43 55
90 93
20 62
42 97
3 98
63 70
22 92
29 76
23 39
11 86
15 48
32 77
87 98
46 75
42 82
27 72
34 62
25 57
35 87
55 90
2 77
24 83
5 64
15 28
2 26
18 76
11 54
68 98
67 81
15 32
4 9
23 42
67 91
78 80
6 87
8 68
16 51
21 84
68 99
22 50
26 78
40 89
32 61
39 65
28 72
37 80
23 28
12 19
42 93
49 97
66 80
9 49
69 94
70 89
20 45
12 23
4 47
31 64
56 65
45 97
77 80
8 34
47 52
47 80
29 40
48 72
47 57
69 73
3 44
49 58
22 64
24 63
41 79
47 96
44 97
42 77
73 76
37 78
69 75
25 67
73 99
46 92
65 82
67 86
9 78
26 35
0 11
31 41
52 88
28 49
22 32
58 78
50 68
26 36
13 37
88 93
37 38
20 35
3 54
6 12
32 41
33 90
32 53
57 64
20 44
5 59
37 66
17 63
5 51
43 95
64 88
2 83
26 70
29 74
25 81
57 93
74 84
42 79
59 68
37 40
3 96
45 70
60 85
87 91
30 63
38 79
21 70
81 96
44 56
25 69
71 89
63 78
7 21
43 75
15 80
28 83
13 53
13 73
56 92
37 74
68 94
45 68
2 41
12 58
19 33
90 99
11 62
84 97
24 57
37 64
39 48
17 52
31 53
46 78
67 87
20 34
35 65
2 37
59 66
47 78
