150 500
119
91
104
47
119
73
86
76
32
106
63
28
55
21
105
32
37
86
114
108
32
82
117
56
76
89
64
37
43
28
113
42
51
97
22
50
103
88
107
67
74
102
75
61
103
112
74
72
31
68
113
43
82
62
31
91
31
28
108
54
36
101
29
67
31
31
49
114
51
36
61
106
118
69
99
53
113
53
106
24
54
51
100
116
93
111
87
104
119
27
91
87
61
100
86
72
63
116
118
94
84
111
32
35
60
112
68
106
45
106
62
79
37
42
28
62
86
47
47
37
107
70
105
48
50
23
52
93
71
50
67
88
41
80
103
34
72
51
20
49
38
62
61
107
37
21
50
103
48
29
44 82
11 32
76 113
82 137
125 129
21 87
30 39
38 86
54 61
31 148
70 85
59 108
39 89
37 105
44 143
110 127
140 142
40 118
8 28
35 51
59 124
98 122
57 58
118 136
18 112
18 99
130 140
58 79
65 71
18 64
11 129
2 94
23 134
83 120
64 73
118 123
48 142
72 105
50 110
64 125
30 45
14 21
25 124
2 97
21 39
51 63
7 52
105 127
44 75
108 113
51 133
1 82
56 126
8 26
16 35
47 143
7 80
8 120
122 131
7 72
70 143
25 97
127 130
24 108
90 132
9 73
62 116
22 49
70 128
39 105
121 138
30 87
95 108
63 80
102 135
75 126
11 125
55 141
102 131
1 94
62 113
18 80
119 124
44 102
43 149
22 149
83 139
41 52
17 84
24 89
3 52
14 66
27 69
32 109
102 111
65 126
23 46
47 148
52 68
67 94
146 147
81 90
44 135
69 122
48 62
8 117
74 100
33 128
142 143
10 147
5 38
29 63
12 85
3 79
23 116
114 122
62 71
45 56
9 69
28 123
88 118
68 90
13 25
58 98
17 108
56 75
21 49
6 134
33 85
0 39
10 11
82 114
61 126
37 40
68 130
10 98
59 100
69 72
17 27
96 130
28 36
21 77
27 57
113 143
2 14
77 143
9 65
61 93
70 101
102 130
72 140
51 131
22 142
19 53
39 85
67 116
24 39
133 144
67 107
81 126
11 21
8 129
69 82
54 72
53 73
7 145
43 110
88 126
81 132
21 107
68 125
92 141
15 135
76 134
104 145
58 65
37 126
97 110
15 110
13 20
22 67
108 132
43 98
16 26
89 108
83 95
80 89
0 118
15 134
15 120
73 102
78 148
13 108
77 123
98 123
38 47
15 48
81 111
97 147
37 134
19 90
74 91
137 141
2 127
13 79
11 76
59 89
22 137
47 114
2 137
2 95
26 102
15 99
26 55
63 106
47 91
67 82
40 122
17 59
72 124
50 97
58 136
8 41
45 57
32 55
52 111
64 87
79 102
7 65
7 22
1 70
54 69
68 109
78 127
28 53
102 125
5 88
47 86
33 148
6 105
66 118
8 55
32 139
59 97
67 146
118 119
38 74
3 101
16 130
20 56
7 113
10 93
8 62
29 69
15 147
23 37
52 69
64 111
68 112
80 90
50 80
57 82
34 89
7 60
18 66
27 125
37 131
96 121
0 97
15 112
52 147
38 49
23 102
62 91
45 117
31 47
95 114
6 86
50 66
18 93
22 136
20 143
16 59
58 116
16 131
13 21
85 111
108 114
79 115
49 82
124 133
32 121
38 149
58 101
1 7
45 119
14 24
65 135
31 83
96 99
19 116
15 51
31 130
9 147
110 111
80 136
14 146
47 108
16 52
111 148
19 69
85 124
33 116
58 129
24 66
81 148
30 128
39 112
9 52
48 111
23 69
76 147
47 137
89 109
66 96
2 104
71 137
20 31
18 138
16 55
69 85
46 84
125 126
27 111
72 135
9 128
44 125
83 137
23 76
42 141
49 75
45 146
66 88
79 107
54 134
25 26
122 124
12 97
100 123
26 137
4 97
43 146
32 133
107 127
71 112
0 37
46 120
14 112
50 68
94 145
22 119
8 21
121 131
48 109
52 79
7 24
43 136
1 93
5 125
94 146
42 95
29 56
4 95
26 124
74 145
18 121
95 129
39 67
111 139
78 92
94 137
80 116
20 30
76 87
72 145
31 142
112 114
20 101
29 57
46 53
17 103
49 123
64 147
10 18
54 148
50 102
120 135
42 108
89 103
37 82
46 82
85 149
57 118
67 114
12 120
37 84
71 81
3 141
57 91
95 139
9 26
118 140
10 94
0 48
83 100
84 137
31 38
0 71
87 147
9 119
53 109
30 98
21 128
61 62
71 126
89 94
33 113
6 113
8 133
61 65
58 130
3 99
112 120
2 68
39 45
20 66
70 134
31 46
55 120
18 140
55 146
91 131
5 80
113 149
8 24
40 65
53 139
43 134
29 121
44 83
3 148
28 29
49 135
51 91
87 88
99 144
18 63
46 78
87 111
20 118
107 133
117 125
1 97
136 147
43 47
41 123
128 142
29 108
65 83
37 72
3 39
15 102
39 100
28 69
11 112
78 87
30 79
79 86
117 129
8 126
4 104
52 112
35 37
12 83
14 131
105 116
48 107
57 76
19 26
87 105
19 107
86 95
99 106
16 75
79 82
69 94
23 92
20 106
1 8
26 113
