50 100
98
90
40
119
36
70
53
106
108
81
25
95
117
76
49
110
37
83
25
119
61
91
116
47
88
39
33
103
72
34
64
50
56
84
101
25
87
34
111
75
96
68
50
93
77
31
36
94
47
41
5 48
27 49
37 45
1 34
23 24
10 40
8 32
21 32
32 39
0 7
46 48
6 25
10 27
21 27
24 26
24 31
8 31
25 28
27 47
12 22
0 25
14 34
18 35
19 24
19 28
22 28
25 47
5 38
16 18
31 46
5 49
10 30
7 9
23 31
0 12
45 48
32 37
7 19
9 47
26 31
4 25
15 29
9 49
33 40
33 46
28 47
29 43
2 38
11 39
3 34
13 29
1 14
8 22
19 23
4 36
40 46
14 35
35 49
41 47
30 33
11 38
18 25
28 49
9 13
12 14
26 43
17 29
7 40
11 24
8 37
14 24
16 22
9 21
7 44
2 48
5 29
7 18
7 27
20 21
41 48
8 15
24 30
0 17
7 12
43 46
10 22
20 46
28 32
17 37
19 26
34 35
3 49
8 43
15 32
25 30
15 47
36 45
23 36
15 30
8 48
