50 100
68
47
75
111
28
78
29
96
85
113
20
73
25
49
88
108
54
91
80
104
118
57
98
104
93
99
47
90
77
43
20
25
22
75
68
30
86
77
107
51
23
107
56
28
88
77
116
74
48
76
33 39
27 49
29 40
15 48
17 34
8 33
40 46
19 33
6 21
29 49
45 46
28 29
7 24
16 30
10 34
2 26
17 27
29 48
17 44
1 48
6 14
4 37
2 6
26 37
14 38
5 13
33 42
9 43
9 22
8 21
23 35
12 27
2 27
32 49
25 35
13 31
19 24
32 36
6 12
17 47
12 30
2 4
13 23
28 32
34 36
8 19
13 34
12 40
13 16
1 17
28 48
28 47
10 36
6 48
3 9
17 21
21 35
11 25
3 34
21 45
15 41
6 31
43 49
17 48
9 15
20 37
16 48
2 35
11 43
1 20
20 46
31 42
19 42
28 42
25 38
16 49
5 30
6 23
21 26
39 43
5 24
9 44
5 7
4 10
0 27
19 31
25 34
28 41
3 16
5 18
23 34
9 37
13 29
2 33
0 22
25 48
27 44
41 49
26 47
28 43
