250 500
75
83
60
25
115
105
104
60
40
52
69
41
55
55
38
85
36
22
69
68
118
58
68
107
105
80
67
42
98
102
42
106
65
34
111
112
119
95
52
91
79
102
113
67
89
31
32
105
85
82
105
84
72
53
23
57
113
70
32
91
52
54
29
49
68
20
93
20
48
26
91
107
60
84
54
29
47
119
66
113
81
51
77
85
36
80
74
29
82
86
52
67
72
62
48
73
114
22
25
42
28
96
82
68
113
68
29
40
67
27
33
28
110
42
45
26
102
100
35
65
118
119
64
23
113
92
28
108
94
33
82
102
109
44
102
54
93
63
75
92
70
88
53
60
63
78
66
97
110
33
42
61
85
38
116
78
111
24
118
85
37
81
20
78
57
102
113
82
46
68
55
96
88
88
89
83
98
35
61
89
101
35
82
66
54
78
24
45
82
75
110
51
36
110
109
25
45
102
40
71
102
75
99
23
95
20
86
73
36
27
94
69
43
56
115
77
114
71
102
28
26
44
59
94
35
49
52
60
83
72
63
118
27
94
73
54
95
39
107
63
99
34
112
22
70
59
31
117
62
65
23 105
30 91
38 64
100 152
23 97
204 217
87 187
18 183
206 218
86 171
118 232
10 125
162 221
37 176
141 222
133 164
164 165
81 203
116 233
153 241
52 107
78 239
41 199
59 111
7 230
91 197
59 201
24 216
4 222
113 201
78 84
96 129
100 210
151 216
54 193
98 207
138 162
55 87
147 189
166 196
215 229
32 140
25 106
57 99
110 212
64 143
46 193
91 147
154 242
199 215
25 47
47 209
15 237
116 204
32 236
2 67
142 247
22 100
9 101
121 165
37 119
58 165
1 231
164 237
130 244
143 186
7 86
22 204
70 73
78 161
80 102
201 228
180 223
74 224
189 197
58 91
2 87
68 76
3 240
55 99
93 222
229 242
179 196
103 104
16 181
15 220
12 96
87 172
26 248
13 216
47 104
126 134
106 202
54 110
109 193
165 209
54 55
234 247
0 100
89 119
32 206
146 191
52 215
79 233
65 98
113 147
23 202
99 161
154 226
21 123
115 184
38 170
35 238
91 155
96 136
20 62
3 154
18 207
1 71
36 136
35 201
5 101
58 201
136 166
39 207
9 72
48 76
64 95
102 185
7 173
69 198
102 193
175 211
161 246
49 64
117 234
84 86
123 245
37 39
96 131
141 181
7 168
13 41
173 226
115 181
150 165
102 195
120 129
9 133
175 227
183 212
17 43
150 166
114 187
57 246
33 238
53 239
97 132
21 169
108 136
8 154
24 56
65 138
9 115
192 240
135 179
62 79
51 176
109 118
3 172
13 199
47 57
78 145
106 170
214 224
118 216
124 232
120 244
4 189
32 88
17 48
110 167
71 97
37 215
61 180
71 231
128 177
28 174
58 198
22 30
99 172
7 243
89 223
15 229
67 195
47 244
66 85
34 206
137 243
101 169
157 172
84 151
31 152
8 210
141 230
4 85
180 240
11 213
19 241
67 228
127 160
97 163
46 119
35 131
85 215
57 122
109 208
58 114
91 168
71 74
11 59
151 178
189 191
63 217
32 47
193 232
145 175
40 73
14 24
108 229
165 211
70 203
11 225
36 67
32 213
91 240
168 224
18 95
62 210
94 183
109 165
37 136
60 180
74 209
56 170
17 156
85 109
163 189
223 226
5 82
72 189
15 96
43 93
33 53
68 105
215 249
37 233
43 203
69 163
125 220
83 126
20 244
35 235
183 208
11 15
52 213
162 190
135 170
203 205
40 163
39 124
107 230
178 183
151 247
121 198
31 224
70 99
84 154
106 189
117 145
205 210
22 247
192 224
132 180
172 247
121 195
140 229
210 232
159 239
66 205
42 54
136 196
240 242
136 237
193 212
198 234
42 172
127 204
149 198
11 249
80 176
3 137
164 243
161 190
15 137
40 125
3 104
53 68
88 110
218 225
32 136
84 95
33 196
197 210
128 201
42 199
46 245
13 207
38 185
4 174
146 156
11 49
0 219
64 190
79 141
67 158
3 59
154 201
33 121
70 152
50 177
167 191
7 204
81 113
89 129
10 30
10 202
0 118
53 181
10 63
137 249
2 169
74 196
169 203
207 209
136 239
7 156
116 179
111 113
230 240
202 240
122 155
102 122
23 155
54 135
53 71
23 240
71 157
111 166
227 241
82 170
178 216
145 239
44 202
8 126
44 63
116 166
71 218
39 93
78 93
81 149
206 248
155 242
10 27
118 120
39 238
55 204
44 69
201 215
62 98
92 142
60 125
160 195
131 199
62 140
144 221
142 211
55 177
57 150
18 66
29 156
57 84
212 228
15 230
78 194
77 138
54 72
198 233
101 182
182 242
77 244
57 65
71 243
215 221
133 152
181 240
141 149
16 103
230 246
26 220
48 177
164 249
204 214
56 232
146 165
150 242
94 215
17 152
60 117
212 239
81 102
243 246
12 82
62 198
110 168
37 88
104 216
23 37
19 69
79 215
36 229
60 130
46 212
0 209
91 181
23 135
19 172
106 128
76 133
21 96
211 244
63 133
22 66
86 135
17 144
180 202
12 98
144 163
76 163
103 109
106 229
28 244
224 248
234 236
7 50
80 147
65 71
137 210
148 190
84 124
165 178
13 116
43 131
9 221
146 215
2 81
177 194
44 132
119 152
28 54
210 228
151 201
13 128
140 170
14 161
4 178
45 222
88 191
201 206
59 102
166 242
207 212
89 170
6 174
60 137
141 228
97 180
42 77
45 183
207 247
49 103
94 135
178 179
34 134
94 232
88 148
45 188
108 110
218 237
47 134
