150 500
22
93
79
24
29
117
70
78
40
71
41
53
36
97
45
34
31
77
62
84
76
77
89
28
79
84
66
80
72
111
103
74
36
114
30
97
111
81
55
83
84
76
117
100
106
42
66
117
52
108
33
60
117
102
20
28
66
66
41
71
110
24
77
26
118
88
56
61
49
91
25
65
48
74
45
34
48
43
83
32
83
96
72
80
31
73
41
29
71
62
80
61
66
90
20
116
110
56
109
91
27
66
36
107
20
113
73
101
36
36
113
99
65
118
111
76
23
32
85
74
26
98
68
24
20
68
20
110
104
110
81
63
56
49
51
109
42
56
90
110
25
35
41
70
85
32
78
88
97
95
67 145
28 45
70 86
11 98
57 76
44 55
115 136
67 87
44 90
26 117
39 87
58 122
16 39
62 140
33 68
2 3
63 100
83 149
72 94
98 148
1 55
39 94
20 31
12 106
73 76
17 39
10 63
76 78
102 118
43 135
36 46
39 99
48 122
1 120
1 118
20 119
17 108
9 129
17 48
26 141
30 143
55 96
74 145
97 134
27 42
131 134
76 125
23 132
48 133
17 45
36 117
38 145
99 134
26 85
17 19
12 13
100 109
67 95
33 103
95 128
32 79
7 109
5 91
82 106
25 127
65 95
60 63
65 131
66 86
6 84
80 148
91 106
103 117
27 71
5 100
30 103
13 16
9 87
95 136
120 125
52 122
14 86
53 103
72 101
39 107
37 54
115 145
4 120
74 127
71 79
3 133
95 146
105 142
140 143
20 143
12 97
0 142
112 148
53 63
70 92
26 72
89 129
36 73
111 148
32 65
48 77
75 87
96 132
82 142
122 127
12 134
57 75
37 135
55 90
2 27
33 74
64 105
28 65
2 26
26 68
104 111
18 48
17 81
65 82
9 54
42 73
91 117
128 130
56 87
58 68
16 101
34 121
68 99
0 122
26 28
40 139
32 111
15 89
22 128
80 137
123 128
69 112
93 142
47 49
30 116
9 99
44 119
70 89
45 70
62 73
4 97
31 114
106 115
47 145
30 127
8 34
2 147
47 130
79 90
22 148
7 97
23 119
94 103
58 149
14 22
13 124
79 141
96 97
97 144
92 127
23 126
37 78
25 69
17 125
123 149
92 96
32 115
117 136
59 78
126 135
11 100
41 81
2 138
28 99
22 132
58 128
50 68
76 136
13 137
38 93
38 87
70 135
4 53
56 112
41 82
33 140
32 53
107 114
20 44
55 109
66 87
113 117
1 5
43 45
14 38
52 83
120 126
24 29
81 125
43 57
24 34
129 142
9 118
40 87
46 53
95 120
35 110
41 87
13 130
79 138
70 71
46 131
6 94
69 75
21 139
13 28
21 107
75 143
30 80
83 115
28 113
6 87
74 144
68 145
41 62
19 108
33 149
40 61
12 147
57 134
14 124
89 137
67 98
52 53
28 131
96 137
17 20
34 85
2 15
37 109
47 116
51 128
18 46
111 112
67 97
18 41
13 58
13 32
125 137
67 106
15 65
84 146
82 137
19 55
109 136
66 102
44 58
55 105
17 114
83 118
16 136
30 124
58 96
72 95
45 64
60 80
128 129
19 144
60 66
46 126
42 77
50 135
86 105
102 142
110 123
35 41
61 149
95 123
69 119
15 17
0 133
15 127
122 128
39 86
62 90
17 85
104 136
54 92
47 91
44 116
7 131
58 60
33 42
4 11
4 73
40 78
56 73
52 55
80 141
72 91
53 78
59 89
116 143
1 110
92 97
100 128
38 130
8 22
64 124
85 128
66 138
18 61
122 125
15 104
8 116
26 71
87 115
32 105
10 33
65 103
32 44
12 105
15 134
86 108
74 80
68 139
59 140
14 31
35 47
53 118
55 144
27 142
11 59
0 21
65 145
26 27
11 131
92 146
49 80
104 129
4 93
46 99
55 130
60 90
28 79
45 135
72 74
29 85
29 132
107 127
35 95
4 106
69 148
4 118
79 109
135 149
0 104
9 32
130 144
1 112
47 75
97 149
119 126
85 101
58 94
37 129
48 63
35 68
16 68
27 67
2 33
86 119
2 95
57 114
45 61
15 57
89 142
18 147
86 149
52 65
18 36
16 123
86 136
15 140
44 106
48 75
32 45
14 77
41 142
37 72
102 129
94 104
23 25
91 109
46 76
14 76
64 144
52 137
29 131
7 12
63 142
74 107
33 146
38 46
27 53
50 132
78 125
56 61
73 137
39 70
57 132
15 91
60 139
4 114
16 130
24 43
60 98
52 94
0 94
23 34
16 53
33 73
134 141
89 117
23 61
6 57
21 98
10 72
8 76
26 138
50 145
55 83
37 148
51 144
85 90
17 143
3 142
47 79
28 70
14 52
20 132
84 118
29 65
62 91
69 109
55 142
15 42
118 144
37 84
106 130
99 109
6 59
31 127
20 81
41 65
93 120
61 79
87 142
81 141
101 114
71 125
17 18
38 65
0 106
63 144
32 104
64 143
12 93
24 33
25 142
20 126
14 89
99 102
90 134
33 98
8 93
71 111
77 136
0 34
70 97
0 63
13 63
6 140
83 98
126 132
103 146
0 101
45 85
49 138
120 145
