50 100
74
93
91
85
104
58
40
58
55
25
61
56
66
82
40
24
73
38
27
41
71
56
106
21
105
71
75
78
21
86
106
27
59
29
92
96
68
65
34
55
22
27
43
68
89
63
72
95
81
31
5 23
30 41
14 38
0 2
23 47
4 17
33 37
6 18
21 36
18 32
10 25
12 21
26 37
22 41
14 33
14 15
3 31
16 33
3 41
2 7
28 39
41 49
9 11
7 30
41 47
1 9
16 24
4 22
1 13
28 34
29 46
0 10
1 16
4 43
7 48
12 38
5 37
39 47
16 46
15 29
32 40
6 25
7 49
10 12
14 43
43 46
4 42
15 49
25 47
9 47
15 37
4 16
32 36
2 17
42 47
0 22
15 21
19 37
8 15
1 31
14 37
30 44
36 43
7 36
20 23
11 28
2 30
1 28
23 30
24 39
8 37
2 26
3 18
5 40
22 49
42 43
3 4
16 31
15 20
12 46
22 37
26 48
13 16
4 47
26 34
2 6
4 10
9 43
9 15
4 5
34 47
0 39
19 32
6 41
2 46
15 33
47 48
2 13
23 49
11 26
