150 750
109
85
94
41
82
45
54
73
117
77
30
99
23
73
28
51
74
30
85
119
83
84
94
60
88
32
81
95
32
38
69
73
103
95
94
65
72
29
71
70
38
81
49
94
34
109
25
41
119
42
40
34
106
66
27
26
30
40
101
43
59
103
48
42
78
23
40
31
84
43
33
102
104
114
76
71
104
33
44
55
107
116
22
93
62
29
99
25
49
33
48
88
116
28
63
74
31
35
37
95
58
102
30
94
97
38
97
33
52
21
20
91
69
22
65
112
83
96
117
113
109
97
33
105
105
28
112
69
43
81
96
33
64
106
60
93
77
89
106
61
43
106
32
92
61
77
36
24
106
85
67 145
28 45
70 86
11 98
57 76
44 55
115 136
67 87
44 90
26 117
39 87
58 122
16 39
62 140
33 68
2 3
63 100
83 149
72 94
98 148
1 55
39 94
20 31
12 106
73 76
17 39
10 63
76 78
102 118
43 135
36 46
39 99
48 122
1 120
1 118
20 119
17 108
9 129
17 48
26 141
30 143
55 96
74 145
97 134
27 42
131 134
76 125
23 132
48 133
17 45
36 117
38 145
99 134
26 85
17 19
12 13
100 109
67 95
33 103
95 128
32 79
7 109
5 91
82 106
25 127
65 95
60 63
65 131
66 86
6 84
80 148
91 106
103 117
27 71
5 100
30 103
13 16
9 87
95 136
120 125
52 122
14 86
53 103
72 101
39 107
37 54
115 145
4 120
74 127
71 79
3 133
95 146
105 142
140 143
20 143
12 97
0 142
112 148
53 63
70 92
26 72
89 129
36 73
111 148
32 65
48 77
75 87
96 132
82 142
122 127
12 134
57 75
37 135
55 90
2 27
33 74
64 105
28 65
2 26
26 68
104 111
18 48
17 81
65 82
9 54
42 73
91 117
128 130
56 87
58 68
16 101
34 121
68 99
0 122
26 28
40 139
32 111
15 89
22 128
80 137
123 128
69 112
93 142
47 49
30 116
9 99
44 119
70 89
45 70
62 73
4 97
31 114
106 115
47 145
30 127
8 34
2 147
47 130
79 90
22 148
7 97
23 119
94 103
58 149
14 22
13 124
79 141
96 97
97 144
92 127
23 126
37 78
25 69
17 125
123 149
92 96
32 115
117 136
59 78
126 135
11 100
41 81
2 138
28 99
22 132
58 128
50 68
76 136
13 137
38 93
38 87
70 135
4 53
56 112
41 82
33 140
32 53
107 114
20 44
55 109
66 87
113 117
1 5
43 45
14 38
52 83
120 126
24 29
81 125
43 57
24 34
129 142
9 118
40 87
46 53
95 120
35 110
41 87
13 130
79 138
70 71
46 131
6 94
69 75
21 139
13 28
21 107
75 143
30 80
83 115
28 113
6 87
74 144
68 145
41 62
19 108
33 149
40 61
12 147
57 134
14 124
89 137
67 98
52 53
28 131
96 137
17 20
34 85
2 15
37 109
47 116
51 128
18 46
111 112
67 97
18 41
13 58
13 32
125 137
67 106
15 65
84 146
82 137
19 55
109 136
66 102
44 58
55 105
17 114
83 118
16 136
30 124
58 96
72 95
45 64
60 80
128 129
19 144
60 66
46 126
42 77
50 135
86 105
102 142
110 123
35 41
61 149
95 123
69 119
15 17
0 133
15 127
122 128
39 86
62 90
17 85
104 136
54 92
47 91
44 116
7 131
58 60
33 42
4 11
4 73
40 78
56 73
52 55
80 141
72 91
53 78
59 89
116 143
1 110
92 97
100 128
38 130
8 22
64 124
85 128
66 138
18 61
122 125
15 104
8 116
26 71
87 115
32 105
10 33
65 103
32 44
12 105
15 134
86 108
74 80
68 139
59 140
14 31
35 47
53 118
55 144
27 142
11 59
0 21
65 145
26 27
11 131
92 146
49 80
104 129
4 93
46 99
55 130
60 90
28 79
45 135
72 74
29 85
29 132
107 127
35 95
4 106
69 148
4 118
79 109
135 149
0 104
9 32
130 144
1 112
47 75
97 149
119 126
85 101
58 94
37 129
48 63
35 68
16 68
27 67
2 33
86 119
2 95
57 114
45 61
15 57
89 142
18 147
86 149
52 65
18 36
16 123
86 136
15 140
44 106
48 75
32 45
14 77
41 142
37 72
102 129
94 104
23 25
91 109
46 76
14 76
64 144
52 137
29 131
7 12
63 142
74 107
33 146
38 46
27 53
50 132
78 125
56 61
73 137
39 70
57 132
15 91
60 139
4 114
16 130
24 43
60 98
52 94
0 94
23 34
16 53
33 73
134 141
89 117
23 61
6 57
21 98
10 72
8 76
26 138
50 145
55 83
37 148
51 144
85 90
17 143
3 142
47 79
28 70
14 52
20 132
84 118
29 65
62 91
69 109
55 142
15 42
118 144
37 84
106 130
99 109
6 59
31 127
20 81
41 65
93 120
61 79
87 142
81 141
101 114
71 125
17 18
38 65
0 106
63 144
32 104
64 143
12 93
24 33
25 142
20 126
14 89
99 102
90 134
33 98
8 93
71 111
77 136
0 34
70 97
0 63
13 63
6 140
83 98
126 132
103 146
0 101
45 85
49 138
120 145
2 73
9 47
8 100
20 101
71 83
16 77
114 125
11 107
114 142
58 69
9 114
46 110
41 102
104 133
16 44
60 77
11 91
13 85
6 14
30 97
72 136
46 147
38 82
13 140
82 147
58 100
46 146
51 71
54 90
57 106
98 118
86 91
21 129
45 105
28 104
14 75
23 78
62 63
76 113
52 110
3 61
9 71
51 142
60 141
20 46
0 46
40 86
39 71
46 107
37 116
0 93
103 131
16 116
43 79
145 148
56 91
12 53
65 104
28 56
4 148
100 148
50 140
84 90
61 93
79 136
39 131
22 136
20 40
55 115
21 50
15 112
8 68
27 125
75 83
55 73
5 88
40 71
47 57
32 108
0 71
33 89
12 111
20 84
53 75
49 74
27 117
87 89
35 116
62 110
101 118
85 91
6 123
21 34
115 118
31 116
23 39
51 103
36 123
37 90
100 139
14 127
103 106
64 141
29 121
4 125
141 147
22 118
2 50
15 95
23 29
62 131
52 85
68 88
58 105
9 28
43 94
38 50
20 94
0 132
31 145
113 141
41 53
18 51
41 109
80 90
5 132
73 77
70 136
1 81
25 145
33 44
92 128
38 124
14 72
9 124
17 103
25 59
95 111
70 110
38 92
62 95
74 140
19 46
2 28
23 47
27 143
57 108
138 147
2 31
57 69
64 75
127 141
36 140
48 86
26 60
24 140
64 121
42 66
12 94
44 112
19 124
105 128
27 115
50 148
22 114
125 149
7 11
139 145
59 101
21 101
28 142
67 146
35 80
131 143
12 42
49 105
39 42
97 121
4 147
26 120
13 95
20 78
107 119
15 68
20 53
80 87
17 49
42 69
13 149
6 107
51 63
10 45
23 49
7 143
72 128
56 140
92 149
77 107
73 103
55 129
49 91
142 149
106 114
27 148
44 60
83 89
70 118
12 81
21 88
66 111
78 117
42 109
22 133
21 60
25 27
25 30
104 142
44 121
75 117
53 94
15 142
73 74
41 79
83 101
96 129
17 109
59 63
85 121
31 94
9 23
11 101
72 83
8 107
51 91
84 113
88 118
48 60
45 130
11 51
120 141
23 55
82 144
26 42
25 51
102 134
53 142
4 27
119 135
0 55
24 105
