100 500
31
68
113
43
82
62
31
91
31
28
108
54
36
101
29
67
31
31
49
114
51
36
61
106
118
69
99
53
113
53
106
24
54
51
100
116
93
111
87
104
119
27
91
87
61
100
86
72
63
116
118
94
84
111
32
35
60
112
68
106
45
106
62
79
37
42
28
62
86
47
47
37
107
70
105
48
50
23
52
93
71
50
67
88
41
80
103
34
72
51
20
49
38
62
61
107
37
21
50
103
82 94
32 61
63 76
82 87
25 29
37 71
39 80
36 88
54 61
31 48
35 70
58 59
39 89
37 55
43 44
10 77
42 90
18 90
58 78
1 35
24 59
72 98
8 57
18 86
18 62
18 49
30 40
8 29
15 21
18 64
11 29
2 94
23 84
20 33
14 73
68 73
92 98
55 72
0 10
14 25
80 95
21 64
24 25
2 47
21 39
51 63
2 57
5 77
25 94
8 63
51 83
1 82
6 76
8 76
16 85
43 97
7 80
58 70
31 72
22 57
20 93
25 47
30 77
8 24
32 40
23 59
12 66
72 99
20 28
5 89
38 71
30 37
8 95
13 80
35 52
25 26
25 61
55 91
2 31
51 94
62 63
18 30
69 74
43 49
33 89
2 41
67 84
74 89
3 52
14 16
69 77
32 59
11 52
15 26
73 96
48 97
18 52
67 94
46 47
40 81
35 94
19 22
48 62
8 17
0 74
33 78
43 92
10 47
55 88
29 63
12 85
3 29
16 23
22 64
21 62
45 56
9 19
23 28
68 88
40 68
25 63
58 98
6 25
21 49
6 34
33 35
50 89
10 11
14 32
11 26
40 87
30 68
10 98
9 50
19 72
17 27
30 96
36 78
21 27
27 57
13 43
2 14
77 93
59 65
43 61
1 70
30 52
22 40
31 51
22 42
3 69
39 85
17 66
39 74
44 83
57 67
26 81
11 71
29 58
19 82
4 72
3 73
57 95
43 60
26 38
81 82
7 21
18 25
91 92
35 65
76 84
45 54
8 65
26 76
37 60
20 65
13 22
8 67
82 93
16 98
26 58
45 89
80 83
0 89
65 68
65 84
2 20
73 98
63 78
58 77
23 73
38 98
65 97
31 98
11 97
47 89
34 90
24 69
37 91
27 41
2 13
29 76
11 59
22 39
37 64
87 97
2 95
26 52
15 49
5 26
56 63
47 91
32 67
22 90
9 17
22 24
0 47
58 86
8 91
7 95
5 82
52 61
14 87
2 79
15 57
7 72
20 51
4 19
9 18
27 78
3 78
2 25
36 47
48 83
5 6
66 68
5 58
82 89
59 97
46 67
18 69
18 40
74 88
1 53
16 80
56 70
57 63
10 93
58 62
29 69
15 47
37 73
19 52
11 14
12 68
30 90
0 30
57 82
84 89
10 57
16 18
25 27
37 81
71 96
62 65
88 99
2 73
41 62
45 67
31 97
14 45
6 86
16 50
18 43
22 86
20 43
59 66
16 58
66 81
13 21
35 61
8 64
15 79
49 82
24 33
21 32
38 99
1 8
7 51
19 45
14 74
65 85
33 81
96 99
66 69
1 65
30 81
9 97
11 60
36 80
64 96
47 58
2 66
48 61
19 69
24 85
33 66
24 66
78 80
12 39
25 77
2 9
61 98
19 73
76 97
37 97
59 89
16 96
2 54
21 87
20 31
38 68
55 66
69 85
34 46
25 76
11 27
72 85
59 78
44 75
33 87
73 76
41 92
25 99
46 95
16 38
7 29
54 84
47 62
0 73
26 37
4 97
93 96
32 83
12 71
37 50
46 70
62 64
0 68
44 45
22 69
21 58
21 31
48 59
29 52
7 74
36 43
1 93
25 55
44 96
42 95
56 79
4 95
24 76
74 95
18 21
79 95
17 39
11 39
28 92
44 87
66 80
20 30
22 45
81 92
12 64
1 20
3 96
3 17
73 99
64 97
60 68
4 48
0 52
42 58
3 39
32 37
32 96
49 85
57 68
14 17
12 70
34 37
41 53
57 91
89 95
9 76
60 94
0 98
0 33
84 87
81 88
21 50
9 53
30 98
52 85
28 71
12 61
71 76
89 94
13 83
6 13
33 58
20 46
28 42
15 61
30 58
3 49
12 20
2 18
39 95
66 70
20 84
31 96
20 55
68 90
55 96
41 81
55 80
13 49
8 74
65 90
39 53
84 93
71 79
33 94
53 98
29 78
1 91
5 8
38 87
49 94
18 63
78 96
37 61
68 70
7 33
17 75
1 47
86 97
47 93
23 91
65 83
22 37
2 65
0 39
69 78
11 62
28 37
29 80
29 36
29 67
58 76
2 4
37 77
12 75
14 33
55 81
7 76
69 76
5 87
7 19
86 95
6 49
16 25
29 82
19 94
23 42
20 56
71 99
27 84
53 99
56 66
12 86
8 43
88 94
12 62
36 97
56 69
17 44
8 23
22 93
31 77
2 30
68 83
47 87
54 82
41 55
83 92
52 54
