150 3000
99
42
83
96
91
35
62
84
82
31
46
39
115
55
101
31
21
62
101
77
107
89
116
76
109
36
84
76
116
64
91
48
38
54
24
110
22
118
26
36
29
53
107
76
40
40
40
42
83
21
51
22
43
99
30
32
115
46
89
64
42
112
92
61
98
48
103
100
98
109
69
107
94
56
115
115
29
35
89
44
37
20
46
112
99
109
76
46
87
97
90
110
89
114
103
68
42
86
100
20
27
49
59
102
38
55
49
47
22
118
71
91
118
49
83
49
90
40
75
58
117
46
48
39
40
31
87
115
49
67
67
108
49
59
90
119
46
119
98
48
69
101
20
67
82
35
48
53
107
104
67 145
28 45
70 86
11 98
57 76
44 55
115 136
67 87
44 90
26 117
39 87
58 122
16 39
62 140
33 68
2 3
63 100
83 149
72 94
98 148
1 55
39 94
20 31
12 106
73 76
17 39
10 63
76 78
102 118
43 135
36 46
39 99
48 122
1 120
1 118
20 119
17 108
9 129
17 48
26 141
30 143
55 96
74 145
97 134
27 42
131 134
76 125
23 132
48 133
17 45
36 117
38 145
99 134
26 85
17 19
12 13
100 109
67 95
33 103
95 128
32 79
7 109
5 91
82 106
25 127
65 95
60 63
65 131
66 86
6 84
80 148
91 106
103 117
27 71
5 100
30 103
13 16
9 87
95 136
120 125
52 122
14 86
53 103
72 101
39 107
37 54
115 145
4 120
74 127
71 79
3 133
95 146
105 142
140 143
20 143
12 97
0 142
112 148
53 63
70 92
26 72
89 129
36 73
111 148
32 65
48 77
75 87
96 132
82 142
122 127
12 134
57 75
37 135
55 90
2 27
33 74
64 105
28 65
2 26
26 68
104 111
18 48
17 81
65 82
9 54
42 73
91 117
128 130
56 87
58 68
16 101
34 121
68 99
0 122
26 28
40 139
32 111
15 89
22 128
80 137
123 128
69 112
93 142
47 49
30 116
9 99
44 119
70 89
45 70
62 73
4 97
31 114
106 115
47 145
30 127
8 34
2 147
47 130
79 90
22 148
7 97
23 119
94 103
58 149
14 22
13 124
79 141
96 97
97 144
92 127
23 126
37 78
25 69
17 125
123 149
92 96
32 115
117 136
59 78
126 135
11 100
41 81
2 138
28 99
22 132
58 128
50 68
76 136
13 137
38 93
38 87
70 135
4 53
56 112
41 82
33 140
32 53
107 114
20 44
55 109
66 87
113 117
1 5
43 45
14 38
52 83
120 126
24 29
81 125
43 57
24 34
129 142
9 118
40 87
46 53
95 120
35 110
41 87
13 130
79 138
70 71
46 131
6 94
69 75
21 139
13 28
21 107
75 143
30 80
83 115
28 113
6 87
74 144
68 145
41 62
19 108
33 149
40 61
12 147
57 134
14 124
89 137
67 98
52 53
28 131
96 137
17 20
34 85
2 15
37 109
47 116
51 128
18 46
111 112
67 97
18 41
13 58
13 32
125 137
67 106
15 65
84 146
82 137
19 55
109 136
66 102
44 58
55 105
17 114
83 118
16 136
30 124
58 96
72 95
45 64
60 80
128 129
19 144
60 66
46 126
42 77
50 135
86 105
102 142
110 123
35 41
61 149
95 123
69 119
15 17
0 133
15 127
122 128
39 86
62 90
17 85
104 136
54 92
47 91
44 116
7 131
58 60
33 42
4 11
4 73
40 78
56 73
52 55
80 141
72 91
53 78
59 89
116 143
1 110
92 97
100 128
38 130
8 22
64 124
85 128
66 138
18 61
122 125
15 104
8 116
26 71
87 115
32 105
10 33
65 103
32 44
12 105
15 134
86 108
74 80
68 139
59 140
14 31
35 47
53 118
55 144
27 142
11 59
0 21
65 145
26 27
11 131
92 146
49 80
104 129
4 93
46 99
55 130
60 90
28 79
45 135
72 74
29 85
29 132
107 127
35 95
4 106
69 148
4 118
79 109
135 149
0 104
9 32
130 144
1 112
47 75
97 149
119 126
85 101
58 94
37 129
48 63
35 68
16 68
27 67
2 33
86 119
2 95
57 114
45 61
15 57
89 142
18 147
86 149
52 65
18 36
16 123
86 136
15 140
44 106
48 75
32 45
14 77
41 142
37 72
102 129
94 104
23 25
91 109
46 76
14 76
64 144
52 137
29 131
7 12
63 142
74 107
33 146
38 46
27 53
50 132
78 125
56 61
73 137
39 70
57 132
15 91
60 139
4 114
16 130
24 43
60 98
52 94
0 94
23 34
16 53
33 73
134 141
89 117
23 61
6 57
21 98
10 72
8 76
26 138
50 145
55 83
37 148
51 144
85 90
17 143
3 142
47 79
28 70
14 52
20 132
84 118
29 65
62 91
69 109
55 142
15 42
118 144
37 84
106 130
99 109
6 59
31 127
20 81
41 65
93 120
61 79
87 142
81 141
101 114
71 125
17 18
38 65
0 106
63 144
32 104
64 143
12 93
24 33
25 142
20 126
14 89
99 102
90 134
33 98
8 93
71 111
77 136
0 34
70 97
0 63
13 63
6 140
83 98
126 132
103 146
0 101
45 85
49 138
120 145
2 73
9 47
8 100
20 101
71 83
16 77
114 125
11 107
114 142
58 69
9 114
46 110
41 102
104 133
16 44
60 77
11 91
13 85
6 14
30 97
72 136
46 147
38 82
13 140
82 147
58 100
46 146
51 71
54 90
57 106
98 118
86 91
21 129
45 105
28 104
14 75
23 78
62 63
76 113
52 110
3 61
9 71
51 142
60 141
20 46
0 46
40 86
39 71
46 107
37 116
0 93
103 131
16 116
43 79
145 148
56 91
12 53
65 104
28 56
4 148
100 148
50 140
84 90
61 93
79 136
39 131
22 136
20 40
55 115
21 50
15 112
8 68
27 125
75 83
55 73
5 88
40 71
47 57
32 108
0 71
33 89
12 111
20 84
53 75
49 74
27 117
87 89
35 116
62 110
101 118
85 91
6 123
21 34
115 118
31 116
23 39
51 103
36 123
37 90
100 139
14 127
103 106
64 141
29 121
4 125
141 147
22 118
2 50
15 95
23 29
62 131
52 85
68 88
58 105
9 28
43 94
38 50
20 94
0 132
31 145
113 141
41 53
18 51
41 109
80 90
5 132
73 77
70 136
1 81
25 145
33 44
92 128
38 124
14 72
9 124
17 103
25 59
95 111
70 110
38 92
62 95
74 140
19 46
2 28
23 47
27 143
57 108
138 147
2 31
57 69
64 75
127 141
36 140
48 86
26 60
24 140
64 121
42 66
12 94
44 112
19 124
105 128
27 115
50 148
22 114
125 149
7 11
139 145
59 101
21 101
28 142
67 146
35 80
131 143
12 42
49 105
39 42
97 121
4 147
26 120
13 95
20 78
107 119
15 68
20 53
80 87
17 49
42 69
13 149
6 107
51 63
10 45
23 49
7 143
72 128
56 140
92 149
77 107
73 103
55 129
49 91
142 149
106 114
27 148
44 60
83 89
70 118
12 81
21 88
66 111
78 117
42 109
22 133
21 60
25 27
25 30
104 142
44 121
75 117
53 94
15 142
73 74
41 79
83 101
96 129
17 109
59 63
85 121
31 94
9 23
11 101
72 83
8 107
51 91
84 113
88 118
48 60
45 130
11 51
120 141
23 55
82 144
26 42
25 51
102 134
53 142
4 27
119 135
0 55
24 105
121 124
25 112
34 103
60 129
58 103
4 31
10 15
49 63
114 124
90 118
12 75
99 118
124 125
52 95
9 101
100 118
11 79
5 39
21 49
70 72
14 36
7 96
10 56
20 131
23 139
78 133
108 122
53 120
11 114
13 123
82 134
56 144
1 34
74 113
87 135
46 52
123 142
29 59
55 79
63 78
46 68
58 93
4 111
67 115
75 88
60 132
124 127
18 27
63 132
100 101
49 121
42 113
26 97
43 89
13 77
8 135
42 149
11 123
113 126
36 144
23 140
69 107
86 141
112 122
57 91
54 66
65 136
127 149
13 142
15 30
21 57
47 81
57 68
62 114
52 146
103 137
24 125
94 97
12 56
69 103
2 59
51 59
31 96
46 72
28 145
103 109
74 94
7 68
64 90
78 111
69 135
13 53
117 134
106 122
122 138
32 144
42 45
73 91
43 65
120 123
112 125
53 101
42 116
19 129
22 89
75 115
1 4
95 126
67 107
1 58
49 144
34 144
56 59
4 83
87 131
57 97
76 129
53 68
30 93
124 147
101 125
95 104
96 130
59 91
14 53
73 126
55 78
107 142
37 106
16 23
33 76
28 136
107 111
25 134
32 114
79 133
78 140
49 113
29 71
4 123
1 78
57 100
57 58
95 101
14 125
99 112
98 103
60 127
55 111
75 97
26 87
59 129
6 74
77 80
84 104
51 105
1 64
12 24
110 114
27 94
57 96
4 112
30 132
80 89
57 62
11 16
48 67
15 116
31 120
39 133
9 38
45 89
30 34
91 146
108 126
49 95
28 111
32 41
5 133
2 53
20 103
68 125
103 108
0 108
19 20
90 117
11 27
7 147
25 118
115 116
74 76
8 144
13 19
76 149
1 48
53 129
74 100
27 29
39 110
31 80
72 111
122 148
47 99
120 129
72 146
49 86
80 124
45 57
57 145
43 121
3 110
34 97
28 103
63 114
96 119
81 146
18 145
20 105
94 137
17 140
35 76
10 118
58 77
53 55
36 79
147 148
35 83
25 99
0 47
45 146
30 64
135 141
84 86
24 126
5 60
25 52
27 102
63 106
38 90
61 75
73 138
25 73
35 70
65 70
36 113
22 103
101 127
8 148
37 50
9 85
38 62
37 127
45 131
71 93
56 84
59 146
73 96
132 133
105 144
82 99
104 120
105 124
103 134
21 132
56 68
20 83
41 148
67 143
10 49
47 61
84 96
81 130
31 103
62 125
17 37
21 99
23 134
95 131
1 14
50 51
55 117
69 96
21 145
79 82
33 45
60 95
10 27
18 102
46 113
52 135
137 141
66 93
23 90
37 113
92 134
73 84
29 118
48 139
34 56
113 133
44 95
110 124
31 105
53 128
114 144
38 105
3 73
93 131
94 96
90 130
117 130
14 98
55 146
48 52
31 141
80 127
62 134
40 111
8 90
4 45
46 59
21 27
3 117
24 35
4 58
2 124
5 51
53 81
72 103
10 16
4 72
17 52
25 71
90 123
111 131
53 134
77 130
71 90
74 133
64 138
27 145
94 130
81 120
105 149
29 120
93 134
95 133
75 110
84 112
68 148
0 67
63 75
32 62
87 137
19 62
9 106
103 126
90 108
79 87
92 144
8 12
26 80
6 86
97 115
79 142
45 99
5 107
19 21
76 82
27 52
87 117
63 69
54 57
11 119
37 117
26 101
100 123
52 67
16 92
62 97
50 55
4 107
1 45
23 64
114 130
23 27
1 140
102 116
16 141
123 139
40 91
85 94
50 61
20 148
27 86
43 118
83 119
106 140
6 85
10 138
33 139
1 149
69 144
42 117
59 133
55 59
70 121
21 148
33 147
93 119
9 65
83 107
17 70
6 114
49 81
134 145
49 139
53 91
8 14
120 127
69 98
68 92
21 126
114 117
95 147
77 114
62 104
72 121
35 88
29 116
25 137
88 100
55 66
59 70
41 149
59 143
11 80
30 119
19 96
75 125
35 131
9 40
75 103
93 137
75 80
0 7
109 122
66 108
77 101
55 123
53 108
44 83
79 129
19 65
88 146
89 104
75 118
7 8
59 127
52 60
10 143
15 37
144 146
19 61
10 65
33 113
39 98
24 104
7 138
55 77
127 137
62 88
114 131
63 119
17 100
81 145
80 96
76 85
104 143
16 72
114 126
80 111
119 138
117 121
76 98
41 105
88 121
1 22
24 142
70 73
0 20
7 72
117 128
13 17
29 129
105 141
103 143
34 36
7 124
1 50
91 95
40 68
20 121
99 119
132 137
18 19
10 11
57 124
41 91
76 92
3 85
21 35
19 101
7 44
105 139
6 110
27 126
66 112
74 85
59 95
2 40
20 146
23 116
134 137
58 137
58 118
47 83
73 90
3 60
22 66
69 76
0 52
33 63
34 65
7 120
28 74
18 92
2 103
64 79
42 137
32 125
7 87
65 147
71 80
12 28
64 84
50 80
98 146
7 136
61 116
87 134
3 93
39 135
7 133
24 91
10 111
10 109
11 81
75 91
77 109
40 140
127 140
88 114
54 147
77 137
90 132
19 139
14 44
25 80
57 80
3 68
14 39
32 149
11 90
110 132
51 139
122 139
5 21
82 95
8 87
117 140
38 119
31 133
82 111
42 60
42 63
12 133
63 130
68 122
104 125
16 75
59 60
78 101
102 122
7 101
68 95
39 143
57 131
75 111
121 143
45 83
73 89
73 142
67 89
67 119
5 29
8 127
79 107
126 130
39 63
61 78
71 107
2 89
77 129
2 102
88 122
45 47
27 120
38 95
59 112
64 117
88 93
27 98
22 59
74 138
2 98
56 101
5 126
7 47
9 55
108 139
3 17
79 93
14 41
2 130
60 143
73 139
91 147
37 48
0 6
105 120
86 94
78 89
7 13
27 84
87 100
7 10
80 132
51 73
99 130
14 50
56 58
14 104
73 110
117 135
43 71
61 122
63 127
31 147
56 132
116 136
44 66
96 98
78 139
32 97
46 56
54 61
10 66
36 145
33 132
118 146
83 104
37 123
30 133
19 119
116 146
62 129
11 125
110 111
31 67
73 93
109 133
68 140
10 91
97 116
94 142
129 135
22 56
70 98
22 36
118 136
16 95
79 100
61 70
39 101
112 128
13 96
86 124
65 81
97 99
65 93
91 102
72 113
8 72
83 85
54 109
27 121
48 132
12 125
8 60
7 102
2 49
0 49
14 60
106 136
95 109
7 45
6 56
32 131
42 92
40 96
50 101
36 100
15 80
31 118
67 132
76 91
20 28
130 136
18 26
32 77
24 116
52 120
58 59
22 41
42 126
44 72
14 25
97 120
94 106
5 26
25 38
20 115
68 75
58 126
36 132
57 102
6 27
49 100
29 35
61 123
14 26
79 144
42 48
12 116
25 76
62 139
58 75
83 102
35 132
61 108
111 137
59 136
4 105
31 125
1 54
16 97
116 149
11 115
52 54
13 100
31 85
13 115
121 126
124 139
26 125
82 85
112 132
15 35
31 69
120 133
0 148
131 140
42 86
44 96
99 127
116 129
2 42
38 96
31 108
23 142
38 45
28 114
63 70
84 120
63 118
106 108
51 107
83 137
73 81
68 85
1 98
51 97
30 61
54 75
2 134
72 92
47 78
13 94
46 106
20 54
116 124
5 11
57 85
86 142
55 139
106 142
83 86
18 144
93 125
109 146
87 120
7 16
64 72
72 114
19 92
38 66
30 95
17 25
18 31
62 72
8 81
1 145
42 78
74 126
90 138
11 61
27 119
2 44
61 63
30 40
93 136
69 125
85 142
16 38
18 131
46 127
55 68
34 118
31 81
48 110
50 92
5 112
13 99
56 99
35 44
130 134
99 100
18 119
33 100
0 109
16 63
82 122
83 135
0 29
92 101
2 38
132 136
22 137
17 106
26 43
11 95
19 135
54 110
70 134
42 123
107 130
14 17
41 95
44 69
23 82
7 106
19 100
108 143
21 45
82 140
2 92
11 73
87 119
62 123
32 42
38 114
123 145
58 97
74 77
24 92
135 148
90 106
60 69
6 141
16 125
13 89
100 135
73 83
39 90
17 33
15 27
13 41
12 50
45 127
51 112
20 128
79 99
64 97
102 105
28 129
68 119
134 139
83 148
10 50
108 133
10 28
123 137
8 75
120 131
80 97
35 119
1 49
84 115
71 84
55 112
45 72
80 115
28 30
10 69
56 77
85 104
33 85
15 108
32 129
102 133
67 130
68 103
25 53
66 76
81 94
25 104
0 78
129 148
37 103
117 122
75 90
25 138
60 128
40 113
55 106
87 91
90 120
85 116
73 122
91 121
30 105
72 126
2 66
42 49
2 133
92 95
32 35
58 88
0 141
13 25
110 142
31 65
40 116
47 125
101 146
119 148
11 93
65 76
18 21
97 105
33 97
12 113
77 125
0 44
48 137
75 116
34 112
4 26
74 106
8 52
7 123
73 78
10 40
77 126
25 90
36 53
0 53
136 137
20 61
77 139
84 99
54 107
106 145
41 120
8 43
43 106
19 85
33 77
113 124
13 62
35 114
103 148
98 112
68 90
55 85
25 149
55 104
1 99
112 142
9 48
27 38
129 141
21 64
44 78
9 83
15 81
29 112
81 104
98 137
39 123
38 147
32 59
140 147
69 101
2 112
3 7
80 138
16 147
30 70
1 26
124 135
40 76
78 97
19 52
9 84
49 88
130 137
93 122
41 126
23 100
16 18
20 138
46 48
21 82
12 20
63 85
83 97
111 116
97 135
60 125
88 103
39 104
59 121
19 93
106 135
29 105
49 84
104 147
17 117
43 117
54 141
51 116
16 54
6 133
7 22
13 128
106 134
49 90
56 143
14 21
75 122
21 116
37 101
21 120
12 80
25 33
13 139
100 146
88 113
121 127
16 64
85 86
63 82
31 57
131 145
50 149
18 71
0 119
46 135
15 33
22 140
81 142
19 70
30 91
57 125
46 61
128 142
22 62
82 112
2 21
43 85
2 122
11 120
25 81
32 139
79 132
62 107
18 83
139 143
51 87
16 71
65 89
52 74
128 132
24 124
63 66
105 129
34 131
75 113
65 94
30 110
40 51
37 70
63 81
26 34
131 149
99 123
1 73
104 105
77 79
72 141
68 77
14 54
35 109
65 66
10 20
8 80
89 109
79 124
36 125
12 52
8 29
106 116
38 139
89 128
6 46
53 115
27 49
57 73
84 108
56 147
23 121
8 37
50 90
20 79
0 136
88 139
76 139
15 118
14 20
73 105
38 148
8 48
66 134
7 76
34 40
32 48
101 106
73 143
23 87
80 113
36 81
64 95
7 35
2 93
75 133
15 25
15 78
29 145
77 87
72 88
9 142
49 127
59 110
61 71
120 128
136 148
67 101
37 100
22 79
71 126
41 83
133 136
40 53
37 149
40 112
61 143
49 102
18 106
53 57
3 71
0 146
24 25
10 124
12 66
136 143
114 143
85 115
16 69
110 122
31 35
23 24
96 124
104 126
63 84
60 116
11 84
21 142
0 4
67 137
4 82
107 112
44 104
30 37
11 42
6 48
112 119
22 73
8 129
59 61
126 133
59 104
16 62
63 111
10 83
24 110
91 98
106 123
33 70
17 105
61 117
23 137
55 72
1 137
0 35
98 131
14 61
70 76
46 82
0 100
141 143
56 63
70 138
11 15
14 148
17 95
52 113
96 147
24 58
88 104
90 107
27 104
40 97
18 96
114 135
48 143
7 31
48 98
61 103
2 101
55 58
15 18
5 131
115 135
36 127
39 81
4 33
18 73
20 66
51 118
66 126
2 79
4 127
82 88
97 111
102 131
83 99
136 139
28 72
45 142
97 98
57 63
19 45
10 54
14 87
15 149
98 100
1 87
121 139
18 113
22 94
42 105
46 65
41 145
42 91
49 126
40 99
50 102
86 117
86 137
34 86
36 88
23 130
7 41
49 115
16 86
10 59
30 87
55 127
52 80
41 106
93 99
127 133
29 117
19 105
48 93
66 82
29 44
60 130
18 91
28 31
6 80
35 87
95 138
76 87
120 122
72 75
24 123
8 67
91 111
38 71
73 108
12 46
6 41
129 139
24 87
2 63
76 102
100 107
81 124
24 74
16 27
87 111
2 75
59 134
38 43
49 59
122 131
57 103
60 126
7 100
43 54
1 51
2 25
44 115
33 120
76 97
35 37
75 106
122 134
5 103
9 108
62 135
16 124
67 99
3 94
13 59
25 47
74 134
54 115
52 63
68 93
79 149
5 135
51 127
25 67
3 64
102 136
34 133
8 47
33 94
132 146
6 131
108 113
62 96
53 146
127 138
29 89
114 115
21 96
81 135
25 115
33 118
12 62
9 67
42 55
88 138
16 19
72 125
56 65
96 116
71 113
70 81
10 55
29 75
41 43
12 137
138 144
76 93
10 145
60 87
114 118
64 102
76 132
27 63
12 146
103 127
80 117
67 100
104 130
35 96
0 45
1 13
7 82
62 130
71 91
135 145
0 65
2 14
14 107
13 38
45 101
8 101
58 117
37 66
116 148
28 44
30 115
15 21
12 73
27 132
45 93
3 138
9 146
39 69
76 83
23 35
13 65
35 40
53 132
108 114
86 132
55 131
20 39
45 113
48 84
4 133
58 135
29 133
76 100
34 50
47 77
18 20
0 82
17 107
29 50
12 49
89 110
64 76
111 118
94 105
31 148
44 65
34 130
28 35
12 33
8 88
7 105
36 115
30 57
137 146
104 140
124 148
19 30
69 81
61 126
134 147
1 8
11 36
37 96
105 108
80 122
39 47
2 86
35 142
62 92
17 43
49 114
47 131
33 108
57 115
67 116
5 97
5 93
97 142
5 35
54 114
63 149
22 44
3 30
73 114
49 70
66 83
67 127
39 96
39 113
118 133
34 125
39 65
62 82
61 146
83 145
69 145
30 148
99 144
50 124
57 64
93 117
58 124
39 60
2 94
2 129
105 140
69 128
33 119
28 109
39 41
35 53
1 91
12 58
38 94
18 134
3 38
61 91
51 69
18 25
51 95
107 144
85 131
60 148
86 126
15 67
45 118
119 120
11 121
74 99
19 133
78 99
70 146
35 103
86 133
14 109
22 81
11 26
11 105
95 129
59 98
122 126
112 149
35 61
18 74
75 132
52 97
34 123
71 120
66 142
55 145
56 66
1 100
3 97
97 119
114 147
6 146
39 122
21 25
24 100
73 125
58 131
81 82
51 104
9 125
31 46
48 127
33 126
51 54
96 103
86 103
124 128
107 126
2 83
101 112
34 116
43 70
71 85
11 102
37 81
35 138
91 113
44 103
60 149
13 46
72 85
43 95
48 97
28 149
111 144
20 116
0 128
53 80
12 37
0 118
15 77
58 127
6 76
42 64
78 85
46 79
15 83
101 103
87 133
43 102
80 83
2 68
57 61
63 103
121 141
32 91
0 121
71 106
67 76
59 62
25 100
30 78
10 48
14 42
24 77
48 120
80 139
8 138
63 116
118 120
5 70
2 10
58 67
77 138
53 92
36 143
123 130
28 84
89 108
42 62
71 148
39 100
21 28
122 143
3 146
132 139
90 125
25 70
12 98
39 108
33 81
21 118
65 144
39 85
96 109
32 33
29 144
65 69
44 107
119 127
9 139
22 138
61 142
58 140
42 74
48 72
2 81
77 141
11 135
14 30
0 56
44 45
61 84
53 119
109 145
13 102
117 139
46 67
62 100
41 64
128 140
27 114
41 97
47 137
44 108
13 71
44 70
19 118
30 111
110 119
1 20
22 65
61 64
78 95
91 137
35 73
22 84
22 31
62 121
35 74
15 43
54 126
23 125
126 138
63 95
7 93
39 127
69 137
12 104
28 134
43 114
122 140
13 88
28 122
78 131
8 56
37 47
10 130
106 137
19 145
97 108
55 114
91 110
55 143
17 55
68 97
104 110
6 128
39 40
56 97
60 100
44 137
39 93
119 136
16 148
9 60
66 144
85 120
35 105
30 149
74 91
49 108
101 119
19 141
81 126
108 120
29 108
43 147
101 111
4 66
45 112
28 115
37 118
40 70
75 131
14 24
70 125
10 60
40 89
1 122
40 126
68 86
85 141
16 28
14 106
108 146
44 84
32 117
98 101
10 115
24 135
6 36
64 98
104 118
89 91
76 119
110 117
63 134
19 40
37 67
43 86
34 79
12 59
100 116
30 117
86 100
37 39
45 79
48 70
9 138
100 127
46 115
35 64
0 92
6 16
111 133
8 79
65 108
4 67
49 146
22 101
26 96
7 112
15 88
75 109
16 59
104 132
7 70
2 69
85 123
8 84
17 120
65 88
27 34
92 129
44 82
1 29
15 70
36 137
103 145
62 119
72 139
14 18
27 60
1 30
96 118
20 25
3 113
4 85
5 59
16 129
25 117
52 148
28 94
46 123
109 125
115 123
78 136
81 149
3 99
60 68
61 137
58 92
9 94
42 56
38 79
110 112
8 78
82 116
69 117
40 138
27 66
32 119
27 93
69 115
71 149
65 106
104 107
3 102
82 135
0 48
120 121
59 90
37 59
126 148
8 146
2 88
20 100
100 137
9 68
83 124
27 130
37 76
37 124
16 37
3 67
27 35
48 66
18 37
63 76
3 147
30 49
27 128
4 119
36 74
125 126
51 66
37 52
94 131
44 124
12 47
25 62
65 75
23 26
1 147
105 117
57 72
76 115
53 107
29 57
34 108
47 92
22 119
68 136
63 94
14 90
72 97
33 129
19 50
28 55
35 63
121 136
73 82
109 120
24 78
62 142
78 147
111 143
30 142
64 134
96 136
81 129
72 81
31 87
29 119
0 68
0 102
76 96
30 140
2 121
32 38
76 80
135 142
15 128
67 108
80 106
13 45
33 96
67 144
82 119
59 81
51 136
64 112
49 79
105 147
87 118
79 135
32 34
27 110
3 100
48 138
23 69
35 145
127 135
90 137
26 105
137 149
19 130
68 116
96 149
4 108
30 47
33 53
10 93
36 83
12 101
63 110
63 97
96 114
18 132
16 66
111 124
115 125
52 70
8 10
70 102
8 53
19 71
17 132
37 114
53 135
107 148
22 99
31 74
3 74
66 106
9 86
16 41
36 69
59 141
55 93
60 144
46 58
47 108
55 126
67 96
43 68
20 74
44 94
80 130
36 67
52 107
27 109
18 140
18 45
112 130
39 72
78 138
51 115
3 120
16 149
95 130
33 62
20 48
7 86
47 76
24 39
13 78
114 121
19 31
1 67
1 33
30 84
48 131
29 64
52 68
17 88
30 114
54 134
55 134
26 62
26 66
115 147
24 28
26 134
70 147
27 81
32 66
100 142
80 118
20 51
4 96
7 54
27 40
25 102
105 143
30 102
32 145
62 117
13 120
45 122
16 36
48 57
10 95
17 72
24 97
52 117
18 50
7 37
76 140
44 67
14 128
28 102
76 145
61 144
71 144
89 119
89 134
3 88
33 105
62 145
33 112
4 139
2 85
10 135
99 139
66 103
134 142
39 138
8 119
77 110
47 74
6 9
1 3
86 113
22 141
28 49
73 94
2 109
69 87
126 139
11 58
36 37
80 121
53 97
32 107
81 112
46 92
58 120
95 132
65 149
54 143
69 133
29 82
46 118
17 66
48 119
17 77
43 110
10 107
36 138
1 94
10 96
127 128
122 147
7 15
53 147
122 135
85 139
63 68
67 75
24 111
7 137
23 31
32 47
19 57
29 146
46 134
19 134
106 110
120 148
32 142
42 138
124 129
68 146
97 117
77 133
13 61
3 25
18 60
27 68
103 116
61 140
84 92
49 119
20 63
17 63
95 137
6 101
11 49
93 144
30 89
8 70
108 149
123 144
43 75
8 113
71 82
121 134
58 133
107 128
50 137
49 58
82 96
82 132
27 76
54 88
9 123
38 101
22 29
1 85
36 142
14 56
42 95
2 115
12 32
10 137
1 126
23 77
62 64
48 76
14 112
16 46
38 110
66 146
102 130
72 90
49 93
102 103
101 143
15 45
2 87
18 133
21 133
30 129
59 120
47 144
2 116
47 143
67 112
4 134
7 62
9 66
45 138
39 66
18 108
65 130
64 78
