250 750
77
86
74
97
112
26
72
31
32
90
57
90
75
32
119
49
26
89
106
35
84
67
59
97
82
94
109
93
106
31
118
63
49
25
93
42
31
45
105
95
67
95
117
22
107
116
103
113
86
42
29
50
89
20
27
52
47
69
77
33
80
76
28
61
33
101
35
96
78
21
71
77
48
68
80
35
65
115
80
83
37
41
113
59
94
73
91
21
22
48
86
34
56
94
75
69
28
91
45
86
44
48
44
72
97
56
39
94
103
99
57
21
21
102
60
95
107
83
48
61
111
114
75
100
40
83
101
48
54
79
67
30
107
43
82
36
31
101
62
114
32
51
67
85
86
59
60
73
22
40
115
66
86
22
98
107
85
79
87
71
38
86
81
78
61
43
46
72
76
89
119
89
72
66
54
38
58
47
44
60
119
91
106
86
93
36
73
111
96
92
62
66
59
24
76
100
99
103
105
108
24
104
77
76
102
63
95
40
42
119
81
42
90
119
60
115
36
65
106
64
37
101
110
76
105
119
109
36
102
94
24
106
78
33
62
60
77
89
81
51
40
94
25
62
93
65
58
61
110
96
83 89
27 99
79 90
98 115
84 117
158 183
40 96
69 233
21 106
29 199
46 145
129 228
74 107
16 30
84 160
26 102
167 227
98 129
67 244
48 151
206 214
4 187
6 52
176 237
38 214
113 205
183 242
109 143
22 159
121 208
185 223
162 227
102 177
82 199
85 225
163 181
19 124
86 232
6 12
147 197
162 217
2 80
154 223
28 213
84 132
169 236
58 213
12 184
16 140
63 217
78 101
78 148
86 97
60 206
98 109
103 167
21 35
21 175
111 234
95 203
41 171
15 81
106 199
93 98
9 67
20 65
66 87
98 185
11 152
1 243
96 120
20 142
42 131
169 242
128 225
49 88
16 205
123 130
6 76
73 221
85 139
24 93
44 205
107 209
54 55
27 210
150 231
134 169
125 191
3 228
166 168
34 155
123 137
9 129
83 213
150 202
148 222
175 177
44 236
34 99
41 97
43 126
55 177
8 191
58 209
65 176
50 243
105 203
18 179
188 234
21 160
48 234
28 87
34 223
177 229
70 207
0 73
102 105
55 148
110 216
37 107
31 203
86 87
58 118
207 246
204 228
156 188
26 95
68 162
68 149
192 241
15 107
64 241
117 149
80 213
70 115
117 248
23 204
81 187
144 174
77 129
85 224
102 169
180 238
14 101
58 137
96 194
37 175
145 161
124 186
153 225
92 194
70 152
89 148
72 151
81 85
59 201
18 223
51 161
27 63
52 152
86 198
113 149
60 235
8 172
184 233
177 230
79 177
50 75
20 54
148 207
201 237
5 16
26 29
56 89
57 60
142 245
8 41
96 108
117 203
18 137
195 202
130 219
122 127
205 249
176 205
15 207
9 75
20 35
105 179
14 227
91 119
9 100
12 117
196 215
66 86
141 204
113 173
21 92
78 147
73 194
136 151
190 247
78 211
134 183
111 242
83 197
58 230
94 183
28 231
59 216
13 149
107 115
39 230
59 186
3 161
47 112
146 154
115 233
18 30
107 142
68 191
126 224
69 226
60 154
121 230
61 96
176 228
61 135
173 236
222 239
121 137
42 246
17 81
9 47
201 219
19 41
12 16
146 238
152 187
150 167
23 212
13 104
0 240
17 78
26 239
15 170
18 110
57 127
99 169
26 50
68 138
150 172
170 186
123 240
72 243
40 198
156 205
47 154
156 171
126 182
148 160
122 198
107 166
101 117
26 127
16 19
47 191
18 233
9 111
36 106
2 249
59 234
138 155
163 208
84 161
96 173
84 146
0 45
105 248
117 234
125 239
0 173
121 180
8 144
115 232
86 180
16 114
121 145
6 103
34 167
40 232
90 124
128 237
86 227
87 196
70 212
172 185
218 237
43 246
25 214
213 246
111 179
12 108
18 50
64 84
37 104
169 229
47 80
68 159
155 235
55 106
143 219
80 207
123 213
1 18
37 197
73 99
137 157
35 194
93 204
25 173
104 241
89 185
143 146
116 247
77 138
175 204
82 200
53 233
18 149
46 193
100 204
135 182
25 148
90 174
152 194
17 189
33 164
30 184
73 132
107 159
27 160
10 241
193 213
19 83
168 194
26 44
122 208
122 179
19 85
148 238
65 166
29 99
182 214
64 231
37 89
75 166
66 101
28 166
111 150
55 102
68 128
42 99
130 189
16 24
2 165
67 114
81 144
13 166
0 210
179 247
106 191
15 42
24 145
60 135
45 162
190 215
41 141
82 109
123 228
125 208
143 175
76 193
171 211
131 191
211 222
152 230
78 97
46 102
107 242
38 237
19 29
105 162
22 67
96 145
45 55
123 188
168 230
116 151
57 129
134 193
114 131
197 209
96 211
163 203
2 55
74 93
51 133
89 155
118 185
152 163
25 92
174 203
45 69
61 228
109 220
19 175
170 238
115 185
44 170
137 187
70 97
38 40
77 158
75 229
168 173
107 126
92 152
20 47
127 179
1 183
109 236
8 21
199 238
45 243
11 232
108 233
23 154
231 248
34 73
59 63
22 241
26 186
58 85
59 241
51 202
60 182
23 152
145 207
34 190
142 230
106 196
30 140
65 140
93 199
159 217
95 237
73 243
5 51
36 246
87 213
145 199
203 249
20 207
54 200
181 249
48 195
37 40
29 77
106 170
15 228
68 239
110 233
217 243
29 136
99 213
14 218
117 217
129 168
128 172
72 201
175 238
3 113
17 219
25 97
15 234
17 196
10 100
163 236
39 228
110 188
137 243
62 180
106 161
130 230
39 181
66 203
21 66
38 171
35 49
121 238
5 166
16 67
16 82
104 157
60 144
17 155
31 49
218 240
198 210
101 120
73 232
3 20
43 139
26 144
92 132
8 249
168 239
5 126
0 83
163 227
32 68
111 184
36 101
87 246
98 221
45 171
26 118
36 161
165 170
106 154
164 216
83 246
1 93
176 185
16 200
5 151
19 116
85 157
81 217
41 96
31 119
1 188
146 224
15 168
121 241
8 175
87 171
32 193
24 128
41 208
79 214
192 200
129 182
150 209
158 210
43 242
27 231
25 243
57 110
49 194
221 231
57 171
102 142
166 203
162 230
59 161
103 228
160 213
173 232
183 205
37 210
132 186
236 244
32 243
76 145
54 105
156 247
15 201
215 238
2 75
30 45
57 215
13 240
58 220
27 173
197 236
66 181
60 222
106 174
57 103
111 211
60 100
119 153
107 177
104 220
15 109
135 177
73 148
145 167
91 206
5 172
77 238
151 186
150 213
59 109
66 172
18 170
141 232
11 172
244 249
116 210
1 112
137 185
1 55
59 182
206 248
64 177
0 195
180 197
39 213
7 29
29 211
45 150
72 171
22 56
168 172
30 232
25 222
26 67
129 249
85 127
149 206
3 156
86 150
52 215
161 227
97 188
191 247
85 214
171 243
88 89
18 172
43 120
144 187
23 70
7 39
2 245
157 158
100 159
152 244
221 226
64 73
11 107
70 198
71 241
11 192
183 210
155 183
78 105
27 194
203 233
35 206
44 80
32 216
55 63
31 185
101 136
27 208
131 198
121 140
142 156
75 202
61 160
5 187
61 91
74 119
23 220
56 85
0 25
93 159
137 194
116 137
143 152
85 135
78 116
22 27
132 204
42 185
43 62
82 123
156 236
9 94
179 229
4 167
10 32
163 169
131 204
56 208
127 243
93 243
71 222
118 204
155 177
91 98
180 198
66 184
160 189
20 46
191 213
24 223
40 76
30 142
50 171
48 239
44 184
115 144
12 157
171 186
19 20
27 218
52 195
4 93
105 152
46 113
116 240
20 192
14 30
53 74
65 165
102 109
98 100
109 224
110 248
45 231
18 174
172 199
56 119
118 224
83 208
122 176
73 244
205 220
9 45
9 74
210 213
162 183
9 61
21 23
