150 1000
28
25
79
81
45
46
69
41
62
78
64
54
112
25
87
109
89
23
84
62
32
82
87
20
117
53
25
104
34
102
75
94
107
86
107
84
112
109
105
106
67
102
40
59
107
60
100
76
63
65
70
75
27
37
27
24
70
32
60
36
114
115
62
54
81
49
118
25
38
56
111
85
38
84
77
77
24
57
33
67
102
83
74
61
52
81
66
102
45
106
70
92
54
112
26
67
41
76
73
112
112
116
29
82
80
86
39
36
24
52
35
58
67
41
100
99
102
98
33
80
36
35
52
22
27
110
70
101
66
75
93
59
23
54
21
36
21
41
52
77
25
20
67
73
41
47
104
76
77
70
48 105
27 99
137 145
51 134
73 74
60 90
108 132
121 132
89 132
57 100
96 148
6 25
77 110
21 77
124 126
31 74
58 81
75 128
97 127
22 112
50 75
14 84
85 135
118 119
74 78
69 72
88 97
55 118
16 81
99 146
5 130
60 80
7 10
109 123
62 81
95 100
48 87
69 132
57 109
126 147
31 125
104 129
9 115
33 149
90 146
133 147
28 43
38 129
89 102
11 34
13 53
101 129
14 101
8 72
69 123
4 36
96 140
35 114
35 149
141 147
83 130
111 138
75 118
28 149
63 109
62 64
76 93
67 79
107 140
87 132
111 124
58 137
74 114
16 22
71 109
7 94
48 52
29 55
68 107
27 57
20 21
91 148
8 115
124 130
50 67
12 107
93 146
110 122
46 70
28 82
87 117
19 26
134 135
49 53
8 143
65 132
30 125
47 115
36 95
73 86
30 65
8 98
70 78
20 149
100 116
133 136
38 61
5 75
97 106
90 129
13 17
5 99
41 121
77 146
69 118
13 33
2 14
80 94
114 136
5 131
114 117
5 141
26 48
80 123
57 111
74 116
27 121
23 68
71 144
113 145
42 60
44 146
126 142
27 113
8 107
118 126
11 123
51 131
59 113
76 116
42 75
92 102
66 115
60 72
67 88
75 131
29 124
6 77
104 116
119 125
113 139
101 138
0 82
39 111
98 115
23 130
27 126
90 99
28 36
14 68
61 97
138 139
6 103
93 124
15 83
67 96
37 68
16 29
55 61
91 115
118 133
91 125
29 119
4 37
43 65
83 134
54 140
50 90
16 72
8 32
7 57
1 27
82 96
1 95
36 143
18 29
11 56
4 77
8 41
1 126
70 82
10 141
34 59
43 134
93 143
102 145
23 48
118 129
102 123
22 57
2 15
34 58
93 127
57 119
95 113
33 110
3 79
95 114
63 131
56 59
11 75
0 103
83 111
115 118
77 108
12 138
74 93
36 70
39 51
66 145
8 36
2 116
11 97
74 80
131 139
33 108
38 52
65 108
23 128
31 131
56 71
45 149
47 116
0 87
5 134
66 94
68 142
4 60
42 68
101 130
65 83
59 135
6 69
29 102
35 47
5 63
106 108
55 56
74 143
55 132
24 30
74 76
38 144
78 114
80 111
13 65
26 78
50 84
2 95
16 45
38 79
46 50
89 107
66 102
2 59
48 84
26 135
9 130
116 139
46 146
100 114
81 111
11 140
67 138
85 103
64 135
4 52
56 144
49 70
20 115
3 133
98 142
64 133
31 132
110 134
123 145
65 136
35 134
26 49
111 118
33 55
107 148
45 89
9 65
30 94
77 81
29 33
68 122
6 145
7 100
95 140
108 130
114 133
61 143
22 46
31 73
37 118
96 98
29 114
29 93
62 110
33 65
71 105
35 112
32 114
72 144
16 108
77 117
76 130
2 98
79 127
32 116
95 128
65 111
7 146
54 122
107 120
5 114
40 93
57 129
123 124
129 140
134 148
60 120
24 129
60 110
1 92
128 148
71 95
11 130
65 92
101 102
87 107
31 65
49 96
24 88
70 120
54 66
88 118
16 149
14 76
11 67
71 140
44 65
85 128
24 79
44 127
30 131
136 148
12 88
3 94
14 112
25 80
45 120
71 136
45 85
56 63
3 36
98 120
34 80
99 104
15 45
46 81
26 120
91 96
40 58
72 146
21 107
2 77
66 73
13 64
29 61
64 122
65 70
86 145
6 87
1 22
83 132
9 120
53 66
2 111
106 148
33 115
19 87
43 137
9 63
1 26
38 123
5 90
43 78
0 102
1 16
124 148
94 136
59 91
10 113
18 104
32 134
29 79
72 92
73 88
46 110
33 141
33 90
8 145
86 119
7 125
27 118
82 125
95 98
14 134
30 95
63 102
1 37
25 57
29 123
62 69
16 62
12 147
70 135
33 129
51 110
98 131
78 82
78 106
27 120
62 109
66 125
5 61
86 126
57 115
86 111
119 128
50 116
42 121
102 127
2 114
28 100
9 147
84 103
14 87
52 126
94 123
27 35
1 56
18 23
37 113
105 135
15 57
101 109
28 105
31 86
17 122
33 119
20 26
15 125
34 101
59 67
45 147
20 53
16 65
57 72
1 124
5 129
60 135
12 123
78 140
58 68
33 98
34 136
53 134
81 94
50 142
5 29
12 146
22 121
68 75
100 147
62 132
47 106
55 83
133 148
67 141
76 134
18 53
8 112
14 43
7 111
73 116
69 71
40 43
18 40
40 42
52 75
9 83
81 85
44 128
28 50
5 55
17 99
14 15
22 36
94 143
7 34
39 99
104 131
6 141
95 108
41 106
6 93
103 123
71 75
28 33
81 132
46 147
9 148
24 72
17 97
68 104
9 103
54 109
45 141
99 116
43 124
43 101
16 67
40 54
88 143
69 74
115 122
22 71
26 95
95 123
13 15
20 129
23 85
66 130
33 148
67 76
27 91
28 134
22 131
50 72
44 148
15 70
67 93
64 67
66 134
98 129
54 57
33 37
66 120
87 90
59 142
72 102
0 33
56 131
30 55
53 84
25 95
95 145
129 139
11 36
43 45
13 62
23 58
10 130
43 75
88 109
0 20
43 106
92 131
28 139
3 53
8 142
96 116
63 88
56 124
77 88
114 135
26 112
17 37
105 122
122 146
27 39
14 136
17 125
21 42
80 102
13 47
3 49
12 75
59 89
13 23
74 125
102 143
65 74
0 61
27 98
51 139
68 93
16 135
89 149
5 88
39 46
8 58
114 120
50 127
26 45
5 147
20 70
20 71
20 33
48 88
1 77
94 121
131 146
20 121
10 93
53 80
26 50
56 103
96 130
61 93
52 131
67 124
66 139
5 22
75 140
82 136
99 130
62 117
89 125
68 82
1 12
28 122
115 127
61 84
9 47
56 61
36 146
14 110
88 136
37 42
62 116
1 144
1 135
54 62
49 86
68 116
125 127
17 34
89 97
59 125
94 126
137 147
32 75
127 133
15 39
92 146
0 110
50 146
99 131
65 116
94 101
21 92
30 31
89 118
6 114
117 144
52 112
121 147
29 136
120 149
47 53
8 110
6 9
24 143
68 118
18 50
100 136
106 140
3 9
2 115
26 61
14 90
12 14
60 117
24 113
21 121
37 79
30 32
8 104
27 124
77 97
25 27
67 136
35 139
76 90
6 40
20 116
50 147
19 71
56 73
52 106
6 139
68 114
33 93
16 110
2 120
27 58
49 148
69 78
6 46
95 125
31 68
103 121
92 137
4 127
10 62
78 97
22 120
49 80
78 107
22 54
94 144
34 42
0 9
39 108
56 108
9 139
3 108
21 32
95 144
54 74
47 134
4 100
62 122
58 110
116 145
2 18
56 94
28 112
18 52
33 121
47 124
43 132
40 116
14 86
10 109
53 110
18 113
125 135
3 128
33 120
22 27
41 81
13 120
69 114
39 59
103 131
89 130
44 47
62 142
114 127
37 93
60 131
28 55
5 139
7 30
86 128
95 102
37 99
11 53
37 70
73 138
64 125
20 74
10 12
27 38
42 128
22 75
38 50
79 130
55 137
109 141
17 55
19 93
6 144
64 124
71 104
13 124
39 86
50 81
64 72
4 6
38 122
79 83
43 77
70 147
0 65
16 144
42 124
18 58
13 89
102 141
28 78
61 130
92 104
119 149
7 129
58 82
27 137
31 36
27 148
73 104
85 99
34 89
125 138
18 119
3 148
30 148
0 5
134 147
59 131
42 98
9 73
88 134
88 124
64 96
84 98
71 139
47 75
10 35
81 102
4 106
87 131
6 136
55 139
100 120
36 65
49 97
33 40
14 88
2 24
13 108
2 100
82 147
129 144
81 84
75 141
57 89
130 147
95 119
52 118
69 141
125 140
42 130
55 80
82 140
72 109
88 131
66 67
44 71
11 109
101 141
8 99
110 113
67 81
2 6
4 146
110 127
19 75
57 90
74 132
85 140
107 121
23 24
89 147
48 120
39 68
51 73
83 140
35 89
39 142
21 86
63 149
93 141
69 120
12 25
5 132
58 73
25 29
24 85
3 115
56 76
17 139
52 66
110 131
119 143
33 142
32 126
35 54
46 60
51 67
43 103
101 131
26 59
50 130
35 144
16 102
85 111
79 92
39 73
32 91
42 125
76 126
13 101
73 149
18 100
4 82
22 31
54 141
37 133
51 90
51 140
134 136
77 131
1 11
99 139
29 51
76 100
13 103
17 146
18 35
78 100
73 84
7 135
24 116
43 149
2 3
15 124
3 73
56 84
98 127
37 111
33 132
30 69
27 147
66 117
4 92
58 126
19 80
84 110
22 84
12 34
110 116
3 63
45 123
3 89
43 114
13 36
3 70
64 79
8 55
88 122
75 134
74 149
68 127
35 76
53 100
75 109
22 73
48 129
38 143
15 51
19 63
32 127
79 88
1 69
64 144
106 121
42 84
33 58
14 96
73 133
73 95
88 133
66 103
24 119
