250 5000
69
31
94
51
87
116
46
66
33
30
44
87
84
23
40
102
109
88
34
51
43
40
73
74
91
95
21
86
49
97
66
51
108
93
82
75
89
60
21
54
71
98
22
35
101
42
69
91
63
35
74
86
55
27
93
27
54
94
45
36
71
92
67
111
65
81
119
86
21
20
21
24
50
75
40
32
97
41
55
92
57
61
59
44
21
32
103
55
58
29
23
62
53
70
53
50
31
52
116
85
105
69
89
35
24
61
99
54
83
86
26
72
28
117
48
81
81
32
68
20
41
72
62
74
22
47
104
86
80
52
51
117
54
20
84
110
62
116
44
25
82
103
29
42
52
57
103
114
69
52
114
42
104
56
96
58
83
32
24
95
117
55
44
51
56
109
41
50
105
118
107
119
101
116
94
33
53
77
79
55
61
73
77
97
61
106
88
77
70
92
52
67
80
29
98
68
118
20
98
55
70
85
54
51
33
28
116
118
38
76
53
31
81
63
109
23
49
77
80
51
101
64
99
113
73
29
61
23
81
91
58
31
108
93
114
21
53
111
72
71
119
105
83
80
100
24
83
81
33
95
203 233
147 213
96 206
2 4
35 128
81 235
28 231
177 201
84 193
48 126
32 131
102 154
109 131
146 206
112 133
65 71
70 219
131 175
18 135
146 177
14 22
79 106
42 108
126 159
52 59
105 186
9 190
38 49
243 244
47 105
220 230
23 199
40 154
160 226
5 141
158 163
20 238
121 164
30 198
0 41
89 146
30 39
7 77
0 181
81 174
154 208
51 231
194 205
181 237
104 230
13 186
58 245
103 117
51 223
116 147
154 237
12 193
119 121
122 152
46 224
182 233
52 137
15 109
81 104
40 185
79 84
50 181
5 137
48 212
57 196
63 78
35 192
6 64
158 230
38 129
72 244
131 181
143 189
145 212
35 249
114 229
152 160
104 157
61 66
66 109
129 145
87 144
2 237
3 218
41 160
97 154
130 215
137 154
23 201
49 59
130 201
25 205
129 143
112 204
31 196
63 193
59 160
0 132
61 136
73 218
167 177
80 245
47 217
149 173
51 169
222 232
7 33
176 177
141 239
37 232
147 172
185 230
58 214
119 185
5 100
130 193
24 125
71 125
92 126
113 244
29 78
63 85
114 188
29 91
6 176
30 66
73 148
67 132
104 112
103 213
109 148
93 133
23 70
57 218
153 196
81 226
19 84
22 141
133 232
51 241
158 219
84 124
117 191
81 216
46 69
7 44
70 239
93 141
50 59
61 108
143 203
139 186
14 77
147 161
59 64
70 241
33 115
2 154
56 120
84 102
41 230
110 111
72 103
57 131
5 118
60 91
27 113
127 200
104 213
16 127
28 118
86 163
85 240
166 243
102 212
105 198
58 82
69 154
13 126
18 138
81 244
78 210
130 211
65 87
66 94
122 183
36 121
121 137
111 155
115 175
7 63
31 192
100 223
88 198
188 226
72 208
20 138
32 231
19 222
113 148
38 184
75 87
55 224
19 48
163 232
91 194
77 78
33 153
84 177
5 93
22 51
144 180
42 212
61 227
184 228
26 75
14 215
69 150
41 198
23 190
214 237
115 144
0 64
94 150
84 243
99 209
131 147
189 205
35 94
102 130
115 230
129 205
105 195
50 236
156 241
10 222
227 228
116 144
16 227
164 238
112 190
9 123
71 180
17 50
152 215
80 148
103 132
61 179
61 112
69 165
175 205
35 41
9 152
179 232
20 26
146 240
19 210
101 133
51 151
119 151
49 155
51 139
4 113
68 167
77 233
134 236
11 129
163 169
139 200
17 145
143 220
32 109
14 210
66 166
67 111
118 185
218 236
7 222
28 242
80 160
14 171
35 210
187 201
184 236
58 70
179 180
7 139
10 102
47 176
144 220
34 79
218 235
6 210
116 166
41 232
103 190
18 229
4 54
15 124
164 195
5 53
44 140
2 114
40 146
50 116
36 186
5 195
139 215
108 219
11 122
211 242
117 240
98 108
12 241
53 146
45 120
190 234
48 86
54 163
136 249
159 168
52 236
22 151
94 125
33 56
117 126
173 215
17 234
139 227
15 97
37 58
184 187
61 246
51 137
23 76
97 152
34 57
83 185
29 79
60 214
29 85
111 192
28 244
74 230
20 245
57 171
155 207
152 244
18 233
197 203
108 207
44 142
14 229
78 195
8 240
12 196
20 204
14 57
85 139
105 190
112 236
14 142
69 110
44 190
93 99
201 239
56 135
71 93
23 114
118 122
14 130
136 170
79 187
2 22
193 218
205 229
157 243
78 97
205 243
18 48
92 109
101 148
194 244
71 108
70 190
83 186
3 172
72 109
74 83
153 233
17 212
174 210
3 57
12 152
123 162
85 244
13 245
60 79
40 168
210 232
168 225
133 228
240 242
64 163
78 169
40 184
129 210
39 200
64 65
189 191
38 227
24 92
33 205
4 53
236 245
14 220
154 249
51 144
66 93
61 171
97 235
115 212
6 225
78 197
16 55
142 235
0 120
4 97
26 195
40 241
39 68
132 142
55 237
54 74
118 152
41 61
47 132
36 210
154 245
82 118
46 118
55 144
81 122
89 215
121 208
12 213
105 129
116 246
164 190
122 232
77 106
131 216
126 169
37 120
61 167
7 116
163 231
104 197
68 197
62 160
182 191
117 178
57 129
100 183
43 55
184 222
65 162
81 188
44 161
105 220
78 227
221 241
60 168
109 197
9 88
19 20
201 238
50 110
85 117
12 210
141 246
155 235
25 62
106 236
58 186
14 63
34 137
107 197
54 57
64 142
14 178
117 167
166 227
2 34
40 47
36 245
134 150
159 200
56 238
46 96
110 119
5 183
70 232
59 226
39 53
40 218
9 67
86 237
21 237
88 129
170 185
54 165
85 218
66 175
24 162
221 246
6 124
103 194
163 238
130 171
63 68
98 238
175 187
14 74
14 208
143 231
160 199
136 137
128 203
5 61
115 134
92 103
140 206
138 230
161 221
110 142
60 77
2 130
56 247
16 58
11 70
39 121
28 171
7 152
170 232
157 199
54 112
41 46
32 170
26 142
193 239
20 34
16 49
22 149
38 72
207 244
49 98
73 115
126 224
77 210
234 246
50 160
53 198
118 198
187 224
112 131
65 248
115 151
14 174
14 188
64 73
182 216
149 171
47 141
218 225
8 221
20 54
2 123
71 175
113 222
85 148
96 213
83 247
180 200
23 46
138 190
119 173
40 156
149 174
150 190
50 117
23 223
70 199
25 97
20 247
20 62
158 184
86 120
8 16
31 70
60 63
34 221
85 229
10 75
15 230
12 199
65 235
222 237
99 184
57 186
97 101
133 179
9 15
3 119
32 175
151 197
224 236
71 231
56 158
36 183
25 195
192 236
33 208
31 69
58 218
7 126
56 69
180 242
173 246
50 205
23 53
4 9
183 185
74 124
162 164
66 197
98 120
16 30
168 245
139 237
153 234
19 76
171 230
105 134
224 240
104 115
78 150
141 177
118 215
51 134
127 219
81 100
67 200
232 235
47 122
52 74
196 208
40 230
117 216
145 194
112 207
48 137
12 189
64 233
7 217
117 134
51 187
106 234
1 217
150 194
18 191
54 149
34 66
184 189
1 84
60 128
28 197
61 197
69 114
44 76
14 183
120 211
47 65
79 168
23 116
68 159
122 143
160 210
8 99
111 246
36 226
85 171
4 221
73 248
145 187
120 150
159 213
93 224
10 172
142 229
47 62
36 49
2 44
0 248
138 156
76 179
75 80
74 150
6 189
8 219
60 230
5 73
56 83
29 198
76 164
53 112
0 118
121 204
44 204
52 221
48 93
84 168
230 234
94 236
63 174
86 96
145 169
193 201
105 222
1 19
113 150
18 174
128 215
112 139
83 111
28 164
11 100
196 241
41 85
80 111
176 206
49 102
96 242
53 201
66 157
216 220
122 145
88 234
125 226
200 208
189 216
200 236
35 67
4 191
21 76
134 217
16 50
88 146
110 244
97 176
151 169
23 142
166 228
42 111
163 204
102 143
89 130
195 197
124 137
52 53
10 20
38 60
36 127
58 248
7 121
22 174
168 177
147 195
111 146
89 101
24 192
96 154
42 133
109 203
6 31
41 161
26 199
164 204
12 178
49 162
122 188
49 173
106 173
3 96
34 186
160 206
52 230
113 167
94 120
125 222
229 235
19 107
36 75
124 215
36 189
61 116
77 142
183 212
59 65
186 201
97 244
77 111
28 47
42 243
1 116
119 230
101 240
189 239
63 65
4 204
173 202
29 66
65 130
212 232
1 189
138 183
97 146
67 144
109 175
176 240
211 225
8 178
49 201
118 168
113 224
122 167
40 249
166 196
10 171
148 212
113 183
101 211
80 168
5 207
130 197
33 207
143 158
136 211
156 192
55 79
54 232
74 232
94 122
117 148
133 149
98 182
33 184
14 161
53 119
121 183
6 168
141 179
129 149
92 140
35 220
119 249
24 74
101 220
102 196
181 190
1 122
30 37
7 191
52 162
25 162
183 198
32 89
112 181
70 104
23 207
23 176
52 76
30 97
23 43
65 132
225 235
39 107
22 148
150 176
8 202
98 234
199 210
121 165
41 166
78 93
7 64
13 145
20 37
21 56
85 133
108 226
92 232
124 243
37 159
158 213
6 147
197 199
68 214
70 234
1 5
77 171
8 223
147 184
93 95
20 181
128 226
9 171
110 236
72 125
22 84
133 180
221 248
98 144
84 205
145 162
5 229
163 237
4 82
6 24
85 115
4 227
6 114
22 213
88 94
172 212
24 158
36 124
108 180
165 208
177 222
34 144
58 61
38 144
164 166
103 111
168 190
134 211
93 222
179 247
56 203
7 92
115 179
124 138
30 51
110 175
24 85
85 225
1 168
131 139
105 159
66 174
43 77
23 81
181 217
137 224
66 125
191 249
56 221
19 152
89 248
43 83
63 64
55 85
42 46
214 220
109 210
112 150
79 173
46 148
183 206
81 224
165 249
158 182
84 239
177 237
72 173
71 89
8 135
144 181
152 210
112 152
52 171
77 103
77 123
1 33
78 158
9 216
95 148
84 167
196 232
7 174
18 245
96 153
92 105
7 187
89 154
75 221
48 243
30 172
23 134
181 205
171 212
57 191
171 210
5 244
157 168
12 175
15 210
120 181
118 154
58 127
59 200
52 235
16 101
224 226
31 150
158 214
54 201
13 117
82 170
137 196
152 198
129 156
22 60
1 247
158 220
155 210
36 73
75 131
141 169
75 141
15 92
152 208
128 234
122 180
126 178
57 188
1 100
2 156
64 70
56 127
63 126
14 53
195 230
35 86
110 224
31 91
12 91
75 98
49 219
130 148
28 68
29 57
66 168
90 133
130 190
70 109
105 225
50 225
11 205
31 239
121 122
122 236
50 213
67 99
34 127
135 194
8 156
10 142
242 246
168 184
39 101
143 179
192 201
33 190
105 155
1 220
155 188
106 107
141 234
85 94
0 94
197 236
99 189
17 170
143 210
72 161
114 185
129 196
51 192
14 131
171 206
63 120
113 130
149 224
50 243
77 247
82 176
2 187
45 182
58 212
106 216
22 220
3 219
99 195
20 82
79 209
105 182
235 244
45 143
62 96
139 238
70 195
167 234
73 212
137 166
21 22
43 104
94 209
114 194
135 155
128 216
66 86
60 148
46 71
55 133
43 142
124 189
41 216
141 174
4 90
127 130
86 215
22 59
46 137
105 201
124 234
19 190
70 168
0 243
55 214
208 229
103 200
18 249
145 173
1 159
14 40
128 229
2 126
140 172
241 246
115 225
230 245
152 157
15 157
81 247
64 226
117 141
80 140
77 135
64 147
78 180
39 58
11 165
60 151
52 190
147 165
19 229
12 177
27 131
186 231
103 108
207 249
139 220
140 207
56 216
104 146
161 219
148 203
46 123
142 220
127 233
111 171
108 112
73 92
49 63
135 174
49 222
6 208
44 62
57 133
58 112
6 206
83 149
83 168
70 194
30 36
103 195
28 188
80 229
25 194
19 88
176 196
72 79
111 137
130 244
195 242
1 151
2 177
86 95
31 174
57 228
81 169
2 107
83 211
8 188
27 136
75 106
38 208
95 190
135 142
35 136
232 240
160 164
115 138
34 73
71 76
33 244
11 182
143 221
22 163
91 107
65 230
76 129
14 108
143 218
207 242
117 198
9 63
82 107
179 199
10 193
21 64
207 228
141 242
81 201
61 232
112 119
137 227
208 228
83 222
177 224
1 186
37 108
88 121
37 233
32 203
5 10
12 99
3 93
51 236
22 155
144 200
30 249
73 204
113 128
41 104
102 105
79 241
52 66
80 205
36 214
143 159
79 94
117 247
124 167
19 219
75 193
55 113
6 150
1 86
138 173
129 183
26 147
21 38
163 223
116 155
30 113
6 72
42 235
105 127
54 144
49 109
51 109
116 221
54 158
82 223
44 156
71 211
101 156
92 231
14 60
136 147
26 209
11 153
116 247
17 38
0 106
68 74
221 227
46 128
59 173
55 122
96 211
40 75
89 192
79 101
88 127
140 242
95 240
106 226
50 226
44 117
88 227
105 123
34 135
156 226
151 231
119 195
173 220
11 126
16 199
41 105
111 184
55 147
51 123
168 208
20 185
6 245
142 243
23 30
38 183
101 186
122 220
45 132
8 42
93 158
116 127
90 134
50 134
101 146
109 206
19 231
127 243
135 227
10 156
147 214
19 93
77 184
79 166
75 187
24 166
159 191
7 241
5 43
4 194
211 213
204 236
192 213
63 191
72 202
72 219
17 18
54 239
94 155
133 230
50 158
23 169
116 159
64 164
60 68
125 227
54 181
68 119
224 233
28 191
55 161
46 72
101 150
18 157
4 86
96 240
13 156
15 65
130 181
42 229
0 58
156 168
88 91
26 65
173 217
94 229
230 242
130 153
24 195
32 38
28 230
143 184
101 246
29 125
168 182
29 240
38 188
81 128
146 166
51 133
92 132
85 114
36 96
132 162
164 236
42 116
78 145
10 243
135 179
22 111
154 155
101 195
44 182
73 210
125 180
23 195
7 59
145 210
8 92
57 244
109 201
106 111
29 223
201 208
75 210
69 116
22 229
61 125
204 237
85 237
31 112
112 221
174 192
117 200
16 26
47 227
10 228
7 83
85 136
45 68
137 212
13 43
160 177
169 216
4 164
55 128
137 167
80 99
91 216
132 210
31 95
73 187
123 143
182 228
0 111
24 73
139 240
2 117
36 66
82 218
24 142
30 210
43 60
135 212
26 196
95 223
80 134
46 223
81 109
202 221
78 81
71 146
13 69
73 238
144 151
44 70
20 31
63 176
91 240
50 219
186 247
16 193
91 132
92 93
146 172
106 166
63 224
29 145
76 205
80 133
99 204
124 221
87 152
30 136
142 187
78 249
44 184
168 197
39 238
12 185
30 118
11 93
148 156
22 103
40 102
54 96
78 127
183 230
13 213
122 200
52 64
211 237
101 155
140 199
19 63
50 177
182 188
182 245
119 197
89 137
43 73
37 151
170 220
35 233
35 105
88 99
111 162
82 213
104 204
27 31
61 106
72 101
95 121
73 232
146 210
25 247
47 48
82 104
170 239
55 101
97 218
180 212
168 181
60 134
52 240
121 124
193 216
16 245
50 57
75 163
63 156
224 225
94 159
181 185
79 236
29 36
56 249
209 238
19 195
71 150
22 185
47 230
42 90
141 247
12 201
68 107
43 75
21 184
115 202
133 207
204 243
10 162
94 223
100 114
185 205
23 233
113 186
35 127
4 79
47 175
38 224
218 223
22 245
190 202
7 144
170 196
142 155
5 245
6 164
6 44
131 221
129 157
6 97
44 203
187 193
78 128
167 198
15 153
93 220
69 228
117 238
0 245
10 245
102 118
11 211
162 233
41 92
41 242
37 150
189 245
82 123
17 102
72 170
117 144
14 38
104 224
156 224
166 201
53 72
34 83
14 49
66 209
59 90
0 92
97 198
32 132
49 221
145 234
203 220
39 86
116 242
42 148
90 243
14 166
148 200
15 98
16 249
76 192
76 177
34 227
110 247
94 218
40 244
48 135
40 126
1 20
40 194
115 206
13 208
8 56
8 130
73 206
52 102
86 135
80 161
5 190
158 223
4 34
13 184
139 241
76 141
11 116
187 228
72 145
183 241
202 224
127 191
95 180
65 229
59 181
38 226
101 236
11 136
172 232
117 249
225 230
115 162
40 208
52 159
213 223
90 206
111 172
124 144
83 202
35 185
133 173
95 173
115 142
192 196
123 164
81 206
116 204
29 133
79 159
22 147
110 218
46 92
106 129
141 146
166 187
40 191
71 213
38 139
85 105
83 228
39 249
55 162
7 45
84 189
83 205
25 211
7 193
115 238
43 155
53 83
198 226
87 148
14 106
173 199
172 186
91 98
98 228
144 164
37 201
100 248
191 226
107 195
93 198
137 162
205 215
72 153
43 221
160 241
164 179
109 115
188 200
166 214
151 210
13 181
91 141
100 122
68 138
48 50
118 129
157 161
0 202
71 131
33 164
165 233
121 236
54 227
175 240
168 235
183 209
18 71
67 129
186 223
91 172
105 120
28 181
61 203
147 152
118 125
95 133
160 179
16 187
78 120
97 225
43 105
16 143
188 210
61 120
34 65
51 93
240 249
155 193
52 151
26 163
110 185
57 96
73 149
19 26
123 150
62 107
139 180
1 78
140 164
50 101
40 151
56 100
85 103
210 248
231 247
38 210
93 109
120 213
114 230
42 95
73 87
74 75
17 215
67 91
23 243
168 174
34 121
42 224
206 220
32 39
96 235
60 142
122 207
52 174
17 247
92 139
156 174
117 159
75 182
106 144
115 188
116 191
82 188
122 147
220 244
209 214
156 166
80 189
62 179
2 205
70 161
72 146
183 196
140 154
107 179
93 147
27 48
48 85
149 158
108 144
50 224
126 163
197 232
9 223
79 117
189 237
183 225
217 224
6 87
32 74
5 123
60 193
23 209
101 167
75 170
46 217
199 239
62 243
104 212
79 138
125 184
11 121
58 197
229 247
53 55
30 61
28 90
4 51
105 151
71 218
32 37
123 220
65 236
51 186
170 176
130 206
51 103
211 217
0 208
19 238
78 130
23 182
82 230
5 150
225 238
26 143
26 77
165 202
60 121
15 105
66 88
137 168
25 127
115 239
119 248
46 124
51 128
54 104
133 219
60 120
188 206
50 121
141 212
98 242
182 227
165 248
42 69
58 227
157 225
178 203
81 99
56 183
67 135
25 229
130 187
188 202
59 119
66 153
145 217
85 234
7 143
26 120
36 167
96 197
47 239
29 173
103 164
74 246
168 198
12 146
52 71
15 118
85 224
13 161
188 231
86 179
75 135
164 227
80 100
44 181
163 177
125 130
80 177
129 147
12 33
41 56
61 123
105 106
101 192
34 237
18 113
151 220
82 194
15 107
111 133
41 236
116 122
15 169
14 70
151 205
27 44
2 11
118 207
59 107
142 162
46 180
5 197
3 51
18 132
11 243
3 154
82 221
128 199
144 214
119 188
145 197
55 89
1 204
0 49
34 156
37 50
34 60
157 173
12 129
77 211
206 234
13 227
79 108
121 216
24 161
187 221
26 56
26 113
129 177
15 215
15 84
154 246
61 151
31 169
176 246
94 160
54 107
163 239
186 212
62 231
123 168
31 34
162 194
144 175
90 110
26 191
95 227
22 129
9 191
160 185
4 39
196 197
112 186
150 211
148 192
123 213
99 110
154 156
11 49
81 203
22 159
81 136
103 220
117 229
27 146
38 164
111 134
47 149
47 248
63 239
170 201
14 176
26 107
40 225
81 236
163 165
135 225
92 118
15 114
28 222
106 155
140 204
54 186
27 39
61 220
228 234
187 237
10 213
194 227
51 142
27 225
119 141
91 92
21 247
12 49
3 238
4 26
43 57
27 53
104 133
12 92
70 124
48 157
170 208
27 42
70 235
105 206
149 187
149 198
56 201
16 110
99 171
204 240
55 104
148 227
55 228
127 149
13 170
28 100
92 235
7 56
35 205
36 194
153 246
173 206
41 52
3 67
120 207
13 207
97 241
12 225
128 242
123 247
89 228
96 97
133 246
139 159
54 191
200 223
15 194
4 132
135 145
85 211
76 239
60 83
159 204
182 206
19 248
69 196
116 162
0 89
64 159
21 211
38 68
22 227
72 214
135 168
49 157
92 211
120 165
151 200
118 170
19 167
33 36
6 138
43 235
149 210
108 111
100 176
122 190
100 154
142 236
49 56
17 49
67 244
138 145
17 108
65 138
25 203
134 172
67 92
119 241
27 79
127 204
6 144
102 106
151 244
194 207
96 146
140 224
163 214
32 35
73 100
22 200
46 53
84 247
55 114
45 135
121 243
42 223
146 217
2 113
78 242
3 7
43 140
39 218
61 92
146 168
105 108
74 245
86 160
147 215
132 188
26 140
13 194
73 90
184 196
46 191
82 192
14 35
35 143
33 103
130 140
152 177
217 245
152 201
35 144
49 79
88 150
132 178
78 223
214 226
155 232
27 125
164 233
174 197
166 188
179 218
69 146
65 73
100 199
28 217
1 56
133 178
3 86
51 64
46 82
58 207
46 175
89 198
131 225
138 171
68 141
62 139
66 204
16 135
157 205
146 158
11 177
97 144
32 208
0 114
59 106
134 173
190 223
97 112
90 111
1 32
98 153
57 140
214 216
95 113
208 225
142 221
158 174
31 158
39 239
64 69
26 123
97 186
135 216
61 78
181 231
43 238
112 223
55 171
77 132
129 219
37 103
143 236
34 48
117 225
99 246
64 125
211 244
156 203
36 175
16 51
111 163
32 173
55 240
61 162
10 51
205 246
91 201
69 221
42 172
32 167
72 83
33 157
78 212
105 189
93 248
109 121
99 244
160 211
59 217
11 207
31 59
182 203
201 203
26 235
34 244
112 161
203 206
56 218
18 52
12 236
151 187
62 122
149 181
29 208
78 239
45 144
131 231
71 166
226 232
34 130
37 200
83 91
142 211
136 230
75 139
167 197
53 168
125 127
205 218
13 121
87 103
21 181
215 235
38 58
142 158
180 221
130 160
46 121
179 243
175 200
76 212
179 203
147 189
10 61
13 97
54 197
173 180
110 125
5 246
43 122
51 228
138 153
1 214
180 217
19 157
30 180
86 127
34 142
33 215
106 198
72 73
68 171
42 78
93 204
62 197
21 131
40 229
11 38
70 108
50 204
194 199
84 227
16 112
127 214
51 70
37 138
217 222
38 180
95 125
39 174
116 171
6 156
17 209
68 227
74 129
12 23
92 213
39 177
3 71
224 247
142 237
19 87
144 234
24 34
150 171
177 195
6 159
46 238
120 176
117 189
80 143
34 133
109 204
106 139
30 31
79 93
112 140
19 227
53 108
103 131
48 204
58 215
105 156
83 203
70 77
2 7
107 111
63 247
93 217
130 162
21 25
24 44
100 234
97 203
116 153
26 103
9 118
71 233
61 194
134 143
75 241
106 240
186 221
211 235
94 111
5 194
96 204
64 249
102 210
78 90
74 213
2 158
135 245
121 226
154 241
97 214
23 80
8 128
41 222
148 222
18 170
17 103
63 234
74 119
82 243
135 240
69 93
84 108
73 223
117 181
128 204
6 50
65 193
37 80
92 98
47 207
43 217
86 110
117 205
20 118
53 113
105 146
182 214
155 230
13 139
17 124
70 174
125 135
205 220
24 62
83 155
109 122
71 126
60 95
26 80
65 181
45 171
77 79
159 237
86 126
95 245
120 237
82 207
177 208
82 121
143 230
19 204
14 153
32 114
32 196
213 242
42 173
10 154
20 179
15 73
60 126
60 237
120 164
18 241
161 246
32 79
168 249
111 114
31 75
86 208
70 132
128 224
142 148
154 215
15 30
2 127
91 99
166 211
14 193
119 225
7 66
198 234
6 60
11 237
57 225
103 245
103 185
56 118
35 68
11 120
135 138
74 180
49 152
49 70
57 247
57 107
55 146
132 220
203 215
87 236
191 204
10 124
60 192
32 45
32 55
175 212
11 179
88 246
111 152
20 106
9 13
167 229
145 222
46 233
0 59
175 184
87 112
142 144
16 107
47 68
166 220
183 238
68 94
78 204
107 121
2 159
93 206
5 88
13 58
23 189
167 202
135 173
53 131
69 168
88 90
61 117
4 105
50 51
162 171
12 117
100 220
122 130
163 215
5 19
80 242
193 236
111 124
24 51
55 127
224 231
32 127
24 130
42 48
144 157
17 216
109 241
177 198
154 204
86 196
139 196
72 172
102 230
137 153
60 88
188 238
13 222
117 170
163 166
126 180
132 235
80 171
14 75
13 185
86 202
107 157
168 244
111 223
201 214
13 187
35 66
156 229
32 201
159 185
17 182
32 117
4 109
95 123
47 189
61 148
81 204
219 245
70 192
57 205
109 226
43 205
95 149
9 50
145 201
234 242
45 141
101 228
70 238
83 196
5 12
3 69
129 161
37 56
4 28
136 195
153 232
14 245
35 243
28 248
38 145
21 139
59 62
74 205
60 64
179 246
9 142
66 189
35 202
40 236
36 231
55 72
76 155
114 202
75 153
106 128
141 187
94 104
53 90
47 135
45 100
18 226
86 113
72 220
109 154
54 61
33 130
68 235
97 221
60 203
202 246
139 223
67 137
10 230
26 168
112 230
32 52
38 185
91 161
99 194
73 167
22 31
91 241
193 225
50 189
178 184
128 221
90 138
172 229
103 113
151 238
102 231
34 54
66 122
77 113
9 154
158 199
57 92
175 229
200 224
97 113
195 225
19 78
58 243
62 218
83 199
16 118
106 138
35 184
45 103
11 41
96 98
76 206
26 30
17 242
95 229
187 248
97 173
94 142
28 193
49 147
18 81
84 224
126 229
75 235
43 76
151 202
30 76
84 93
22 64
188 209
164 214
56 110
106 170
37 198
68 201
35 119
42 200
13 28
25 192
173 177
144 249
59 80
81 93
133 144
142 161
50 97
21 55
161 220
168 207
170 237
29 45
120 161
145 159
99 174
184 233
129 179
166 176
58 115
64 87
79 120
122 179
100 173
189 195
70 86
65 247
62 82
17 202
51 89
174 201
81 83
9 91
48 149
96 112
110 158
42 84
13 132
55 142
54 81
0 141
3 167
45 230
102 171
54 198
186 237
35 40
48 249
84 147
90 131
84 199
17 141
59 89
106 141
134 209
62 185
115 157
204 216
7 196
134 239
97 238
34 96
174 227
124 228
17 163
181 230
158 227
69 202
58 168
119 124
90 234
56 134
80 188
29 165
13 66
120 202
44 109
87 179
20 93
0 206
115 126
78 79
184 248
238 247
153 210
151 235
67 187
105 116
80 88
41 58
89 235
5 231
34 187
6 160
52 85
89 90
86 88
141 207
183 187
65 85
24 104
141 152
84 210
120 229
208 209
72 96
146 180
50 108
117 199
53 139
225 232
123 243
35 177
100 162
12 187
16 180
77 136
78 198
36 150
34 44
152 182
49 84
203 224
185 204
51 198
125 175
38 137
112 243
144 153
105 111
155 248
85 182
48 70
87 92
19 104
96 189
152 171
15 125
153 198
25 43
187 239
36 192
0 133
47 140
100 230
78 148
152 165
37 40
48 60
63 192
132 185
111 231
232 236
109 161
30 99
168 200
41 185
168 191
120 177
5 23
18 175
23 110
162 182
82 151
195 222
9 247
77 81
32 67
122 199
72 131
24 118
7 138
185 215
9 238
42 129
16 65
50 92
79 95
40 232
33 63
65 131
106 182
48 178
50 73
38 41
75 140
152 231
31 117
35 247
47 225
70 114
32 166
15 213
79 183
78 112
61 166
22 178
78 244
3 91
39 144
166 191
75 76
50 170
35 225
125 132
55 119
96 137
160 213
205 213
109 208
1 156
174 204
33 192
109 230
85 170
15 245
68 195
172 181
52 152
39 196
25 199
11 230
14 223
22 40
224 245
48 166
28 108
138 240
58 190
57 75
53 122
86 125
29 44
123 238
27 177
70 202
79 81
34 195
54 75
28 70
70 118
47 200
78 185
18 190
95 117
0 75
52 239
81 176
9 55
63 181
169 173
49 104
95 222
147 198
171 190
57 80
182 247
49 149
18 136
145 242
76 102
55 88
5 191
122 212
178 226
113 125
51 62
23 204
47 213
125 128
122 224
21 60
126 181
109 158
155 227
181 203
8 84
20 127
14 244
44 191
54 73
124 170
45 116
78 164
8 55
42 232
30 204
106 156
14 135
117 215
21 70
146 207
18 180
84 194
25 115
91 188
113 182
48 62
158 242
18 212
47 106
0 179
48 187
54 222
96 115
114 124
234 240
99 101
37 49
157 201
65 98
162 193
93 185
19 186
22 182
144 210
82 219
116 198
65 93
62 220
0 148
101 210
78 248
35 146
155 229
179 237
32 221
125 213
0 194
191 247
62 79
160 178
77 129
43 123
47 123
8 192
190 225
188 223
77 167
128 166
97 201
41 199
176 210
4 6
1 176
49 238
182 209
19 62
36 142
47 118
194 195
89 234
19 168
3 148
185 202
202 236
14 243
99 163
20 191
32 135
51 131
20 197
45 154
163 206
2 54
108 245
128 236
14 91
129 200
44 81
95 201
217 239
143 191
139 175
123 178
143 225
132 201
38 241
33 41
48 80
61 234
89 168
9 90
85 158
52 150
10 231
18 60
17 192
24 230
116 210
142 167
151 164
14 203
180 197
152 200
138 242
46 61
189 196
71 196
7 231
89 249
51 58
7 134
69 184
0 101
164 211
3 164
30 35
182 213
101 235
27 148
11 48
60 248
169 209
80 220
88 120
9 104
148 201
37 133
154 166
31 154
122 144
203 222
56 175
54 225
48 106
74 152
13 84
21 109
81 157
134 144
32 84
121 197
6 11
44 61
203 234
140 236
178 223
24 226
181 201
194 231
67 192
80 102
219 238
2 244
158 169
144 204
59 132
185 219
151 211
136 192
171 197
15 236
9 215
68 154
71 154
3 40
56 124
32 214
29 136
50 100
71 113
1 208
51 157
5 236
76 203
242 243
123 154
166 247
130 210
37 132
13 48
25 200
64 115
55 73
36 166
84 217
74 85
38 172
150 165
31 81
6 118
34 236
4 48
64 188
1 213
14 114
60 180
81 217
4 99
73 106
35 191
208 249
1 230
113 123
82 93
120 170
127 226
41 71
9 214
67 207
74 221
33 237
152 217
162 168
183 204
104 182
14 186
183 239
117 151
21 82
38 209
99 109
102 165
59 220
44 232
118 132
133 136
85 190
105 144
102 179
58 161
111 175
164 248
14 98
52 121
57 221
11 13
136 233
70 221
55 129
115 191
128 191
55 188
9 233
117 145
81 170
16 70
87 227
116 241
185 238
95 145
61 158
49 106
29 243
122 225
63 186
90 127
65 175
35 108
28 172
94 116
187 219
82 103
93 124
66 188
153 188
15 89
2 207
45 69
56 236
165 220
21 244
137 193
83 122
20 206
59 193
76 149
142 234
137 190
182 205
79 184
0 15
71 230
8 236
32 47
80 224
32 110
54 202
9 194
122 163
10 147
14 200
8 68
65 68
54 94
117 183
16 164
67 162
4 143
94 217
149 176
21 222
36 158
94 168
173 221
8 229
93 241
2 13
158 198
26 169
84 131
144 198
1 98
92 192
120 218
91 239
92 101
127 186
6 86
31 72
74 100
8 44
22 214
6 34
100 204
32 148
0 42
18 236
91 212
189 218
0 61
132 248
70 154
5 226
152 248
66 135
133 191
165 166
61 90
17 210
47 108
88 173
173 178
60 150
24 54
29 233
133 187
137 236
16 102
53 151
20 186
187 195
35 203
220 248
97 147
109 235
46 135
4 42
27 201
39 191
16 229
44 183
36 203
83 230
184 242
92 220
6 68
77 190
46 88
64 67
10 106
217 235
102 104
93 196
231 239
127 239
37 219
131 211
5 181
114 224
65 249
42 51
97 142
130 207
16 243
165 190
3 56
158 159
107 206
2 96
179 223
62 184
60 170
34 116
34 217
100 187
9 94
136 242
51 152
69 235
41 195
72 205
52 179
53 127
100 249
164 232
137 145
3 186
72 179
9 184
145 226
129 176
13 149
196 198
122 156
151 209
153 165
30 115
70 217
18 131
50 67
123 229
139 195
148 213
41 231
145 157
44 170
170 221
179 241
93 244
99 138
129 230
10 72
55 135
130 185
105 122
11 16
81 153
11 134
8 122
42 145
53 64
146 218
61 243
233 242
89 142
13 234
69 135
43 156
55 245
106 168
80 130
24 177
82 225
190 193
80 184
72 107
19 119
76 210
60 113
118 224
31 145
39 105
188 197
95 166
22 193
116 175
43 204
32 199
77 159
195 231
58 156
19 155
220 231
104 239
94 126
65 245
42 161
12 87
12 240
23 63
0 22
159 230
238 243
27 144
34 153
15 225
5 16
79 244
75 99
161 243
88 174
80 124
52 194
178 216
7 90
62 178
41 190
29 144
23 183
25 188
41 57
163 175
148 243
22 99
170 183
8 93
25 209
114 234
200 220
42 79
40 72
12 137
12 239
172 235
132 149
221 244
16 231
7 176
24 216
54 111
24 182
61 224
204 205
47 199
36 161
86 249
90 194
195 220
104 189
44 188
51 57
114 184
17 168
45 200
44 208
0 26
162 175
50 199
87 137
148 152
88 242
194 211
140 215
34 171
78 181
91 109
129 224
25 146
70 244
141 198
28 77
141 191
2 192
191 241
79 143
136 238
203 231
15 128
161 226
86 93
2 222
27 162
21 199
149 228
98 142
21 203
12 84
16 246
36 246
51 54
27 135
67 80
70 215
53 229
126 199
149 238
147 239
98 127
153 216
12 149
84 122
87 120
13 220
21 240
67 227
135 151
57 212
6 198
38 88
7 88
27 134
38 159
134 191
228 249
62 192
30 223
35 194
43 127
67 213
206 218
13 200
39 109
78 89
18 115
123 127
109 246
96 166
39 246
160 170
114 195
34 174
2 24
143 246
133 176
101 232
109 194
76 153
37 116
1 134
41 133
130 182
40 125
205 239
88 171
114 248
73 205
60 97
97 195
121 186
65 184
13 70
47 72
33 147
27 215
67 90
22 170
8 181
31 194
71 104
54 209
16 163
137 239
173 201
55 98
35 125
112 184
111 197
14 69
137 241
104 161
137 159
21 103
169 245
105 125
64 169
31 185
20 79
30 175
80 231
117 155
56 186
47 169
126 175
60 85
13 81
34 40
145 179
12 98
43 62
135 243
109 126
107 142
42 248
5 210
8 123
60 166
100 104
33 52
64 98
160 233
108 220
5 24
131 133
25 235
27 90
125 142
38 130
88 103
55 213
207 211
21 133
123 237
28 223
71 122
92 207
52 83
178 191
61 178
72 164
163 188
43 64
157 184
112 194
22 249
85 177
59 61
182 208
150 181
125 210
207 214
231 238
127 156
66 152
47 171
176 231
176 220
190 235
133 148
19 136
82 182
37 113
47 89
148 179
12 161
136 241
38 67
57 238
39 188
168 169
211 216
25 244
34 67
81 167
202 216
0 53
34 166
37 123
66 216
22 180
10 229
46 171
49 81
136 237
120 157
118 135
4 182
13 203
21 172
77 216
21 102
96 160
78 162
202 228
92 208
13 212
106 113
94 95
67 202
2 211
5 222
188 198
151 227
1 53
24 121
78 147
76 174
57 154
36 188
30 208
22 96
54 146
92 136
149 190
151 159
17 151
202 226
55 57
110 205
56 230
84 134
127 160
37 161
175 226
21 232
230 248
75 236
174 225
180 228
10 132
88 111
167 222
158 170
47 154
167 170
84 86
164 202
132 163
1 107
35 178
43 115
98 211
93 172
108 135
33 182
155 203
59 91
11 103
78 187
48 200
49 114
35 129
131 241
128 244
96 122
18 237
5 101
71 158
149 186
197 238
98 198
84 132
86 225
67 81
104 229
203 208
75 155
123 137
30 88
159 210
188 249
59 237
109 237
86 90
160 218
27 246
45 94
149 179
73 150
108 123
115 150
23 51
3 139
53 65
64 209
52 183
19 68
80 244
21 89
134 179
108 116
41 136
110 189
70 170
63 71
114 186
41 196
3 102
51 106
171 195
181 223
217 249
114 190
43 91
59 177
3 165
104 123
167 184
46 222
133 242
13 136
40 142
143 153
122 218
186 224
128 164
193 195
187 199
108 140
63 213
13 247
59 232
116 220
85 153
104 248
144 205
200 242
149 216
86 168
190 206
207 238
184 186
124 150
9 133
14 48
45 56
117 188
24 91
112 191
23 35
25 63
2 231
44 111
39 99
1 226
4 135
18 100
115 216
168 189
95 214
97 135
78 238
101 126
16 157
114 247
56 139
57 66
115 201
61 67
72 176
33 240
217 230
56 167
92 217
39 45
142 182
135 167
124 151
1 188
238 244
140 156
5 52
108 215
32 72
63 124
33 39
6 230
121 125
51 159
71 115
45 236
48 248
49 52
41 181
85 209
148 169
50 72
146 201
29 177
68 210
190 210
85 176
164 228
29 245
142 151
117 149
79 190
92 187
91 133
55 134
10 208
63 206
104 236
64 240
156 201
83 107
21 138
163 235
64 152
20 229
22 65
2 99
83 114
99 223
130 174
36 85
42 88
45 201
28 44
36 211
68 97
221 235
73 94
50 52
65 176
1 45
94 175
175 179
64 116
15 221
101 161
122 161
8 138
43 211
86 244
96 169
32 248
0 216
38 166
83 236
110 194
8 166
78 137
126 239
37 239
214 229
46 109
142 190
47 138
80 163
180 205
96 236
231 243
76 115
60 217
38 133
123 148
208 214
24 38
186 193
180 235
33 124
93 215
79 113
68 145
149 163
209 239
116 121
102 129
42 246
42 77
80 81
86 118
71 169
48 202
12 167
73 164
182 241
95 110
70 140
108 186
43 66
62 187
139 164
221 230
162 180
118 155
31 74
89 128
73 147
146 204
136 163
24 239
231 232
168 196
191 239
1 177
143 157
74 176
171 229
44 202
86 155
134 135
28 59
32 232
46 220
18 129
70 223
74 184
60 70
135 193
98 217
216 244
21 224
7 81
109 211
66 244
45 225
15 42
114 123
2 70
43 132
204 249
117 176
171 221
172 188
14 62
146 197
69 108
10 136
55 102
144 213
87 172
110 242
89 242
14 137
194 233
37 61
23 159
25 87
85 86
155 222
194 232
143 148
42 61
4 45
135 156
145 246
1 81
89 219
93 150
109 178
18 167
43 241
91 117
137 248
201 243
35 90
179 201
3 247
159 183
31 234
55 235
112 144
147 166
141 184
79 171
1 147
138 225
89 176
0 173
2 157
133 159
98 245
52 155
95 218
152 219
29 107
54 210
28 29
99 117
57 166
83 209
4 240
74 87
110 139
107 134
103 205
43 111
96 194
55 115
21 75
15 205
152 216
72 209
134 235
42 106
49 135
110 124
213 222
175 238
71 130
183 194
25 142
127 242
49 55
13 64
10 17
133 185
118 226
121 171
220 224
80 196
149 152
44 176
116 243
56 187
151 183
27 230
83 142
146 196
29 159
131 238
52 249
211 223
69 124
71 160
1 161
88 216
14 246
5 165
32 186
45 59
18 231
111 177
46 160
46 99
121 188
31 231
111 233
45 187
153 247
11 231
13 162
68 73
25 40
69 85
131 136
81 88
145 177
84 232
47 182
215 227
212 240
59 152
157 230
39 146
62 86
59 68
86 219
143 170
83 135
27 83
17 148
28 92
3 23
108 136
19 95
3 145
101 143
15 144
64 229
75 168
34 70
88 140
11 76
141 223
29 65
69 231
52 89
57 147
202 210
62 150
146 198
29 77
152 211
97 197
75 138
188 237
62 66
184 238
71 101
17 53
22 69
205 216
134 219
82 119
48 115
76 111
53 161
128 173
66 217
75 146
134 218
151 212
87 123
26 50
109 145
132 225
99 153
7 179
56 227
43 191
23 118
41 169
44 239
112 178
0 131
149 184
141 210
0 52
106 184
152 225
132 231
1 139
195 203
70 123
72 165
92 153
183 192
49 121
114 182
42 234
0 217
20 44
4 153
25 107
42 185
90 187
61 139
12 63
78 206
20 216
16 140
140 243
48 69
82 222
116 183
2 66
47 121
72 194
18 110
30 101
43 79
9 164
93 132
125 248
149 233
230 231
72 150
41 84
131 191
56 95
166 223
4 114
45 119
33 149
0 55
39 117
16 77
63 117
135 200
59 145
202 229
100 143
111 216
19 130
104 164
28 185
156 210
175 211
41 82
63 158
9 121
126 138
87 95
74 201
235 248
177 187
38 244
124 153
57 67
80 94
142 197
0 123
103 143
167 205
52 77
30 176
67 115
120 126
41 172
26 68
118 213
117 136
193 243
140 234
68 242
107 171
136 164
40 190
93 117
70 160
84 196
126 132
4 95
196 218
58 187
127 223
119 234
18 214
164 183
26 242
62 133
39 69
47 183
52 224
22 130
59 206
4 83
134 238
46 55
19 40
14 64
99 221
30 213
15 126
17 127
90 186
40 234
116 126
10 138
94 202
171 207
30 55
85 195
18 206
102 177
117 234
95 242
112 185
5 62
21 188
121 159
10 46
21 249
192 206
58 236
3 100
91 129
45 71
56 189
29 150
122 249
4 189
224 227
20 201
89 222
165 179
15 134
35 58
68 228
39 140
24 198
79 155
98 215
36 220
204 214
6 70
48 150
91 103
143 155
121 221
67 145
169 248
120 153
189 214
30 90
97 245
103 179
32 141
14 194
109 184
154 217
58 59
92 110
134 231
132 200
16 57
147 173
47 168
0 96
10 128
3 205
149 160
17 121
83 171
88 243
82 198
175 188
20 192
91 244
40 91
91 152
46 219
156 231
25 47
205 233
43 197
131 226
62 94
200 228
73 165
193 205
40 101
43 200
46 162
77 137
104 208
112 225
42 124
85 107
84 244
68 190
163 168
194 213
45 118
3 170
17 190
176 216
206 219
105 176
16 80
38 160
28 205
34 248
194 246
53 215
11 99
178 231
34 145
3 85
153 220
28 219
146 151
41 152
35 123
122 172
69 219
36 84
74 214
100 171
4 8
122 141
21 229
167 244
76 245
50 152
21 238
24 127
53 207
91 124
43 124
47 186
107 128
59 199
79 110
100 155
14 28
79 170
10 167
146 202
199 228
33 175
79 123
159 171
16 117
151 177
67 114
13 100
64 133
16 93
38 148
167 172
48 226
37 63
114 135
15 20
39 139
198 201
69 162
165 215
32 98
29 206
71 163
87 217
6 217
30 125
26 134
6 49
63 243
163 181
14 202
172 215
150 186
136 217
86 101
102 233
42 201
114 181
53 121
0 31
3 134
10 57
35 222
153 221
2 75
153 187
11 175
120 215
12 74
156 198
122 140
28 196
113 196
59 116
183 218
218 228
84 190
19 196
94 123
174 237
20 147
134 202
40 99
15 164
212 239
43 102
11 204
46 218
49 172
14 214
133 135
160 188
136 157
33 183
123 155
6 39
77 181
93 105
48 196
158 193
48 169
118 147
171 215
136 152
148 217
91 226
34 226
157 159
92 131
13 98
55 107
1 104
15 47
36 151
103 218
39 184
43 206
3 105
134 229
212 241
83 195
85 217
33 201
58 229
175 191
26 194
65 166
144 206
0 100
57 206
134 185
49 199
50 176
111 144
112 237
144 188
84 237
98 216
71 94
20 188
104 137
116 205
13 93
29 227
85 137
107 124
21 57
1 192
139 183
72 121
11 61
27 226
202 245
21 46
96 134
15 50
129 175
14 189
7 201
74 155
64 199
75 247
0 88
49 61
68 126
184 224
123 230
7 245
46 178
23 104
27 64
75 220
23 242
82 249
37 246
69 173
86 239
115 118
7 154
187 236
165 239
12 85
112 121
178 193
23 188
122 216
22 63
88 220
111 113
39 100
10 200
59 67
157 164
151 189
30 196
31 168
39 43
73 245
35 232
50 96
119 158
29 113
54 192
53 101
141 167
5 219
3 73
19 28
22 28
190 248
59 143
81 156
165 216
165 192
202 215
136 181
78 83
185 235
4 234
178 239
181 224
2 164
72 223
24 172
15 185
65 199
92 133
34 114
150 182
36 236
113 171
200 217
106 201
34 204
30 42
18 33
105 203
93 228
27 210
163 194
107 159
126 179
80 141
23 218
3 185
109 223
31 246
93 238
43 183
50 128
21 179
37 89
100 225
138 226
34 188
157 219
57 74
81 184
74 112
202 243
19 29
69 245
119 157
100 246
8 75
175 183
122 244
66 210
29 119
121 140
104 176
54 118
18 106
192 202
211 220
68 231
132 138
39 232
149 237
159 186
5 92
173 214
95 168
43 58
69 249
123 235
117 193
59 142
214 247
80 122
4 32
71 173
72 247
89 207
156 180
98 131
1 174
8 70
25 95
46 142
141 188
53 240
152 175
37 71
142 179
52 135
116 148
57 65
105 245
213 236
67 195
12 55
35 151
31 42
75 84
32 80
9 205
40 219
31 199
103 159
127 166
1 83
185 209
125 195
60 67
57 181
82 97
129 194
122 226
65 110
54 177
23 66
69 117
54 229
208 221
33 143
144 235
212 229
141 211
120 143
77 90
71 167
16 137
64 195
184 218
95 124
2 168
89 232
62 211
195 204
116 178
3 54
46 249
169 230
155 217
144 187
41 207
63 189
3 182
1 207
127 248
1 2
31 68
179 224
67 246
11 137
145 151
122 229
5 166
119 212
34 208
3 190
11 108
13 122
66 101
113 170
103 126
141 236
194 218
12 166
66 177
149 217
128 174
179 191
60 146
206 243
99 196
147 208
121 207
23 73
39 62
7 16
109 182
19 175
20 212
0 186
168 248
45 57
56 112
3 70
177 178
150 195
93 114
176 180
133 197
20 193
116 176
28 182
52 202
3 27
67 186
32 48
153 242
169 204
81 149
172 195
95 102
80 223
