200 250
119
39
46
70
108
38
92
20
56
40
60
93
92
113
60
118
75
76
24
117
76
91
96
102
30
68
68
42
36
27
21
87
46
47
89
86
117
61
38
53
81
79
26
106
72
119
104
79
75
108
28
83
31
104
66
93
104
66
115
20
25
68
87
104
95
109
70
93
50
41
78
64
52
85
50
56
84
86
115
91
26
23
54
37
60
52
110
44
98
57
97
56
57
116
40
32
105
42
57
88
63
116
84
95
33
66
31
49
32
78
20
38
34
54
107
74
39
49
50
117
38
79
105
75
76
25
39
113
100
77
33
43
25
97
71
38
95
34
67
107
93
119
77
107
105
64
113
24
93
95
74
111
55
59
66
63
117
86
108
97
95
74
20
52
103
23
70
79
38
69
66
63
20
24
102
105
68
95
110
94
22
64
37
109
103
84
104
100
102
93
77
29
47
30
61
30
33
63
89
103
183 189
127 199
90 179
165 198
67 184
58 133
46 190
33 119
21 56
29 99
195 196
178 179
24 157
30 116
34 160
76 102
17 27
29 148
117 194
98 101
14 156
4 187
2 106
37 176
88 114
5 63
83 183
42 193
72 159
71 109
58 185
27 173
2 12
82 127
25 149
135 163
74 181
119 136
132 156
47 112
117 197
62 80
52 104
73 163
128 182
34 186
8 119
13 84
140 162
63 166
101 117
98 178
97 128
60 186
6 98
3 59
121 167
35 171
25 61
134 153
121 195
91 115
56 81
43 199
117 148
59 65
37 170
98 116
102 135
93 111
1 170
96 120
92 131
69 92
178 192
175 188
66 99
55 180
6 123
71 176
35 123
89 93
5 24
144 159
55 107
4 60
100 177
69 181
25 184
91 128
3 66
55 68
84 123
159 187
129 163
52 183
72 150
98 175
77 194
86 184
49 91
26 197
143 178
48 127
91 155
8 158
76 109
165 193
0 153
105 129
68 88
134 171
160 184
37 98
178 184
173 179
27 170
123 157
5 100
2 55
10 48
157 166
87 131
87 103
8 36
57 168
54 96
28 56
38 126
45 168
18 62
42 99
57 141
41 165
14 167
49 63
15 130
17 20
98 123
87 104
24 131
27 144
79 124
35 69
2 80
38 64
51 137
58 144
146 175
137 161
95 186
24 25
44 153
42 52
98 120
51 139
35 122
1 31
18 159
23 161
13 51
102 177
36 102
49 198
10 58
34 122
27 83
30 77
79 150
170 175
98 154
137 157
51 116
26 155
6 29
7 39
60 142
58 195
158 191
146 153
17 68
52 187
95 169
127 130
72 105
26 49
7 155
115 159
70 75
105 185
29 177
41 64
59 119
62 100
17 46
15 186
66 154
113 191
121 123
147 192
178 194
86 173
1 40
28 197
111 134
92 133
111 197
30 133
8 33
44 178
31 59
49 116
13 107
89 115
59 180
36 111
53 162
54 197
146 154
65 83
80 168
157 192
91 118
126 174
19 76
60 104
21 30
61 196
128 176
61 85
36 73
89 172
121 187
96 142
67 131
147 159
51 69
91 169
66 112
96 188
37 152
0 67
62 173
54 63
100 190
67 178
39 126
20 65
68 160
7 27
