150 150
27
43
62
52
108
57
102
96
102
76
98
106
49
41
81
86
97
21
24
55
50
63
36
28
87
38
114
21
68
69
44
27
92
86
59
80
75
41
56
57
98
86
95
79
108
109
45
37
62
49
72
92
44
40
53
63
59
47
64
59
96
88
67
20
106
106
81
114
80
69
103
110
36
31
69
76
20
46
45
62
27
49
86
52
69
119
95
60
99
92
100
27
60
47
28
99
85
41
45
45
42
80
35
110
91
36
118
91
62
43
85
70
72
52
54
22
51
29
114
82
53
94
90
94
73
50
25
39
23
102
116
45
62
32
36
34
100
34
57
43
58
23
45
62
55
31
116
38
92
111
17 34
38 50
58 118
123 136
26 79
42 52
0 50
76 82
127 128
115 144
45 105
29 121
58 93
27 107
10 62
86 96
27 146
137 145
35 110
73 114
13 116
48 115
41 92
79 88
109 124
40 43
136 147
0 24
63 145
86 134
61 113
11 110
2 6
15 145
80 109
28 98
126 143
18 48
127 137
8 148
51 101
91 98
37 91
25 84
56 111
68 118
79 127
31 78
73 138
46 120
84 126
61 68
116 119
8 131
94 139
59 97
40 52
98 129
25 143
50 63
132 136
15 70
113 148
47 101
93 123
57 71
41 122
118 143
8 99
2 4
88 113
30 101
15 101
9 60
73 126
12 15
82 107
30 70
129 132
74 105
47 125
13 97
33 89
90 149
133 144
3 123
6 107
4 24
65 108
136 137
40 149
1 147
32 134
18 120
63 96
38 124
39 143
82 135
76 124
9 81
122 136
80 133
3 6
6 143
47 139
43 45
29 96
118 127
40 47
64 73
58 79
14 116
42 139
94 124
67 148
33 110
5 49
55 72
60 131
49 102
28 94
26 145
25 122
72 145
12 111
48 91
19 62
58 62
2 51
50 88
48 121
20 83
58 106
16 76
27 39
118 119
15 23
100 145
42 137
0 74
4 122
75 143
35 103
39 86
8 127
38 129
24 78
34 52
82 128
23 102
