250 5000
105
88
82
21
70
45
72
67
64
32
99
100
52
95
57
43
60
47
41
114
101
34
71
61
107
80
99
56
81
110
60
66
31
74
20
81
100
24
81
44
36
60
76
68
87
113
43
28
40
65
74
21
79
25
114
118
85
46
107
98
88
47
44
99
54
96
61
34
100
74
110
117
114
66
117
34
111
41
42
31
38
96
84
49
53
31
99
70
57
86
48
25
66
24
105
100
101
98
66
33
52
56
30
98
54
80
112
45
53
86
108
23
114
72
52
99
83
83
49
72
50
29
78
48
34
115
28
67
45
26
80
29
62
43
107
96
103
52
73
36
70
61
39
117
65
23
96
81
86
26
33
68
35
43
96
101
38
56
48
63
62
109
72
56
32
112
32
67
96
85
83
98
26
54
95
24
109
72
85
75
30
98
76
45
22
52
79
40
41
107
36
83
48
40
20
112
84
84
59
60
102
22
39
60
108
114
64
97
118
29
105
28
108
61
106
62
93
65
34
66
104
50
30
33
23
82
25
87
46
65
28
28
119
99
69
60
45
113
37
44
23
22
104
63
115
90
105
41
87
119
17 184
100 188
8 118
86 223
29 76
152 242
100 182
177 226
94 178
65 245
155 179
171 243
8 227
157 162
86 160
96 177
127 196
37 245
10 135
164 173
163 166
15 115
98 241
42 129
188 209
93 124
147 240
86 100
95 124
13 136
34 211
63 161
10 202
145 156
65 80
59 228
98 176
48 93
168 237
177 208
48 51
51 141
137 198
175 241
84 106
61 118
68 227
29 78
31 38
96 223
134 220
68 176
19 61
81 116
44 108
9 39
90 197
2 248
79 243
25 163
20 32
163 165
98 197
173 201
43 171
57 72
91 118
193 208
52 199
104 238
51 163
165 180
9 151
10 176
173 212
57 115
30 232
182 220
24 79
105 225
47 163
47 139
133 240
83 199
53 144
57 173
104 206
74 108
187 215
136 240
1 149
47 234
32 120
18 213
124 246
43 188
139 235
124 182
131 226
59 222
36 233
30 243
189 206
6 203
89 143
145 247
146 193
77 129
118 147
40 114
123 229
114 158
66 192
144 239
48 74
110 117
133 249
72 205
10 205
99 181
178 202
145 244
176 225
45 222
12 122
11 98
169 241
58 212
112 201
38 202
0 171
133 148
170 206
58 126
216 239
77 168
19 173
165 195
0 137
92 224
104 150
72 243
35 125
89 153
208 236
88 127
128 129
74 152
84 132
28 152
207 223
173 242
88 232
187 232
132 226
206 228
29 236
111 221
166 227
4 201
180 185
93 166
58 167
68 244
151 198
124 249
7 172
116 239
10 155
221 236
37 178
66 125
38 59
89 225
117 142
52 229
72 174
70 233
139 193
94 227
189 226
197 218
0 186
11 186
10 194
83 99
40 166
61 99
56 150
25 176
7 42
179 216
182 249
125 199
29 240
72 180
40 107
108 127
79 165
125 221
172 175
60 215
121 190
98 166
21 92
123 165
52 100
132 134
52 81
9 144
183 212
70 74
53 224
30 155
103 219
132 246
25 192
212 216
64 230
64 187
73 188
25 103
92 235
11 246
122 168
141 233
56 67
53 132
121 185
139 192
21 38
40 63
104 213
29 129
85 196
10 67
22 236
78 137
7 148
27 75
20 216
10 76
135 165
6 208
97 202
50 240
193 220
36 156
37 47
165 234
84 233
219 244
106 131
48 215
131 225
95 152
43 207
80 178
123 141
37 75
90 189
61 168
74 132
97 180
111 114
164 197
11 51
157 166
66 142
126 225
70 143
28 186
27 210
2 115
101 152
44 180
91 98
105 224
24 54
6 237
20 22
71 184
33 203
28 81
56 121
15 154
34 228
107 201
96 168
50 110
142 172
94 116
51 92
116 192
105 198
205 227
72 140
49 106
93 130
214 236
186 242
16 81
26 135
122 123
53 85
78 172
118 227
69 194
136 169
37 126
84 243
8 104
153 235
114 180
100 135
71 144
78 92
189 220
62 213
118 195
148 219
196 227
88 140
7 149
26 186
134 212
31 238
118 221
187 243
48 128
140 193
51 84
123 240
55 86
52 102
52 204
71 151
11 30
143 179
19 170
5 217
101 234
95 205
88 219
18 143
33 68
63 221
117 186
24 211
22 115
78 126
50 168
50 81
61 225
80 229
196 247
187 231
32 47
17 39
182 222
137 142
67 200
36 113
136 176
10 61
39 42
62 190
22 89
112 151
99 193
83 198
123 139
31 39
70 155
158 230
45 104
171 224
88 97
60 233
14 121
95 158
12 35
102 220
82 159
105 110
25 188
17 58
61 90
69 158
12 168
117 151
65 227
140 162
65 200
182 247
92 173
186 192
163 229
38 139
97 245
101 225
160 183
94 97
102 104
18 114
21 22
189 231
224 248
166 203
174 200
98 200
142 144
34 123
55 174
5 114
169 216
204 230
176 228
153 182
30 171
46 154
44 130
43 93
46 104
28 209
98 159
94 228
12 153
69 209
36 38
207 214
2 46
14 82
167 222
2 14
89 162
156 235
42 101
28 248
89 249
129 199
100 107
4 43
112 120
10 65
131 148
2 218
177 232
1 84
1 200
105 192
113 178
7 214
6 206
65 148
14 135
242 248
57 104
21 214
169 225
22 152
45 126
129 181
63 182
13 130
37 73
2 126
1 236
59 216
133 242
127 207
58 147
56 221
162 186
180 184
13 202
58 86
18 180
52 67
7 192
235 242
194 243
13 221
53 65
10 146
146 192
16 170
54 83
54 234
67 119
38 57
219 227
164 177
212 230
71 83
76 172
57 218
130 171
224 231
196 230
87 240
7 126
6 32
60 192
17 163
157 229
206 221
148 228
43 222
4 114
23 86
7 223
56 154
84 202
36 171
14 44
30 51
47 223
166 213
45 136
175 209
1 6
76 108
49 190
163 234
70 195
20 39
77 193
13 76
215 247
41 184
67 81
194 230
10 142
130 146
90 158
50 180
229 234
218 240
37 244
33 140
57 70
78 134
83 177
120 201
32 219
15 187
13 79
11 25
182 209
37 151
193 217
177 201
48 192
43 248
81 240
139 178
60 109
125 144
36 76
14 107
108 201
123 223
0 132
193 235
22 35
95 228
46 92
7 140
90 107
35 172
66 98
38 175
154 211
20 114
74 171
44 73
48 205
33 146
149 181
96 157
159 249
19 142
85 242
27 126
7 224
93 170
87 120
208 241
174 184
105 114
187 248
1 46
147 245
79 246
79 89
90 92
86 88
109 182
171 236
30 210
62 155
52 149
26 112
210 243
36 107
35 167
146 168
81 243
13 65
239 246
102 183
42 87
122 196
43 225
34 37
97 176
192 228
70 98
91 132
50 127
151 162
69 197
42 96
109 237
134 233
63 67
172 207
119 189
85 182
5 71
11 204
91 116
53 186
182 246
162 171
47 72
96 176
22 244
138 231
22 233
46 214
137 192
4 233
38 108
68 215
110 181
170 226
23 223
14 57
71 185
71 118
110 248
66 104
57 122
85 106
151 181
4 225
8 140
100 209
47 129
9 66
163 236
38 235
61 101
132 197
19 139
103 249
21 119
103 241
40 180
97 214
43 204
184 189
0 212
111 136
130 202
40 59
183 203
130 161
50 188
143 149
49 120
4 164
95 112
61 146
59 189
15 100
80 225
101 214
191 231
164 166
59 126
161 223
114 236
41 52
36 43
187 195
163 212
43 127
41 57
189 218
56 83
58 170
21 136
22 180
41 104
82 196
21 202
66 243
8 137
119 146
166 180
186 195
128 229
114 123
107 206
28 170
14 159
49 139
6 191
32 137
88 234
10 184
18 152
21 71
1 17
40 203
168 196
34 121
58 157
165 235
113 156
193 230
95 167
108 221
3 101
41 97
107 237
139 225
46 228
13 245
149 155
50 96
73 186
131 217
55 94
47 59
63 92
141 230
112 187
140 190
37 115
182 204
144 157
56 61
205 219
121 216
39 51
58 121
4 23
172 176
63 239
54 71
11 21
137 194
48 228
44 193
238 241
19 44
52 90
18 249
153 212
20 160
126 183
24 154
105 189
143 221
66 246
18 127
174 179
7 79
52 152
123 242
44 244
36 96
85 138
47 115
25 41
167 169
60 193
17 71
66 234
83 90
218 234
163 203
210 244
146 242
114 217
158 241
27 212
107 149
74 165
58 196
201 217
11 77
0 160
130 144
66 220
152 227
34 65
159 242
33 209
24 127
117 191
76 153
90 171
138 150
101 229
57 105
112 117
57 94
113 226
65 91
105 128
46 123
140 218
173 205
82 177
49 146
125 202
215 223
123 225
77 205
60 114
41 177
23 136
41 249
53 234
26 209
29 150
83 175
58 166
57 224
29 143
132 211
4 107
166 209
36 79
73 180
97 108
66 149
119 198
178 235
56 132
140 178
57 89
134 158
51 146
130 163
12 19
179 237
126 229
52 110
56 218
1 224
200 220
93 205
74 128
104 185
135 206
75 116
85 224
0 120
15 136
102 149
34 191
115 180
67 142
123 168
110 169
80 97
42 119
100 138
219 242
137 175
64 229
143 203
35 175
10 27
36 147
68 219
12 36
32 210
12 71
202 211
151 173
106 141
75 125
12 236
102 215
76 246
94 241
2 113
122 149
1 91
13 70
30 229
46 93
100 203
55 207
13 125
1 98
84 88
13 42
50 192
38 219
19 132
132 165
139 236
134 237
82 204
0 62
86 148
40 155
62 248
124 247
75 95
15 227
32 92
58 82
34 198
54 153
68 182
38 168
24 60
142 155
8 80
56 167
64 156
7 59
56 126
54 233
3 210
35 69
189 219
122 178
95 110
43 133
103 131
10 36
90 245
52 146
7 155
66 116
14 94
224 247
59 70
111 115
49 85
79 152
59 247
42 102
173 233
57 243
53 61
60 83
193 207
67 175
9 81
86 121
20 78
137 166
31 192
93 100
3 218
28 173
67 102
85 232
40 92
5 78
14 195
152 167
207 234
68 179
50 65
154 245
70 172
114 234
187 204
172 208
190 233
42 52
35 152
96 230
58 177
101 122
72 121
126 131
55 105
171 200
104 207
18 130
3 27
96 231
156 190
5 232
160 241
126 143
47 106
91 224
17 45
89 198
74 166
21 221
23 231
44 188
63 127
6 170
66 119
89 108
25 197
90 119
107 216
6 114
175 206
192 230
1 178
133 167
187 188
229 233
209 227
148 215
119 214
157 174
104 144
14 115
82 211
217 230
109 186
49 51
79 187
37 206
35 95
144 222
75 229
136 199
127 199
193 203
68 110
65 117
214 233
27 180
160 168
27 96
198 247
135 181
76 218
193 213
165 190
185 240
169 237
149 228
182 186
5 194
42 164
109 172
102 249
136 167
85 115
47 63
82 228
159 199
48 244
213 224
160 184
56 104
136 249
105 185
68 151
42 213
167 214
167 174
60 169
34 186
85 145
63 148
213 239
65 143
29 77
187 225
33 76
73 240
12 244
142 156
59 161
121 233
78 142
117 145
143 176
118 223
24 64
19 183
129 212
96 207
1 232
33 75
147 222
69 216
54 230
27 128
58 213
108 169
27 197
1 82
72 76
198 200
140 235
20 217
166 198
51 79
112 148
126 222
10 47
41 64
21 27
92 193
79 112
201 209
54 161
41 85
93 131
78 103
128 245
19 74
19 180
56 187
49 94
85 215
156 158
87 178
122 129
135 148
35 189
18 220
4 32
142 213
108 137
91 229
21 212
1 101
47 180
136 152
34 117
73 190
1 127
101 129
130 232
18 236
171 206
138 204
30 63
19 23
110 168
104 232
57 132
62 85
104 237
50 138
104 123
83 180
162 227
36 209
22 42
79 213
80 218
19 245
38 248
18 149
0 225
32 133
85 195
137 174
97 127
72 130
49 220
9 101
114 225
77 190
56 158
153 199
9 237
129 172
238 249
121 232
31 169
20 168
94 117
148 224
190 206
40 239
28 141
100 142
41 117
25 71
20 51
162 178
110 202
42 200
24 201
72 233
3 37
114 150
154 209
89 241
45 92
14 231
155 235
39 138
70 175
51 137
22 93
88 224
12 219
59 162
164 206
52 166
166 168
168 229
160 172
69 217
104 152
84 191
57 225
79 85
45 232
68 222
162 177
144 146
26 203
161 233
213 219
1 239
22 129
153 219
140 182
138 222
42 56
181 202
32 112
37 77
95 111
22 247
126 141
21 152
182 196
18 237
145 239
11 78
29 45
1 218
35 113
160 216
65 192
78 204
25 121
65 119
48 191
69 112
161 196
103 183
179 248
24 186
137 226
107 117
34 187
69 108
50 120
137 217
62 68
23 36
93 191
7 243
119 132
62 180
17 30
209 216
117 240
93 248
115 128
14 200
52 161
84 205
31 73
24 196
48 141
84 235
91 239
223 228
143 210
93 154
160 222
28 154
152 212
192 223
26 119
39 143
172 229
3 68
118 210
47 142
25 145
208 218
20 224
33 51
57 196
10 163
62 136
181 203
12 162
53 205
7 184
75 226
40 196
35 193
146 188
8 210
82 206
109 232
30 115
28 167
40 229
17 95
12 31
107 218
85 216
4 61
42 44
7 179
8 90
114 130
7 176
138 213
8 222
73 124
2 92
4 42
71 123
83 138
97 155
153 240
158 166
60 153
12 54
123 205
126 130
14 131
140 195
88 120
90 116
212 222
135 235
96 225
71 103
90 93
98 234
141 150
110 140
137 233
14 197
79 215
71 219
39 133
59 198
44 113
185 209
6 121
164 194
83 109
37 207
60 170
29 198
153 226
64 221
55 194
228 234
117 163
75 119
167 233
103 221
44 93
209 211
44 139
25 68
66 128
164 228
48 193
53 176
170 240
24 77
8 37
52 158
27 228
127 247
10 201
100 157
62 146
35 116
36 208
24 162
77 164
105 212
20 31
42 118
124 142
161 222
3 130
65 83
157 193
20 80
181 246
29 142
95 247
29 53
33 191
35 120
114 243
168 232
35 144
7 125
157 230
223 239
63 249
166 245
14 19
48 176
123 156
147 185
177 180
209 228
99 230
95 96
14 92
77 229
54 159
66 89
34 78
39 199
57 77
195 198
71 223
79 98
199 245
14 126
176 243
8 187
33 194
36 205
135 149
15 58
178 227
118 183
112 127
28 174
0 159
31 199
45 155
177 183
114 140
43 84
222 249
148 236
59 238
27 194
138 205
6 229
92 185
34 109
153 236
164 211
17 160
164 171
87 206
53 157
0 93
52 101
53 66
156 189
214 216
100 204
24 182
62 209
24 199
29 170
37 132
45 156
144 217
70 232
25 79
25 137
25 42
193 228
167 197
99 161
51 236
10 217
29 233
71 109
93 228
15 240
36 77
171 222
94 105
56 130
25 193
8 152
87 236
34 95
6 46
94 195
14 98
183 206
44 129
124 145
135 222
15 171
128 226
32 211
17 77
139 165
87 105
199 213
133 247
57 83
11 13
119 157
14 142
134 217
1 126
119 173
95 243
153 205
162 229
44 56
35 179
73 137
23 122
6 100
122 158
89 235
171 208
74 129
76 133
2 107
100 101
4 97
55 76
99 167
198 234
58 135
85 109
38 183
115 157
142 219
117 137
192 237
118 120
18 225
119 224
76 173
123 233
101 142
83 86
70 91
28 246
66 179
147 188
114 204
80 186
70 71
13 173
133 164
2 18
192 240
75 228
158 231
63 80
79 194
10 110
9 112
48 227
129 213
136 163
86 199
2 239
135 232
103 153
240 245
45 218
71 190
42 81
24 106
103 162
24 152
14 214
12 33
93 98
108 243
44 234
195 236
29 34
187 224
132 214
35 177
34 208
76 220
39 96
34 53
186 199
15 77
53 212
60 123
5 147
52 168
202 235
81 209
214 241
128 173
207 243
65 86
34 126
68 161
179 213
107 109
160 228
71 210
158 234
15 84
104 131
67 218
1 56
149 178
67 101
28 60
114 161
195 228
92 139
74 204
35 233
38 245
10 79
21 183
180 240
33 91
93 168
100 121
12 223
32 189
79 240
32 130
47 156
121 186
139 221
55 217
84 148
167 207
97 184
217 232
82 220
191 193
75 197
133 187
7 17
54 169
106 173
27 62
77 235
44 107
40 43
50 157
4 242
77 120
61 176
20 123
5 136
61 143
22 230
47 49
77 188
16 109
69 164
57 162
117 215
84 126
118 191
118 238
18 45
49 140
37 168
229 248
20 33
62 82
0 68
29 159
118 176
31 200
165 233
100 238
130 175
100 226
88 242
228 239
12 27
94 226
60 99
8 19
150 154
10 101
16 165
100 117
127 248
99 195
95 142
39 183
14 249
56 92
93 116
101 191
62 110
116 211
190 213
48 64
52 213
180 182
30 128
131 228
122 171
13 109
27 200
108 120
6 163
78 186
53 217
10 41
203 207
62 167
67 139
171 201
79 200
53 178
76 202
61 191
26 71
21 236
43 176
58 210
182 248
1 136
153 177
11 107
74 236
125 126
77 243
47 193
157 202
211 223
17 28
124 156
190 247
142 233
173 204
41 105
30 54
59 208
167 220
46 146
120 139
70 185
158 192
27 152
66 160
63 217
52 236
108 196
163 193
4 226
35 223
140 224
120 183
105 183
111 155
27 46
50 137
57 79
54 186
146 215
61 154
119 206
150 228
4 195
230 243
68 199
118 173
51 208
145 243
7 8
36 148
137 155
64 188
217 242
1 215
59 155
26 179
176 213
9 218
2 122
50 71
20 70
97 130
72 242
123 182
101 123
70 109
8 11
173 228
103 174
14 193
181 219
193 247
202 248
67 120
56 219
43 228
140 240
62 108
83 235
96 188
47 70
27 73
48 232
93 99
162 232
49 245
134 153
18 30
8 132
92 170
121 176
48 235
38 197
55 167
20 205
150 222
48 147
64 105
87 189
65 238
42 108
26 95
118 219
118 141
125 146
12 173
152 233
38 121
70 243
95 220
215 245
172 219
10 60
111 241
99 149
56 191
152 208
177 217
20 187
170 247
35 186
169 171
144 187
109 208
155 239
150 151
211 229
13 91
14 202
42 110
102 205
12 24
131 134
52 63
132 249
87 155
126 169
151 229
140 236
134 167
35 197
98 183
50 222
116 197
4 13
25 219
100 130
160 193
4 144
91 193
49 112
70 200
56 193
77 192
223 242
113 143
63 123
95 178
216 227
63 229
32 231
4 213
16 235
157 239
100 160
61 81
3 64
109 113
56 59
134 186
23 130
58 215
181 220
33 138
119 160
16 168
153 185
92 135
142 147
44 75
209 210
72 78
69 137
5 230
124 130
4 9
5 224
164 225
7 52
19 111
24 29
137 209
22 182
51 74
95 170
150 231
157 228
155 226
136 218
83 92
92 118
124 198
112 168
27 201
62 165
46 189
36 193
125 148
51 58
80 200
61 155
32 217
102 131
66 205
73 194
159 244
49 179
103 107
22 207
17 105
63 211
63 141
86 200
114 138
30 112
192 194
119 225
102 161
77 116
124 168
41 77
7 77
46 66
63 201
14 171
24 63
77 213
43 115
101 247
7 146
126 191
121 204
50 228
147 172
26 214
76 247
9 185
55 176
1 128
173 220
97 244
72 236
60 101
13 217
98 225
142 159
101 132
80 96
19 35
61 79
85 155
94 160
87 91
1 194
67 73
61 117
170 205
230 235
158 203
96 109
5 178
1 131
199 240
25 63
70 142
7 86
99 150
93 203
38 204
37 105
28 155
18 50
4 212
121 133
59 229
82 89
34 134
203 205
28 40
30 212
166 241
29 123
13 222
102 236
4 20
153 232
8 36
169 205
37 117
8 203
120 229
107 132
62 245
126 227
26 218
1 42
99 117
14 85
34 219
122 192
17 52
10 74
127 222
112 230
81 84
61 65
28 191
3 150
24 230
130 152
24 50
150 153
20 141
87 111
54 131
85 173
96 184
156 248
110 223
156 238
46 50
221 238
78 224
93 204
204 223
100 106
108 112
93 132
196 204
38 179
64 142
113 238
121 164
126 211
110 220
160 191
17 238
4 193
73 79
151 180
13 31
38 125
86 247
138 181
16 73
129 202
116 163
103 227
94 213
16 197
177 213
8 33
8 81
160 214
113 246
25 152
121 125
90 154
13 106
67 228
88 141
183 191
27 118
154 167
129 145
158 174
18 92
59 101
65 113
122 138
69 95
13 159
128 249
16 79
195 206
221 230
147 191
109 153
5 109
32 119
179 226
137 239
77 88
42 115
153 237
33 222
82 148
81 234
0 27
206 234
55 205
27 164
108 238
21 242
96 218
42 148
190 246
15 223
180 224
113 249
75 126
57 212
74 80
40 66
119 136
13 238
136 173
77 124
120 216
152 231
126 152
16 82
183 229
55 142
92 105
185 206
82 197
30 129
1 198
21 222
10 186
73 236
35 110
1 2
6 83
84 87
133 166
103 214
98 99
19 43
55 57
104 249
131 241
107 181
67 118
53 219
4 191
15 193
108 200
192 199
38 184
211 243
149 162
20 193
206 248
57 179
102 171
188 189
15 120
82 147
31 237
105 222
76 80
26 157
47 125
62 188
41 63
202 234
84 158
39 68
109 138
79 154
81 226
88 172
178 194
167 203
132 135
42 247
158 224
72 90
162 233
115 136
69 220
6 125
85 193
46 224
125 154
230 236
170 204
148 158
98 213
65 233
95 165
70 241
6 178
64 155
76 223
98 136
73 83
144 231
48 149
208 231
136 162
44 152
102 163
80 110
57 188
66 245
89 163
193 238
95 143
68 109
71 97
6 18
162 170
70 237
63 196
51 210
55 96
123 158
58 204
96 115
14 51
130 140
2 175
87 247
136 155
68 233
75 174
154 188
76 164
103 212
155 229
35 173
103 148
13 45
141 204
6 230
7 111
9 248
86 138
6 25
93 176
8 119
14 103
18 160
13 90
172 230
5 20
59 225
104 154
210 238
97 219
104 216
67 182
70 113
5 221
206 249
103 218
72 230
15 121
203 243
116 187
209 246
193 215
175 197
3 244
37 153
16 163
168 209
89 157
88 118
188 215
37 43
164 168
14 52
118 239
179 232
87 175
187 246
23 209
64 236
17 139
32 101
7 61
171 218
35 139
199 227
67 144
126 216
98 156
94 153
113 195
177 237
29 173
19 33
72 192
12 83
95 222
47 204
7 221
84 206
80 198
17 125
58 223
118 169
138 177
99 235
63 177
146 171
118 189
72 80
9 60
13 191
0 25
88 198
7 64
173 247
95 225
101 183
16 74
97 110
152 163
215 236
139 240
148 204
59 192
69 84
157 192
108 135
54 164
13 99
46 227
181 238
62 229
159 212
124 242
50 232
14 218
14 33
24 194
93 206
0 28
15 102
16 210
59 171
1 132
106 120
182 187
183 231
46 121
69 96
91 167
51 191
137 165
212 239
173 181
108 204
232 240
190 205
110 239
128 145
7 73
11 129
132 196
28 247
165 176
63 107
70 80
113 154
12 95
68 77
104 125
120 215
100 217
40 110
52 107
88 159
63 226
9 127
155 211
109 137
68 70
3 52
58 240
85 218
71 138
15 175
231 242
87 205
123 194
7 134
135 173
12 110
71 182
20 143
212 214
47 54
16 23
140 196
7 154
168 223
216 244
1 81
23 226
127 132
55 221
90 127
144 147
57 233
47 191
123 239
146 204
5 94
92 159
168 203
180 197
33 134
9 28
141 222
20 197
45 249
139 190
99 189
22 222
78 178
35 221
165 172
47 227
83 227
69 174
112 202
209 220
81 197
19 242
10 80
133 234
150 208
179 186
186 210
94 233
178 187
62 111
26 247
165 178
1 227
50 148
19 58
144 241
131 179
115 171
41 164
192 224
153 160
121 230
100 213
28 160
22 127
127 153
39 55
6 16
55 56
176 177
53 168
57 232
173 191
85 248
223 249
129 159
109 228
78 132
145 174
19 188
56 58
63 95
151 177
104 221
124 237
65 108
12 209
2 11
34 131
22 114
7 240
16 45
3 152
43 226
139 229
141 156
40 214
112 219
88 239
58 199
70 154
8 158
44 81
104 140
159 232
111 204
115 249
59 168
36 103
117 246
137 242
126 134
204 238
45 205
14 77
83 244
5 84
18 91
49 83
60 122
66 85
14 65
74 200
85 88
29 82
71 81
7 25
64 172
70 101
167 180
36 117
135 175
63 109
129 236
0 46
194 246
29 176
141 213
35 78
75 187
60 247
2 233
34 98
2 236
26 151
36 215
28 53
39 247
43 157
142 203
68 141
77 233
126 196
204 219
44 83
144 244
98 143
93 229
83 132
34 79
44 109
162 172
22 73
65 196
184 207
19 116
136 242
67 105
49 151
1 145
228 243
125 237
61 66
11 22
36 213
36 184
58 90
118 123
36 154
5 182
69 173
26 148
28 244
138 172
12 221
32 116
127 180
143 156
90 163
179 221
33 150
171 197
54 231
80 176
26 152
25 179
19 26
59 172
83 114
60 187
28 95
71 128
156 227
21 171
53 67
202 245
44 203
109 124
25 50
30 41
66 178
61 205
120 187
51 229
55 141
3 238
59 170
76 131
36 152
99 206
94 205
10 158
32 138
16 120
161 185
46 113
107 228
165 170
79 149
69 134
137 211
18 219
107 139
23 90
74 185
73 91
63 208
89 245
76 135
109 156
29 94
72 173
31 243
58 174
47 152
121 135
126 168
81 191
144 216
3 123
70 214
18 129
126 206
6 87
100 112
0 126
29 36
34 174
83 161
1 7
88 139
44 105
85 168
140 234
10 15
16 172
34 102
95 173
233 245
66 88
96 156
45 170
66 184
3 19
27 71
165 206
185 216
180 209
85 135
54 243
166 206
1 28
221 234
125 161
134 152
7 174
136 241
63 77
90 202
6 185
38 227
62 144
173 240
130 218
8 219
10 81
55 135
59 243
0 121
153 234
44 77
39 108
154 242
155 198
2 56
192 229
95 189
111 179
0 39
112 182
89 121
114 248
149 221
216 235
11 124
62 164
68 119
8 169
112 223
166 226
71 194
87 207
191 238
44 51
27 85
148 156
6 175
114 176
81 228
13 204
75 92
63 220
80 143
219 232
137 237
131 194
76 175
182 229
209 219
92 210
86 176
64 120
7 133
60 91
14 55
171 247
24 114
57 113
103 189
57 180
91 114
11 185
162 215
168 248
140 141
149 164
23 35
100 185
217 228
149 241
117 214
21 116
83 219
62 242
1 176
13 84
213 237
202 212
195 226
102 243
47 130
108 163
6 14
80 109
124 225
16 47
150 199
135 192
15 156
207 224
28 134
169 212
123 224
57 170
101 187
117 217
83 147
7 123
99 163
117 232
131 158
133 210
32 177
47 95
172 185
4 171
25 200
26 134
1 43
102 197
164 231
195 248
161 237
44 72
130 203
13 203
163 235
43 110
135 228
32 241
85 150
111 120
58 179
12 74
75 146
73 243
91 230
86 237
52 69
108 190
82 205
125 195
66 80
200 206
106 174
35 43
94 147
23 163
57 237
132 138
131 133
57 76
111 246
16 64
65 106
226 249
62 171
227 230
104 183
28 180
71 235
67 234
110 124
73 248
7 207
129 166
93 135
162 199
211 227
39 56
56 210
166 200
232 239
194 232
15 50
69 219
101 179
27 94
30 203
11 86
119 221
32 206
167 171
111 227
58 190
19 197
246 249
87 185
231 232
138 247
103 201
49 170
200 228
2 64
63 122
20 35
58 154
15 39
35 98
58 84
54 219
83 154
142 167
63 136
6 54
39 76
56 119
128 160
35 191
32 70
38 211
103 231
16 156
201 214
170 203
18 138
12 176
55 165
178 208
151 232
42 67
58 225
38 161
135 196
43 118
146 214
199 218
171 178
49 119
147 161
61 217
62 239
27 65
73 94
107 233
69 120
21 57
1 168
37 225
42 238
28 241
212 229
77 141
109 241
24 210
230 237
89 156
49 184
105 139
21 161
162 190
14 239
79 160
67 125
54 225
126 147
3 207
81 109
160 174
6 94
0 36
162 184
85 154
39 106
54 167
148 181
43 227
168 193
45 247
23 143
144 249
105 230
181 182
27 106
91 122
91 112
10 127
95 127
31 167
53 198
73 202
116 129
31 174
76 137
23 132
19 201
131 182
124 165
151 215
21 56
125 236
0 135
113 127
82 144
146 238
92 219
42 73
177 247
59 203
43 141
117 237
202 208
120 230
98 111
68 111
181 233
90 168
75 89
19 156
160 198
92 98
123 191
25 125
165 187
56 181
168 230
121 247
20 232
88 95
181 195
121 137
99 196
107 226
67 137
11 55
30 87
54 215
152 189
127 234
80 172
2 45
97 164
109 133
5 28
229 247
53 75
64 243
152 234
24 39
73 238
32 207
94 231
96 113
26 129
12 194
74 91
88 119
24 156
15 242
80 247
84 236
84 112
53 225
85 246
69 128
85 175
20 101
66 168
47 116
162 196
37 161
30 89
227 245
156 242
154 237
39 65
35 163
41 150
76 206
58 228
147 198
64 226
46 172
79 207
38 237
15 245
2 133
57 149
91 180
71 168
81 156
107 159
87 203
35 75
52 202
201 248
30 224
44 50
65 176
40 161
41 170
100 219
133 137
141 171
70 130
50 193
46 137
172 201
25 226
102 200
6 7
57 240
154 166
122 194
144 180
1 87
72 244
66 208
0 116
4 148
3 106
122 130
56 147
106 108
110 246
5 141
41 237
31 78
107 246
91 108
112 197
108 218
52 230
109 201
57 230
81 217
22 83
146 173
33 205
123 143
73 136
129 216
59 123
231 247
55 88
19 191
36 49
88 90
41 132
17 98
45 121
202 218
17 158
12 103
31 176
12 148
124 244
173 241
207 228
80 148
100 218
106 231
79 145
52 75
11 172
36 219
37 143
7 13
129 220
61 87
187 220
19 29
127 188
53 108
50 146
40 121
93 194
48 105
134 218
72 107
205 215
38 144
103 157
45 85
133 229
146 199
28 172
50 70
68 225
10 214
85 119
199 235
19 76
119 148
126 176
122 216
69 215
29 112
6 8
97 153
20 59
33 130
101 172
34 105
104 187
205 238
31 89
7 209
32 236
237 248
108 202
138 169
162 248
58 181
34 214
40 206
167 247
186 241
30 231
38 40
127 171
190 203
53 222
130 223
47 212
1 62
34 62
96 222
12 100
17 53
44 112
95 176
194 233
154 224
185 210
13 195
9 177
88 221
77 191
33 139
6 225
75 87
120 140
177 212
8 69
117 133
140 228
91 199
84 170
146 230
68 192
63 73
18 60
147 199
17 75
112 161
22 235
33 152
204 221
29 71
118 151
1 100
171 210
36 42
169 229
212 243
23 144
41 113
130 222
116 235
204 242
208 211
238 246
134 202
10 35
11 173
235 237
24 34
27 204
105 240
49 101
87 142
111 144
72 239
167 182
14 125
130 215
167 225
165 192
5 236
21 177
57 131
77 236
47 228
87 162
81 242
101 136
94 207
154 207
83 226
21 218
50 105
236 239
107 168
6 74
13 146
20 240
95 121
101 206
40 50
109 159
94 194
195 209
50 145
9 236
117 139
155 213
153 225
227 246
144 174
123 219
165 218
16 181
175 232
158 186
91 103
29 133
78 131
26 238
100 230
13 119
20 69
44 185
14 25
40 169
10 188
103 144
107 222
130 160
1 44
85 177
133 217
107 223
87 95
73 210
59 142
6 39
79 110
27 150
24 191
3 22
77 202
112 231
25 60
145 215
54 200
13 214
162 174
99 203
63 70
64 90
108 220
75 216
153 213
65 132
200 239
145 210
159 176
189 214
26 61
78 120
16 38
3 181
67 108
124 180
27 90
9 107
111 112
95 223
64 177
45 138
48 209
17 220
206 224
0 184
12 119
222 238
77 152
10 169
43 247
24 42
150 236
34 97
7 12
44 190
71 192
132 180
197 240
5 139
124 169
4 141
112 156
19 216
163 177
92 163
63 126
76 112
157 235
56 118
48 99
41 191
97 246
7 102
176 237
226 241
170 191
0 241
75 121
2 59
34 151
28 130
26 115
37 144
136 172
44 65
179 243
61 187
48 95
173 215
40 135
114 142
41 228
13 37
44 47
41 62
90 125
36 230
60 121
116 165
46 125
85 105
50 235
127 131
38 97
16 121
156 183
135 197
133 245
118 187
8 154
130 167
136 215
147 192
34 158
129 221
115 216
123 246
161 195
66 196
30 85
38 52
18 187
115 235
172 205
33 154
109 174
15 176
60 162
196 221
100 172
140 167
40 168
54 184
31 186
19 83
139 224
61 122
45 106
11 16
78 227
93 185
6 97
107 227
132 145
62 77
97 124
112 204
110 210
46 168
122 176
48 160
16 183
195 199
125 129
29 166
35 218
13 178
12 158
162 191
36 72
38 129
0 100
149 239
138 193
80 112
19 46
198 215
78 97
90 126
161 244
13 110
25 191
103 120
45 68
106 241
174 241
1 141
5 61
118 222
141 242
16 89
59 113
1 19
92 116
14 105
78 205
131 198
160 199
151 243
19 158
68 143
34 137
95 144
88 112
128 238
29 47
49 242
151 186
17 165
41 95
24 223
133 145
76 241
86 137
10 30
154 249
166 224
11 142
4 221
7 227
10 131
148 163
27 56
81 241
88 157
225 232
94 243
23 94
136 195
87 194
154 179
13 67
156 199
125 171
45 228
5 161
36 93
18 68
68 163
112 175
58 60
50 136
146 186
91 183
23 190
20 91
29 55
142 181
52 91
30 84
35 111
144 205
24 109
187 233
33 167
64 175
109 220
27 151
186 206
56 180
124 221
112 241
15 35
50 239
133 248
107 125
90 242
12 62
89 226
76 196
185 198
41 99
80 212
121 158
45 112
82 236
119 175
134 201
190 210
36 61
143 175
20 186
100 234
189 210
8 138
49 145
89 209
80 94
145 162
14 182
133 190
2 148
175 184
63 101
179 249
121 163
99 153
39 225
29 110
220 237
69 218
2 70
164 215
16 97
206 229
229 230
8 209
15 22
109 194
82 124
210 223
52 114
14 110
36 78
95 187
1 204
24 160
61 119
32 76
243 244
20 118
75 230
18 58
66 141
53 80
19 103
16 33
55 128
9 56
70 138
22 197
199 243
25 229
223 237
148 207
150 230
151 165
61 248
83 241
16 114
94 236
128 134
41 189
179 199
190 221
126 140
17 54
17 32
11 183
14 248
200 246
33 177
42 90
130 183
125 225
32 247
63 156
25 91
117 124
43 231
41 159
109 245
139 173
81 244
44 67
49 118
79 134
54 72
9 148
80 165
164 179
49 172
141 243
49 212
92 117
26 193
41 235
135 227
66 129
58 133
34 207
61 106
113 172
46 106
88 122
225 239
44 70
196 232
33 99
38 78
112 119
103 185
13 94
119 170
190 204
103 178
42 163
19 25
88 215
165 244
39 236
19 86
139 227
116 199
69 103
58 229
73 106
83 223
98 216
15 94
205 220
161 214
120 218
104 106
110 191
227 249
168 177
21 217
98 196
181 204
104 121
18 83
19 218
36 241
108 117
87 232
144 165
35 153
8 214
176 244
73 199
117 175
102 245
200 240
23 43
7 165
127 192
128 211
181 234
88 216
3 120
24 212
29 140
134 205
52 233
162 228
144 215
21 167
38 74
16 44
175 242
78 113
44 141
144 233
35 109
95 240
21 195
81 178
30 82
96 110
61 226
234 245
22 237
3 142
50 134
210 245
134 241
26 59
150 191
107 221
83 239
54 179
100 132
84 92
79 230
122 208
8 83
112 172
169 209
132 155
0 79
191 215
81 174
15 164
38 53
98 135
7 53
65 217
139 194
124 238
40 99
100 178
221 245
52 143
158 170
84 217
79 163
98 235
196 201
104 230
21 122
148 197
92 242
33 195
185 190
110 159
25 46
39 144
92 112
192 233
65 136
12 170
53 229
167 218
65 163
57 206
102 216
48 66
194 215
85 176
38 109
154 177
155 188
102 208
20 45
68 177
192 220
129 235
88 148
67 197
141 238
32 164
78 243
55 108
30 147
151 154
81 219
148 184
45 82
27 216
54 201
156 202
141 206
19 130
28 146
53 147
136 146
37 84
51 155
133 221
29 221
169 213
16 124
75 84
3 129
11 138
29 183
203 217
11 65
106 158
3 195
183 211
2 147
53 220
43 52
38 81
14 207
45 133
186 217
101 105
89 146
129 156
51 220
117 135
170 208
98 178
103 193
0 56
76 91
145 222
73 130
1 78
95 197
30 236
159 245
149 215
54 222
107 184
115 206
35 213
60 80
156 213
52 135
93 208
23 155
168 245
218 220
0 231
65 226
12 66
43 234
88 193
80 184
153 244
127 161
157 169
42 192
80 102
123 160
75 232
57 91
8 233
135 245
75 179
48 81
126 157
206 243
188 219
120 197
62 241
91 166
45 51
63 247
72 168
46 111
131 231
117 120
59 148
95 157
37 83
100 243
76 140
49 65
87 158
30 213
15 74
173 178
78 96
79 208
5 180
196 233
125 196
72 144
103 181
155 204
27 83
34 234
102 198
28 166
41 202
50 191
1 18
178 181
158 211
105 124
228 230
139 237
34 166
128 172
110 157
14 64
105 181
25 146
63 68
183 196
69 178
0 59
20 106
10 82
125 240
14 162
32 150
177 244
159 191
116 160
1 201
50 68
135 240
194 228
84 240
1 214
18 191
93 181
58 71
73 156
84 187
97 200
54 236
26 56
39 197
186 187
118 177
122 184
30 140
226 228
51 149
80 222
59 119
9 158
36 123
62 94
31 133
9 239
160 196
47 226
108 167
40 145
84 111
135 233
14 215
57 176
108 185
73 231
19 136
5 115
104 247
17 194
22 179
64 232
61 219
67 183
152 196
62 123
161 203
142 234
74 222
7 181
112 220
16 198
96 244
38 173
12 20
74 143
76 189
20 92
34 125
6 101
33 87
12 248
88 98
15 243
71 102
41 196
66 247
60 159
195 197
86 207
69 229
31 111
154 157
32 203
128 133
94 247
35 228
96 221
19 50
162 242
71 95
18 241
100 189
72 131
50 229
35 105
76 113
166 247
56 113
34 96
148 192
50 108
34 63
128 198
46 135
90 166
190 228
106 152
8 174
61 233
97 114
132 239
45 196
42 245
182 245
147 150
28 148
126 156
24 198
191 224
47 81
107 127
20 21
10 59
5 6
1 157
89 99
83 246
91 111
217 246
120 194
14 242
82 217
23 239
43 180
113 239
119 155
63 97
99 222
4 71
188 190
51 166
99 171
111 193
37 196
128 228
112 162
95 237
3 127
132 218
66 87
101 162
17 207
205 233
147 153
51 86
37 70
10 230
60 229
85 222
32 78
65 164
34 46
155 202
131 215
112 137
15 59
2 238
92 232
100 173
90 145
117 218
0 175
47 240
94 164
126 219
78 80
124 228
47 89
175 211
54 98
140 171
9 142
159 203
9 226
121 126
91 127
48 138
65 219
198 232
34 164
26 158
142 176
100 104
54 241
189 235
17 212
50 246
2 83
174 192
93 231
165 200
158 249
56 202
52 203
12 156
67 160
0 88
131 235
179 197
31 246
41 181
74 134
42 215
74 113
234 238
91 159
204 226
191 209
70 189
209 239
0 206
122 181
179 247
59 106
25 180
24 111
119 168
64 149
166 240
222 223
94 199
35 176
158 218
208 220
176 181
25 241
85 212
8 68
135 246
123 248
18 98
242 247
10 83
158 238
184 233
159 210
71 220
29 229
38 190
89 218
34 243
18 103
90 203
188 240
84 221
26 94
25 210
68 245
163 186
2 209
30 154
0 83
64 204
46 71
61 222
193 234
22 145
100 239
48 165
67 110
185 244
76 157
11 128
95 168
84 230
49 185
177 231
178 223
73 90
19 241
86 90
30 101
94 95
67 171
104 143
58 116
78 123
63 103
163 214
38 118
46 219
19 88
18 194
21 34
105 123
70 85
27 74
133 228
101 245
58 211
22 95
95 208
115 141
85 206
46 107
3 240
8 82
4 55
93 129
72 133
114 128
25 178
82 186
6 60
101 177
120 144
94 149
106 199
136 177
62 224
95 154
29 227
32 162
34 108
14 167
32 230
57 148
10 84
117 118
11 17
0 234
20 95
240 248
5 125
11 132
113 146
30 145
178 229
54 239
115 194
6 112
112 125
81 175
98 190
38 111
38 145
165 197
188 236
111 163
45 148
125 155
183 209
48 115
5 121
160 220
140 145
35 192
2 189
176 199
104 162
120 239
18 247
44 164
1 51
40 184
7 11
16 84
79 236
132 219
73 121
47 173
61 216
101 186
1 221
35 147
136 138
28 199
62 175
9 137
117 180
19 106
46 48
30 225
68 124
37 184
35 36
138 223
7 110
137 245
86 249
125 174
35 79
130 141
39 202
48 69
30 94
124 154
49 192
17 197
39 204
128 177
200 229
13 75
14 153
40 88
43 182
100 221
1 97
127 143
95 119
109 134
76 178
11 227
50 195
73 182
132 227
59 159
209 249
154 200
132 171
22 49
146 205
23 200
126 220
10 70
79 100
90 188
78 235
10 141
161 220
65 244
155 165
155 175
28 76
159 179
200 216
193 237
125 166
17 215
191 208
31 123
20 196
29 97
22 201
33 112
63 233
161 249
67 82
5 233
59 195
24 41
64 84
85 92
39 116
59 67
62 96
8 235
30 132
39 245
22 165
16 58
48 183
0 35
130 142
189 228
4 66
3 62
198 203
15 119
33 114
122 214
96 121
4 160
169 193
34 103
38 69
152 175
134 171
109 176
86 94
97 163
68 102
30 68
101 244
191 222
193 195
136 234
115 120
142 189
78 110
54 218
156 208
148 173
55 245
9 188
63 219
18 65
8 239
66 76
181 247
196 237
136 186
116 231
98 109
169 215
164 174
62 75
199 232
138 160
75 93
171 209
92 126
10 234
140 206
73 178
54 194
44 145
31 64
36 139
196 235
106 122
215 225
181 184
24 238
61 132
48 208
32 84
128 207
12 175
113 159
70 128
57 160
125 208
99 144
97 167
7 54
217 223
33 241
15 83
103 149
19 84
106 133
9 71
42 79
63 200
65 212
42 222
22 117
86 244
89 161
35 143
9 168
160 213
42 80
95 248
216 230
82 188
91 99
22 62
57 189
126 132
83 148
77 101
86 190
90 121
111 185
148 232
21 25
218 229
23 61
101 135
150 213
24 129
39 127
65 105
148 171
3 124
78 191
64 168
101 165
29 147
0 152
24 81
149 222
8 142
95 106
6 144
23 59
132 186
62 197
42 85
96 147
23 191
106 194
76 125
105 227
130 228
160 201
29 154
209 238
58 96
97 229
124 138
40 150
79 166
37 95
143 171
120 143
1 23
154 184
14 244
35 219
91 94
43 194
98 182
25 223
65 70
2 225
172 231
39 124
182 195
197 244
57 126
1 64
117 162
58 198
87 149
137 144
71 187
22 183
208 221
97 143
24 72
5 247
42 130
71 226
129 239
45 219
103 210
19 149
15 105
28 139
133 147
21 157
18 72
14 169
55 246
53 223
30 108
146 153
208 249
19 108
108 213
34 99
89 242
156 216
42 237
165 216
108 180
15 135
28 198
1 244
102 103
107 133
60 216
23 119
229 244
62 151
35 168
130 143
98 117
11 127
5 65
169 230
210 216
20 67
99 182
135 205
19 202
75 144
123 171
158 226
89 208
40 154
75 165
19 243
22 249
14 232
67 136
69 139
21 223
47 53
119 217
46 136
129 225
4 33
15 182
34 50
136 175
41 157
55 177
74 161
51 98
47 222
116 209
19 114
112 234
184 231
82 120
111 197
188 246
65 120
149 201
74 147
83 245
218 245
66 69
116 148
107 140
85 159
74 197
8 143
31 115
90 142
130 165
230 240
1 241
0 181
121 167
1 41
9 116
37 98
177 246
68 153
38 223
81 190
63 105
155 212
65 187
119 147
64 65
92 106
60 167
15 217
97 247
102 113
69 167
91 246
200 231
192 219
12 50
125 215
117 189
55 120
4 17
26 172
184 220
98 132
71 229
184 197
114 183
24 105
110 158
77 194
122 163
70 123
112 198
168 176
50 102
126 173
73 131
65 209
149 191
49 223
73 183
150 181
19 143
65 128
143 240
14 188
34 241
93 216
92 187
118 170
77 165
204 235
206 217
139 180
142 238
145 221
21 114
31 57
45 242
98 233
64 182
119 178
26 39
127 225
83 220
8 39
30 182
50 77
217 241
199 249
43 151
146 249
26 78
56 165
49 174
89 204
32 53
68 136
76 104
27 143
57 116
152 161
128 194
144 246
147 229
39 126
66 146
56 163
106 224
31 190
47 243
19 231
8 43
11 162
78 155
100 242
207 238
96 186
135 164
53 133
73 149
28 31
59 89
78 184
45 224
165 243
173 190
7 201
90 97
106 169
180 228
16 154
51 181
106 195
75 200
137 141
75 210
112 240
55 154
15 63
106 207
12 63
25 102
135 230
121 201
52 122
104 170
10 157
214 226
44 76
100 216
82 84
27 190
67 205
117 172
43 159
134 170
126 198
54 208
33 49
82 208
133 172
160 178
101 126
62 247
2 223
126 178
108 171
77 118
2 141
9 201
82 193
103 223
82 183
144 202
191 249
79 221
22 39
180 218
5 52
164 192
3 54
163 224
19 247
35 198
42 151
30 230
13 53
21 238
182 197
57 202
89 116
53 192
2 153
99 212
106 205
141 231
156 172
124 203
137 238
6 110
35 129
200 232
7 163
185 249
14 88
96 193
160 167
42 125
24 115
41 106
129 230
102 219
5 181
89 98
126 241
97 100
30 37
115 228
82 134
125 138
10 105
1 26
77 209
169 206
15 189
10 28
52 117
150 185
137 215
45 71
35 239
48 249
140 151
127 218
47 110
62 156
131 218
13 186
88 189
140 188
42 137
31 53
172 203
30 165
133 215
11 57
219 221
20 233
105 238
42 114
1 203
52 83
79 223
8 57
82 166
48 211
168 247
58 232
217 236
205 243
13 41
103 154
40 105
123 209
9 38
97 249
52 209
