300 5000
119
27
66
41
48
53
99
68
88
119
67
117
108
38
71
34
80
98
65
81
74
47
69
99
54
82
58
61
51
30
110
51
90
108
72
118
42
103
118
110
103
66
59
43
36
62
57
48
40
102
61
46
81
111
25
115
73
63
109
105
26
51
36
96
40
40
94
62
24
93
104
59
91
95
82
59
37
71
40
110
54
81
36
115
24
42
63
30
37
52
115
43
83
83
119
103
55
46
97
59
71
33
50
94
108
64
85
26
116
105
116
50
119
84
97
75
106
92
85
24
24
32
99
88
95
99
23
83
25
53
22
28
66
105
102
55
49
67
61
45
105
109
27
56
73
57
111
112
29
77
68
34
41
47
54
69
78
57
32
35
42
86
43
89
71
25
24
101
25
117
26
62
58
86
98
63
23
89
55
32
98
103
46
20
83
80
69
41
70
81
57
92
47
32
113
99
90
117
32
95
66
38
89
104
104
67
48
107
88
35
72
67
71
98
67
34
111
68
107
113
29
96
37
108
109
31
39
31
80
51
58
27
22
27
63
58
74
43
98
42
59
50
41
62
28
40
76
71
88
115
116
49
92
34
38
33
97
57
96
57
41
34
116
43
41
112
81
47
35
111
21
26
41
43
68
102
63
76
53
84
72
50
113
96
116
31
61
93
21
37
82
42
103
31
117
76
23
30
55
90
42 71
43 281
224 226
7 153
77 255
256 285
216 243
0 149
50 104
13 264
64 107
103 222
100 200
44 61
249 297
72 121
43 115
102 270
91 255
29 98
66 84
28 54
204 282
80 84
8 45
98 124
20 204
5 227
23 273
22 118
25 190
68 143
57 297
90 201
5 119
89 299
54 186
169 220
10 250
5 70
155 295
194 251
174 175
148 256
127 249
171 274
66 69
95 127
64 185
28 121
57 79
210 295
80 185
195 215
30 272
17 77
127 264
3 80
37 138
139 203
126 216
166 285
193 261
9 112
192 198
130 255
40 272
209 250
172 218
157 254
174 190
70 83
138 164
28 73
28 253
168 169
34 155
100 154
19 47
109 245
263 291
253 287
83 255
197 256
54 225
116 210
46 228
119 238
63 210
147 215
15 91
84 246
101 290
46 148
9 207
25 146
151 198
12 282
106 209
32 290
252 263
200 244
138 298
63 260
201 262
44 175
11 30
131 291
2 89
32 63
49 178
88 299
29 101
33 187
10 23
26 271
28 171
22 78
61 137
14 39
99 214
59 129
102 278
261 280
45 243
43 292
132 223
4 292
25 233
243 295
101 215
73 129
95 138
207 252
232 298
84 266
77 265
213 243
226 231
175 223
18 271
219 246
150 263
2 135
41 246
183 194
213 256
51 75
104 282
3 36
22 33
172 298
86 151
83 241
64 216
10 36
234 281
34 137
37 297
24 38
35 207
248 284
59 164
51 268
93 107
56 126
129 229
32 124
67 117
167 183
85 177
20 219
6 211
208 209
95 233
130 298
141 282
57 78
41 129
77 134
185 236
13 117
137 166
202 285
7 69
92 169
140 299
164 210
125 146
170 241
59 168
71 252
201 202
61 295
83 138
19 129
75 142
189 242
32 91
91 227
148 160
211 235
152 289
121 135
43 277
88 129
211 252
40 165
101 154
160 237
42 291
8 67
197 236
9 20
40 288
111 253
99 137
164 178
38 251
13 280
81 194
45 69
147 161
53 210
15 123
6 42
50 165
73 101
0 134
92 122
175 285
45 64
84 210
87 242
0 7
68 81
137 202
101 126
50 89
65 154
196 212
72 77
197 298
230 298
84 104
11 143
90 188
75 226
69 150
14 150
76 82
30 284
110 271
21 131
37 251
87 163
211 285
36 292
108 275
86 192
79 229
221 255
30 118
20 148
99 162
171 228
155 296
258 267
17 142
269 288
75 231
184 269
38 229
5 147
91 256
35 91
21 47
9 191
129 157
211 229
71 134
67 157
167 289
34 59
9 74
80 293
16 202
240 262
245 267
87 253
58 231
131 289
50 278
22 159
259 286
30 88
120 297
149 162
217 235
221 278
1 9
211 271
69 233
15 152
252 291
63 268
9 222
194 252
111 269
70 112
252 255
127 152
1 2
219 289
236 262
15 221
85 209
113 154
107 152
105 120
79 222
116 182
45 84
137 248
92 116
20 200
254 272
22 261
10 173
123 224
60 291
44 270
76 250
135 228
109 292
31 101
35 124
148 208
37 80
156 248
108 130
154 269
115 291
40 115
53 91
114 163
83 259
136 211
210 271
19 140
16 241
51 140
251 276
100 108
8 288
57 170
26 116
76 283
69 192
24 122
35 187
170 288
124 147
82 109
148 274
180 216
215 283
56 243
156 286
51 275
108 164
32 197
134 274
16 203
92 218
5 78
66 279
178 228
10 243
39 143
220 284
111 251
167 203
190 194
75 297
217 291
106 166
75 292
143 192
110 248
26 235
168 267
96 144
139 197
158 237
34 194
145 157
112 145
12 91
54 139
88 271
182 246
10 138
30 239
153 187
141 193
113 265
108 109
5 209
1 119
35 294
13 203
158 181
16 245
1 70
85 89
19 94
36 232
27 29
14 235
214 259
76 231
124 236
33 40
93 293
204 288
129 217
10 191
127 259
128 255
30 92
176 218
6 112
108 193
33 174
180 299
186 256
10 230
22 244
96 238
0 116
226 245
169 218
7 45
181 262
211 226
55 144
87 219
202 247
164 235
45 173
111 286
53 268
122 298
270 290
158 236
214 270
155 240
135 162
16 38
177 264
279 284
118 160
62 255
117 119
49 291
35 216
154 270
3 28
45 268
256 298
21 256
163 222
13 57
51 78
126 255
67 105
239 279
246 276
65 93
136 142
229 282
4 291
19 284
82 272
70 280
38 91
202 253
11 104
31 208
137 286
27 295
7 277
271 275
100 116
41 295
75 253
224 296
131 209
67 103
43 137
81 135
37 280
100 118
45 290
104 124
134 285
8 183
109 284
124 202
31 129
29 255
125 160
216 245
15 259
134 150
92 115
179 239
92 252
49 297
82 153
67 225
109 287
127 149
145 251
103 176
133 185
10 131
45 100
113 255
59 90
15 204
255 257
83 209
47 80
10 181
233 235
248 273
44 75
174 241
29 78
117 211
1 214
12 222
101 229
125 212
116 276
147 251
194 237
83 299
69 75
75 235
31 94
202 268
33 273
49 142
244 264
143 218
276 296
101 148
209 219
77 293
141 248
29 185
87 112
163 237
224 233
27 290
245 255
280 295
45 278
175 222
18 61
89 193
15 41
190 276
235 260
105 208
76 134
146 164
79 232
12 14
7 14
47 292
104 222
217 267
160 292
6 59
248 253
35 265
141 184
226 260
27 72
78 176
207 255
63 266
25 75
91 280
79 134
136 291
53 155
98 208
67 267
20 157
151 285
138 263
164 165
35 40
294 296
111 296
73 260
186 293
72 216
115 178
76 259
26 276
43 185
10 98
130 136
214 268
78 99
186 187
170 234
166 181
45 194
283 291
187 260
11 55
64 223
24 241
269 299
42 102
201 207
37 104
18 37
58 188
96 296
19 75
230 257
27 185
151 229
10 90
117 189
153 253
40 95
29 39
116 132
23 133
85 238
113 174
171 256
62 105
138 219
124 149
61 147
50 176
42 238
140 231
107 293
148 237
18 140
239 257
73 150
280 287
63 93
71 161
16 276
228 235
52 114
13 136
64 166
2 255
162 244
181 248
10 141
1 251
98 102
126 130
141 189
55 276
13 44
31 241
32 145
46 168
210 212
273 285
39 172
116 228
201 228
49 263
1 69
219 265
91 155
48 102
33 130
46 103
134 174
206 287
31 33
127 241
164 297
222 266
203 246
90 105
192 227
48 68
85 193
100 268
122 229
148 262
4 252
60 178
47 138
137 170
16 133
163 182
130 180
83 104
76 195
3 240
61 139
72 146
75 184
89 198
88 149
128 279
249 265
82 149
12 281
161 264
121 194
23 297
68 237
78 207
182 298
197 291
6 227
24 252
63 114
202 204
15 31
183 264
84 296
30 98
96 115
43 243
236 240
56 66
144 178
228 263
6 27
33 125
150 285
48 286
16 240
31 252
187 271
20 48
198 271
50 68
13 293
1 111
229 234
57 164
72 73
100 144
130 270
115 186
172 224
216 240
164 168
23 188
56 71
27 208
258 270
35 147
3 10
37 289
146 239
65 153
271 298
101 217
20 103
244 269
79 185
184 244
105 207
132 161
31 40
53 241
50 140
53 88
177 203
95 142
24 248
47 259
177 298
70 200
169 280
14 112
54 198
56 160
158 240
73 241
32 66
134 294
82 207
162 239
34 260
36 56
16 35
33 83
35 193
104 225
170 205
11 37
121 145
171 279
137 297
220 221
63 214
22 55
48 295
8 236
81 293
96 116
9 231
202 254
6 267
172 179
228 269
49 183
107 114
4 28
0 156
225 271
266 281
15 46
28 282
75 109
224 275
36 226
128 155
122 290
170 186
46 114
191 282
5 164
89 244
61 297
287 297
15 268
14 268
48 82
158 297
24 157
134 135
61 289
15 103
164 201
210 273
68 216
244 284
85 274
35 280
82 277
22 51
117 127
90 166
37 248
171 243
4 83
151 213
77 107
52 133
101 284
75 208
69 189
111 204
133 218
255 263
124 176
143 266
180 291
214 234
17 290
149 201
5 94
34 185
136 230
138 221
43 211
22 79
247 298
156 254
13 84
78 156
50 121
17 37
55 141
97 119
72 210
56 299
33 77
59 241
163 221
133 198
206 277
205 207
27 115
41 159
199 237
2 249
59 286
19 166
138 179
16 141
15 210
39 197
48 139
99 270
49 54
12 155
62 78
106 217
128 178
77 199
65 148
131 176
150 187
66 95
40 111
2 208
126 157
42 226
193 296
102 196
51 294
72 166
135 166
44 230
129 263
81 173
5 278
165 257
104 207
248 283
215 243
2 41
44 101
149 268
216 289
4 283
20 170
108 186
6 38
21 282
168 207
102 198
112 264
63 172
98 216
132 172
42 174
195 225
193 271
12 44
48 162
48 182
156 271
29 120
102 246
50 114
9 153
12 26
127 265
181 198
122 226
20 65
291 296
19 215
11 236
32 98
80 112
32 83
152 236
112 182
6 162
16 49
67 113
32 94
241 292
219 266
31 114
74 154
11 182
165 214
109 277
194 294
112 282
46 276
53 216
17 191
121 258
131 215
43 124
9 259
43 125
92 282
167 287
136 221
53 230
91 135
83 181
195 285
32 215
172 184
63 137
201 258
73 84
116 225
184 208
3 177
22 61
48 285
173 189
171 270
157 279
62 262
91 248
9 58
32 181
169 242
196 296
70 179
104 280
238 241
40 116
101 244
138 282
79 201
155 223
134 250
133 264
196 224
206 212
244 282
139 277
113 188
44 173
10 205
148 248
198 240
116 195
93 254
47 177
32 85
87 270
155 219
52 167
16 79
114 125
17 261
126 143
68 205
171 215
25 71
163 224
64 280
119 157
124 204
132 227
51 263
67 82
214 271
84 96
45 80
113 275
70 223
43 94
68 285
201 218
44 282
215 233
191 271
96 263
96 147
75 111
199 209
170 178
175 262
7 267
59 132
282 283
25 255
129 292
47 146
193 242
29 178
158 221
173 202
49 69
196 269
169 212
143 157
33 91
110 157
40 217
23 243
198 252
81 100
242 298
181 188
241 262
66 151
20 235
4 24
46 70
252 282
110 267
58 177
35 143
169 235
164 252
256 258
111 114
56 89
109 270
102 244
11 285
220 253
31 278
153 225
24 229
43 188
39 65
101 234
100 270
104 170
180 186
0 112
202 291
57 153
1 224
209 255
64 209
130 148
107 239
15 53
88 241
58 128
59 159
62 211
182 284
16 68
165 180
121 208
82 178
59 113
69 231
20 296
30 150
9 249
98 284
94 191
2 278
92 253
187 213
77 281
8 294
162 181
254 296
59 68
55 290
76 137
38 219
234 278
40 188
184 224
127 138
18 168
23 129
94 260
37 263
23 76
83 238
38 204
234 263
42 106
5 295
96 118
148 214
30 154
188 266
78 145
148 246
26 171
121 207
186 296
197 209
132 187
113 170
128 173
215 276
23 186
85 282
234 237
64 91
83 122
201 221
69 228
199 255
158 292
128 179
77 207
39 140
254 264
189 209
134 237
20 105
12 190
54 249
119 124
92 299
13 202
182 252
134 151
178 189
10 17
57 269
146 198
8 162
204 269
52 90
157 206
163 270
99 217
219 276
63 88
275 290
128 227
14 225
114 130
184 192
161 250
30 200
169 193
138 156
246 297
96 154
66 161
5 79
37 281
152 167
210 256
235 280
135 294
1 66
187 258
185 189
120 216
41 141
49 161
158 232
69 147
236 288
51 207
59 141
117 121
4 295
113 168
6 107
71 191
243 296
159 189
72 285
217 238
230 285
46 297
196 246
116 234
185 219
26 142
16 67
74 190
174 262
17 222
177 205
163 242
101 249
211 232
139 209
85 278
146 157
72 94
117 266
120 148
29 72
97 225
116 139
66 171
130 189
40 87
118 204
30 119
57 241
51 248
82 202
34 112
158 280
150 206
79 176
205 298
151 275
3 42
143 174
108 273
63 149
113 233
105 195
53 162
156 188
111 143
197 290
255 271
55 213
121 231
44 171
188 195
191 198
42 290
66 98
67 181
104 167
75 220
16 19
128 130
119 159
79 114
134 142
15 79
117 124
57 186
71 136
61 249
67 178
212 298
0 211
167 178
6 68
22 87
216 269
87 233
48 99
178 244
54 103
160 182
18 126
109 187
228 249
99 247
63 229
96 177
183 236
257 270
204 239
190 291
39 289
220 273
216 220
128 274
150 288
100 168
40 150
78 117
116 191
6 7
156 294
189 229
92 159
48 187
129 150
39 241
11 171
91 266
94 279
65 129
83 218
285 297
167 258
63 201
35 123
29 208
97 279
123 259
9 146
171 211
27 262
153 198
119 273
252 289
107 214
49 81
25 130
34 35
49 149
85 236
196 272
3 114
125 294
55 178
23 101
51 266
63 119
36 249
40 291
150 205
6 173
4 175
40 262
105 241
190 250
147 214
182 193
200 248
1 206
9 214
65 86
153 258
1 77
194 282
67 151
40 78
80 123
40 281
21 43
171 287
190 280
9 83
209 215
31 173
210 297
27 182
83 192
160 181
127 194
97 194
194 234
70 228
14 20
51 88
63 274
127 253
7 188
88 222
149 171
95 112
169 277
139 252
20 221
113 115
7 147
94 265
193 294
60 216
19 213
200 277
28 45
52 282
71 268
26 118
173 242
163 230
72 116
142 281
41 239
40 256
34 187
103 149
95 115
47 174
92 220
75 126
96 272
51 197
192 266
107 127
17 223
211 251
242 256
49 253
140 199
48 83
230 296
170 215
59 278
135 253
218 219
79 142
115 187
185 269
162 220
96 119
101 163
114 168
3 294
42 214
130 286
212 264
55 189
75 121
75 222
192 211
290 294
34 162
56 229
47 92
28 195
211 243
49 131
57 95
134 272
137 172
101 102
10 208
119 182
82 85
74 131
109 124
54 293
92 217
146 245
40 109
89 189
292 298
178 184
73 270
51 124
174 239
83 168
249 287
34 265
40 121
166 245
201 211
170 299
4 197
44 115
56 58
50 185
55 121
32 194
68 254
122 271
203 221
161 221
7 282
13 225
266 279
31 137
136 193
228 251
60 174
89 167
47 122
241 244
154 198
61 178
72 265
158 186
199 267
136 299
25 165
30 53
4 259
116 297
139 185
232 283
168 173
230 286
3 98
249 251
189 288
8 159
140 295
7 57
37 72
42 110
47 167
53 97
283 290
19 288
1 222
147 299
221 281
19 134
36 137
77 268
27 128
137 219
144 175
0 277
139 233
6 148
42 181
138 169
113 223
164 260
144 145
11 184
63 64
148 282
44 292
11 292
29 151
61 86
209 286
243 251
164 177
116 290
87 280
2 284
126 149
60 148
84 185
71 248
149 271
15 294
44 185
23 197
105 106
10 100
110 187
226 265
104 229
207 231
85 88
80 288
17 197
20 73
265 274
0 291
6 167
46 52
50 243
75 207
101 137
60 211
76 77
5 190
149 181
22 237
69 286
62 183
87 135
104 203
161 246
28 104
150 252
54 80
145 208
13 247
73 97
174 210
100 150
84 231
1 220
106 287
168 290
129 222
56 125
217 285
123 142
75 246
78 292
181 190
38 195
136 137
47 268
10 119
200 241
201 255
61 162
204 241
163 281
41 70
5 212
257 292
135 173
174 199
36 68
10 37
72 135
87 208
65 163
279 289
276 282
9 183
20 145
99 238
91 158
55 103
95 215
50 64
20 263
89 276
38 51
178 187
110 138
176 274
1 15
29 155
91 297
111 137
133 254
288 295
126 135
13 208
41 142
193 297
80 227
132 190
65 159
118 226
26 147
117 276
171 185
75 280
56 235
70 97
33 297
175 284
98 192
69 139
241 263
168 271
147 162
6 285
32 103
58 285
250 261
175 188
156 184
263 292
33 143
89 192
118 126
67 268
18 137
12 160
131 152
51 180
45 166
78 110
21 95
136 272
56 64
123 220
115 284
126 208
7 79
126 252
22 99
34 219
143 267
188 271
81 185
206 266
230 284
90 219
139 276
12 265
6 226
65 138
57 90
156 191
165 259
168 251
11 178
155 251
34 218
73 292
246 292
135 274
152 183
189 287
78 125
187 254
197 268
96 185
16 208
87 136
27 107
40 278
75 262
76 248
21 37
36 69
65 256
10 248
108 297
189 239
175 195
126 195
145 274
53 80
216 290
75 233
38 100
48 60
97 114
122 235
133 239
191 196
52 240
129 193
120 291
77 169
15 222
95 144
27 186
64 220
191 256
56 153
213 229
96 156
30 62
83 196
27 270
92 210
37 79
91 122
168 210
225 291
142 187
73 170
74 189
82 90
80 295
62 190
46 260
22 210
129 293
20 114
61 151
152 204
114 273
17 73
91 215
164 204
30 137
105 227
112 186
2 274
234 248
101 158
9 282
31 203
81 276
194 198
127 154
46 153
171 268
111 170
74 139
28 276
105 133
256 269
19 230
19 24
177 217
229 278
133 159
61 292
109 259
186 288
113 284
133 141
11 156
47 245
25 86
158 279
212 230
179 249
165 179
64 218
16 225
202 230
95 213
55 239
147 281
118 278
194 256
3 217
161 199
164 249
91 211
93 152
18 90
24 299
42 88
13 251
65 278
4 47
28 85
151 204
6 97
61 160
15 112
222 264
28 66
180 227
69 211
235 250
45 68
75 89
140 156
41 273
118 140
204 278
168 181
160 226
72 279
39 46
236 261
62 264
79 289
58 199
178 277
52 244
152 267
60 192
11 126
156 200
120 267
89 179
98 120
137 251
166 188
151 280
204 230
101 269
79 273
1 250
9 297
3 29
28 89
10 42
236 277
25 162
156 261
146 160
64 150
1 100
4 45
66 284
9 158
159 198
207 259
14 208
110 236
26 262
24 190
68 126
2 282
204 210
102 295
122 146
166 222
199 263
183 227
30 85
192 228
204 296
187 204
124 218
67 232
202 257
22 257
11 136
4 40
0 273
96 194
112 198
18 97
76 297
33 158
134 225
130 138
77 181
87 152
154 201
84 155
93 163
177 299
156 234
91 130
37 286
184 226
150 296
33 278
66 294
180 188
44 78
11 225
150 155
77 109
56 214
264 271
7 142
216 271
76 114
46 62
24 204
106 298
31 72
84 118
24 150
194 299
62 102
9 171
212 249
20 118
83 163
222 291
14 277
53 190
181 236
85 167
12 217
85 191
0 27
150 255
51 254
96 205
16 268
214 280
33 217
0 132
168 292
106 145
58 297
239 250
169 285
24 50
86 215
86 187
142 242
289 293
85 149
217 250
53 165
22 198
206 250
170 294
15 65
53 114
17 292
99 186
17 201
272 284
88 110
227 283
99 272
132 185
101 223
140 290
13 299
142 250
12 219
36 244
79 297
96 150
42 250
59 282
6 203
22 116
27 216
211 295
153 270
12 143
64 162
4 156
14 128
10 68
147 164
15 60
17 277
213 220
8 35
151 264
31 43
78 119
19 48
24 83
149 266
34 204
121 211
233 271
136 228
125 205
38 257
177 292
47 194
78 143
15 237
156 244
39 256
207 263
98 218
236 284
188 247
158 270
9 255
182 197
7 183
140 154
32 46
93 184
79 226
215 223
94 131
134 159
139 174
57 93
77 272
271 293
15 18
79 130
12 270
205 277
71 183
97 117
215 281
193 262
60 237
109 207
20 68
93 207
186 195
16 167
9 16
34 139
21 76
98 113
85 142
55 156
26 152
26 293
185 288
239 246
100 278
46 205
120 298
6 67
22 236
235 252
84 126
212 286
100 199
63 284
118 242
20 192
218 271
14 156
5 259
154 237
59 105
35 225
41 109
46 293
116 280
252 298
158 285
57 216
137 279
93 131
37 98
121 152
218 256
29 215
184 223
80 204
239 295
57 105
33 102
201 203
134 201
205 292
121 238
75 101
153 246
251 259
111 284
72 292
81 153
56 207
37 163
85 136
102 245
187 242
48 145
88 182
45 46
37 227
28 167
20 164
27 123
11 23
147 286
3 67
0 262
90 175
63 177
175 279
9 117
57 219
14 59
112 291
105 218
149 272
14 299
26 44
119 137
89 124
144 266
18 243
119 158
35 108
35 182
66 243
204 285
0 218
45 292
31 150
180 262
174 261
246 270
39 136
141 180
159 260
24 255
177 234
38 126
21 61
73 88
4 278
5 125
222 248
49 279
11 124
50 212
25 158
64 72
46 213
6 245
21 72
2 14
8 140
29 40
165 201
169 206
47 195
144 263
12 269
94 123
35 75
100 196
246 269
217 292
182 214
7 51
117 235
9 101
25 211
18 246
169 214
184 293
58 263
23 109
5 269
176 267
26 145
11 209
59 114
46 268
29 231
42 241
200 204
65 73
9 172
74 257
106 183
127 280
208 240
94 267
53 157
112 228
248 272
159 255
253 277
196 211
72 152
277 278
248 286
22 150
8 243
224 257
135 198
184 229
50 111
145 261
66 174
15 214
85 286
167 196
145 176
124 174
77 131
75 147
85 156
51 221
54 235
23 202
41 173
220 276
65 204
271 289
38 76
205 242
25 118
102 199
234 243
28 142
61 166
164 298
87 105
41 151
77 128
101 135
39 53
42 218
62 210
100 298
241 286
11 58
59 160
54 263
146 291
207 248
157 247
123 296
104 275
90 232
52 225
85 157
4 16
131 251
214 250
200 283
41 243
54 264
202 227
48 161
109 218
8 128
56 183
176 212
158 266
197 210
243 282
12 119
71 286
143 252
73 126
96 122
222 283
66 93
166 201
71 114
24 89
11 287
33 45
45 158
84 229
36 240
54 118
122 241
38 162
212 245
258 280
25 135
125 169
79 219
35 42
112 245
8 132
151 217
9 53
137 262
254 291
45 226
72 219
111 220
82 165
23 40
75 117
154 167
99 131
263 279
107 130
180 212
192 194
102 183
28 200
273 280
200 247
29 136
15 122
122 239
90 254
28 296
121 160
95 101
175 254
108 283
175 218
2 20
110 255
48 91
48 228
116 291
77 161
27 251
176 201
18 191
29 66
131 161
7 182
165 167
85 115
93 169
106 203
124 206
46 104
84 220
0 251
35 179
253 278
161 197
250 263
81 190
72 176
88 95
255 289
134 232
90 177
1 90
136 297
3 158
130 226
87 229
175 182
108 136
103 297
72 239
185 248
25 63
95 104
28 33
210 239
81 118
167 263
121 269
171 248
4 258
177 186
185 286
39 74
43 123
116 142
62 79
116 177
157 212
190 282
273 292
152 162
54 115
23 30
201 289
45 271
97 231
58 187
136 282
30 181
98 244
162 267
19 121
155 231
223 261
113 128
85 234
115 280
10 21
33 68
66 280
50 234
129 173
108 265
156 289
6 47
209 285
159 273
204 280
14 241
179 195
17 106
129 139
132 191
160 253
225 279
29 114
85 189
131 241
230 299
192 216
127 273
172 229
141 166
88 109
24 126
10 161
24 263
55 138
0 102
114 136
77 187
180 297
7 228
179 275
120 204
102 292
134 296
210 243
84 235
54 69
98 131
174 216
95 106
117 208
147 262
194 259
27 202
239 259
59 229
32 163
104 297
14 80
164 292
1 61
100 219
187 193
26 40
177 201
72 101
181 213
140 255
55 264
39 68
105 119
97 134
36 136
7 211
156 288
66 194
196 291
74 135
4 245
89 99
2 76
32 154
206 224
109 170
201 279
84 290
72 125
108 182
13 145
53 115
119 249
53 246
50 84
225 250
26 201
227 233
41 157
108 189
99 294
25 67
259 276
175 289
43 104
42 105
156 213
54 261
159 191
64 109
116 265
96 187
119 251
160 282
90 213
49 207
75 241
217 274
34 202
191 258
0 297
153 296
103 214
125 167
231 294
162 235
174 196
199 258
292 294
60 207
109 135
76 166
193 236
23 46
4 95
144 214
5 262
49 271
65 216
111 148
135 147
96 274
10 232
56 295
107 277
181 217
205 240
74 286
221 280
194 291
48 65
115 209
71 274
83 219
86 231
55 60
79 117
44 74
73 173
182 240
151 185
121 178
108 248
89 164
207 221
35 287
7 244
130 154
237 271
50 57
157 220
169 299
26 265
126 199
39 60
191 276
12 211
71 154
12 71
160 234
30 248
38 273
179 192
163 168
168 270
89 272
179 193
140 205
211 266
156 250
26 47
226 289
112 133
61 124
256 273
110 286
83 221
245 262
29 131
54 267
199 272
112 299
104 210
13 79
157 160
60 139
199 224
24 260
49 280
207 266
43 295
9 73
40 154
59 192
216 260
258 260
29 115
160 170
31 128
69 240
222 268
165 298
228 266
266 278
177 296
224 225
50 91
131 286
165 243
147 201
125 228
16 47
88 196
78 157
52 137
2 178
50 158
20 80
124 197
49 77
168 174
99 160
52 56
47 90
221 237
98 248
17 165
5 145
265 276
102 215
80 93
156 183
176 251
76 263
92 126
0 177
261 277
65 212
2 85
112 292
156 209
53 181
147 267
29 182
1 162
27 158
8 86
106 212
36 101
114 264
13 176
98 231
95 231
156 223
64 259
117 151
199 288
85 289
112 113
158 199
143 286
218 249
71 250
215 285
50 237
143 168
74 200
15 108
275 297
224 234
42 116
171 293
106 197
35 97
16 178
83 234
85 180
6 217
0 243
144 268
164 220
179 270
81 268
5 154
22 254
39 99
76 262
50 250
18 173
8 228
11 145
78 198
6 98
42 170
12 18
102 151
8 32
38 157
31 256
78 261
92 101
37 103
142 262
122 123
22 127
168 283
113 138
66 196
160 211
119 282
221 224
9 133
281 290
12 47
152 274
22 63
7 216
78 181
39 100
8 75
20 198
86 188
95 152
214 298
134 223
187 267
168 284
10 31
61 233
209 259
231 265
22 272
100 147
154 239
214 253
66 273
6 113
112 260
110 158
226 292
85 113
12 69
33 74
153 266
62 135
152 225
0 45
124 244
30 152
105 235
53 297
110 131
60 243
122 218
48 53
191 263
27 213
260 298
101 113
17 288
227 294
24 140
16 294
21 147
8 99
4 96
122 258
78 80
92 184
107 180
75 145
87 134
195 287
212 253
232 275
167 207
253 257
30 236
35 100
100 131
89 292
123 274
67 221
50 61
245 273
48 226
24 158
117 159
168 243
223 250
214 288
80 97
124 141
115 238
159 247
182 254
114 140
114 170
112 218
92 270
139 238
171 209
117 173
84 132
162 264
3 181
89 120
36 170
31 105
43 96
183 214
136 262
49 74
106 142
96 153
145 235
69 91
197 260
29 242
44 156
46 278
135 211
82 98
129 223
187 266
153 277
202 240
3 41
14 147
145 163
0 43
98 143
164 295
104 106
77 200
15 175
178 226
10 276
8 285
158 247
4 135
100 206
127 193
194 209
41 107
202 207
66 237
93 255
84 224
239 293
172 259
21 218
200 278
6 110
10 226
78 298
125 268
230 272
19 65
37 128
158 239
36 95
57 291
188 281
75 234
34 273
158 191
58 107
113 169
147 221
176 219
144 278
2 44
74 116
67 163
225 244
154 280
73 211
23 261
150 245
195 218
53 236
43 161
82 164
137 157
33 282
56 260
152 229
4 262
29 268
213 219
6 126
79 245
34 93
40 171
4 108
94 165
10 151
0 60
147 282
145 255
75 242
107 256
76 131
37 50
41 43
38 176
175 266
59 268
52 283
8 57
91 154
274 294
216 274
63 107
8 252
2 70
27 178
210 258
254 295
13 47
91 241
85 266
197 207
12 286
46 180
23 69
95 253
69 169
70 176
78 285
55 181
81 260
91 233
171 239
139 184
124 125
85 248
73 286
97 253
32 218
28 37
13 149
135 207
26 192
47 299
167 233
90 190
29 224
263 274
11 152
11 87
86 297
69 119
26 94
120 205
79 270
270 299
160 255
141 231
116 190
194 253
33 268
257 265
43 110
96 99
107 268
168 202
46 125
17 74
206 296
39 266
46 127
69 277
214 224
74 234
39 257
243 255
38 54
117 202
137 225
58 170
127 217
183 201
232 234
25 107
64 198
77 123
152 163
129 198
76 273
64 86
7 64
41 118
98 158
21 235
83 191
45 262
108 281
94 164
23 213
111 171
140 294
3 241
139 147
184 275
164 248
61 229
8 154
47 106
13 120
93 148
64 191
111 224
172 275
19 85
50 242
190 196
189 289
188 245
29 130
163 193
130 277
131 222
94 142
33 156
83 205
154 183
42 233
85 176
173 180
209 273
3 189
134 154
29 166
24 49
3 73
97 246
267 291
0 8
143 147
82 257
297 299
67 145
289 295
169 283
169 256
130 172
197 285
58 63
66 135
69 113
59 260
218 227
102 226
1 279
69 288
83 118
202 287
28 264
198 247
67 198
80 255
153 239
50 65
131 268
145 252
171 244
46 124
47 219
91 182
89 130
53 85
35 210
52 108
8 102
93 241
58 213
143 233
28 190
67 194
65 101
204 209
47 186
27 144
229 281
81 140
0 118
193 241
158 211
0 107
92 242
6 274
84 214
171 273
46 211
190 270
238 252
19 171
92 239
144 205
57 150
20 138
9 190
127 153
15 132
38 180
78 94
51 175
17 221
262 288
111 201
34 240
84 272
229 273
82 280
80 118
102 141
8 282
192 294
177 265
23 271
41 147
109 244
81 107
62 73
87 141
166 209
16 189
0 96
8 103
137 231
186 261
41 278
115 138
73 138
161 220
106 231
64 82
144 265
107 137
46 283
0 25
26 236
86 181
18 64
25 69
19 55
1 129
162 209
49 193
20 131
257 286
28 95
170 193
63 181
160 248
129 177
294 298
67 199
71 155
127 178
179 226
136 256
81 114
38 189
152 269
49 185
32 131
96 220
12 220
8 242
6 102
1 236
7 73
4 157
83 134
142 183
271 277
52 200
89 144
48 143
28 110
98 142
70 159
224 290
290 298
92 166
4 154
130 146
3 161
48 134
17 138
162 190
47 142
243 266
109 283
93 291
141 190
49 288
211 278
25 254
29 191
33 98
45 244
215 259
49 299
59 138
127 213
128 256
18 221
98 261
61 119
145 239
88 114
58 269
58 197
71 256
242 248
0 257
101 160
18 73
146 229
29 202
164 179
36 163
102 241
233 256
21 123
233 259
15 70
43 175
61 223
0 152
82 208
106 124
261 269
212 254
124 145
263 299
126 228
18 178
35 113
147 252
104 267
147 269
193 195
247 261
97 221
29 256
43 45
10 225
48 74
28 98
168 253
259 288
211 282
135 138
157 230
38 177
102 299
125 251
206 220
17 207
133 249
27 299
183 234
11 35
161 257
115 210
30 74
37 86
292 295
97 197
22 291
48 211
8 229
230 281
8 193
179 281
201 214
82 206
163 288
114 156
104 194
7 252
214 247
51 111
186 196
204 287
97 149
131 296
29 291
176 295
82 244
77 108
123 234
227 274
180 278
146 286
38 277
81 247
21 139
114 278
127 175
95 208
23 166
163 204
105 281
271 280
267 297
199 208
27 246
4 97
107 284
117 129
54 150
221 257
128 136
8 185
216 229
55 120
144 212
173 193
153 164
125 191
99 222
136 247
76 81
5 136
227 262
57 107
150 294
167 213
26 84
81 195
45 162
207 238
36 123
91 161
67 243
14 135
79 217
84 91
70 105
1 177
45 208
215 286
67 137
112 253
52 160
88 103
36 246
1 103
188 189
117 268
105 210
30 256
124 208
32 257
5 172
18 186
86 137
40 75
2 127
157 200
267 288
91 293
13 209
14 169
170 277
126 200
84 186
8 217
155 256
95 146
187 282
110 148
5 87
128 129
150 160
153 219
59 180
125 219
89 102
54 154
216 256
52 214
60 202
38 207
94 248
182 234
5 12
62 166
214 281
71 273
162 290
16 150
5 80
48 70
13 36
100 259
212 219
9 161
120 210
29 214
210 264
200 216
262 276
82 242
210 215
117 196
226 276
174 296
76 239
32 176
3 198
88 112
12 260
74 93
57 75
85 200
34 90
27 86
240 294
136 296
112 274
38 112
188 270
54 278
116 176
57 256
40 69
114 217
92 162
99 220
219 299
5 61
33 86
27 195
162 191
26 169
191 230
260 266
82 245
2 188
71 255
43 234
99 142
71 206
194 263
132 280
32 296
6 76
220 279
19 201
1 246
92 212
38 261
46 202
40 84
131 164
92 174
150 243
56 69
14 263
19 199
68 295
53 283
196 262
25 215
163 271
8 269
235 282
46 281
138 184
2 261
152 242
63 205
260 271
78 280
125 170
100 153
178 296
168 203
83 211
226 232
189 215
99 194
28 63
82 167
282 287
276 299
54 253
176 279
79 179
81 109
12 39
33 290
23 176
203 238
66 97
90 146
9 212
280 289
19 170
23 198
19 29
50 252
183 205
182 286
9 292
56 288
73 100
62 249
67 98
152 265
62 161
104 298
17 83
127 281
88 156
139 285
21 152
30 212
140 268
183 213
7 66
34 121
165 274
51 228
49 187
23 32
42 68
46 233
119 262
85 175
202 225
85 143
190 210
92 157
213 277
143 243
46 239
123 179
96 155
254 267
10 66
174 186
52 273
15 120
92 257
46 242
85 183
125 131
47 275
34 77
241 277
232 272
24 95
111 172
2 117
120 139
65 128
59 232
38 231
183 247
71 229
27 113
126 249
88 283
81 255
13 227
14 89
74 177
13 128
152 295
1 123
60 269
55 291
231 243
3 75
4 89
178 254
39 209
52 259
25 189
15 193
203 206
196 250
110 197
80 125
9 180
52 192
187 287
36 283
38 111
42 65
131 134
27 142
216 238
132 220
175 283
90 179
125 201
33 137
182 225
170 189
164 225
27 258
69 263
58 280
111 187
192 214
6 130
182 278
14 217
105 153
97 278
58 225
143 228
63 162
4 120
32 284
42 229
11 193
3 51
155 195
17 213
92 191
44 116
22 59
2 191
6 202
22 165
10 249
6 292
156 237
61 240
207 217
187 224
130 264
22 175
43 108
57 118
9 141
116 252
70 195
10 60
72 92
62 98
54 64
1 168
229 262
169 293
180 198
81 145
5 103
63 273
115 124
166 283
62 128
54 138
146 174
211 236
42 217
4 29
70 255
152 178
33 142
157 258
6 272
134 173
256 263
10 287
101 161
64 208
98 257
40 192
121 174
73 249
174 195
150 222
152 297
212 237
149 243
184 284
140 168
155 299
152 202
69 163
217 219
9 120
111 295
60 130
77 120
94 287
36 280
246 282
227 235
129 194
131 230
99 165
23 164
16 127
89 233
46 209
158 242
124 256
128 270
9 202
182 274
45 272
25 216
163 207
138 154
71 294
69 289
235 295
3 295
123 136
221 289
98 283
54 131
108 154
62 235
163 209
261 296
182 212
38 89
127 192
173 227
15 216
243 250
264 290
5 139
127 294
112 225
244 278
31 138
98 266
200 261
196 228
110 274
40 251
231 256
213 271
215 273
199 279
54 78
25 167
3 163
86 141
53 261
93 274
281 289
143 249
94 242
25 270
207 293
116 277
192 267
67 246
145 247
27 148
29 286
42 220
68 72
55 69
215 257
62 83
105 199
139 159
98 116
117 275
9 42
8 115
139 239
139 226
7 166
86 125
49 165
152 169
208 289
71 117
127 210
276 277
3 79
95 140
45 210
36 200
49 126
175 267
0 185
106 286
217 258
155 207
94 166
84 164
116 235
253 295
197 229
28 273
120 232
29 168
30 68
65 132
194 240
79 99
65 210
164 221
82 117
33 67
184 218
20 171
217 231
100 204
159 165
181 291
142 274
13 267
48 130
98 171
17 79
55 151
188 286
41 120
118 243
71 125
43 285
25 221
0 153
164 267
49 196
128 152
278 294
23 73
130 295
184 276
96 169
200 235
166 197
223 224
77 139
203 275
242 296
45 119
190 299
184 197
273 278
9 273
155 285
24 209
133 186
48 188
41 124
0 238
42 224
161 181
54 136
50 137
130 256
72 147
8 96
256 286
17 69
11 277
54 221
1 188
107 242
148 236
118 289
139 160
0 265
19 93
189 230
71 121
239 268
144 247
65 152
186 285
170 296
217 269
129 164
153 159
29 277
34 169
110 179
181 256
25 269
86 255
178 240
100 272
188 288
24 258
139 264
94 116
236 293
234 285
95 206
26 268
16 285
79 197
48 293
223 248
153 186
210 240
229 253
203 239
78 270
64 219
246 264
200 250
189 271
226 257
5 256
155 250
105 130
43 250
35 191
40 254
52 172
8 92
279 293
208 239
13 244
246 275
213 216
191 217
174 226
81 249
106 228
178 263
50 150
69 156
90 293
208 211
156 268
55 149
248 264
141 244
190 294
84 108
10 185
34 186
143 262
192 195
208 262
51 298
7 11
32 265
65 280
258 281
10 224
114 126
4 211
242 274
8 273
128 169
22 173
27 215
120 236
223 229
236 286
248 287
19 152
218 266
51 247
176 275
66 141
116 266
8 291
124 189
160 199
114 240
114 287
95 228
214 262
31 249
163 184
20 181
30 180
46 190
85 188
103 257
4 17
95 180
7 258
79 125
245 247
164 175
40 126
124 142
57 128
8 148
162 238
118 220
18 244
61 82
70 258
14 185
32 87
98 195
26 92
91 275
24 139
64 267
161 265
93 188
218 248
162 214
159 274
35 284
241 243
105 178
9 245
55 95
70 283
59 146
165 209
123 226
26 64
20 244
152 227
179 280
86 264
79 266
124 259
257 269
69 220
216 225
27 260
174 286
19 247
91 195
118 173
193 259
23 114
259 267
2 291
88 146
112 256
167 267
177 236
57 288
177 273
11 226
103 298
194 258
132 193
12 204
77 179
89 279
146 282
44 80
88 122
42 208
56 197
44 219
6 120
32 62
289 297
43 100
39 54
47 284
111 238
15 188
167 290
104 188
185 201
24 232
25 193
66 81
37 90
96 178
157 240
128 207
172 281
20 59
106 278
56 216
218 244
260 283
88 164
65 149
25 133
50 141
26 207
116 184
114 296
206 213
54 93
88 113
17 224
160 295
83 217
53 211
213 247
13 77
35 162
112 195
36 48
74 214
191 292
156 264
1 115
19 211
40 71
14 123
176 254
225 241
12 83
156 278
176 204
15 142
63 278
221 293
9 107
58 129
80 131
173 291
150 265
115 216
88 155
16 246
161 223
245 258
215 275
18 290
48 58
103 105
213 270
112 151
245 271
196 282
184 288
103 162
2 101
11 99
19 224
23 29
62 169
143 145
213 278
88 187
261 293
243 283
107 258
135 281
52 169
93 177
54 91
155 248
94 259
6 165
81 236
157 194
54 174
54 242
67 262
257 287
51 297
64 238
117 278
107 207
161 210
158 299
68 145
127 170
10 158
208 256
15 104
151 278
64 292
103 218
249 269
14 100
130 259
119 183
37 145
55 101
233 277
228 243
135 188
151 251
271 273
89 199
16 118
17 192
44 139
31 99
174 266
211 218
111 250
167 248
103 233
83 144
32 229
180 272
235 265
208 281
180 288
56 297
50 241
105 285
11 72
70 235
13 70
117 154
4 299
233 252
83 224
18 113
94 241
226 230
27 275
77 286
42 60
29 189
184 253
58 257
10 235
18 242
107 287
36 228
14 254
158 281
41 197
110 257
9 182
210 279
22 46
73 222
103 204
157 163
221 287
160 283
270 292
28 268
199 222
94 109
135 255
58 117
68 144
51 54
98 99
76 173
32 72
235 276
15 242
108 208
237 243
269 281
214 289
61 165
155 263
218 274
42 85
87 186
139 153
252 292
120 289
61 177
152 153
48 94
220 256
199 276
165 190
251 265
82 228
57 158
198 200
142 285
176 182
51 165
2 229
207 278
26 134
53 55
34 60
264 286
36 207
53 151
158 234
17 33
43 283
217 237
21 108
36 197
139 290
45 115
93 120
4 255
57 172
62 206
78 170
192 206
96 285
12 144
82 97
161 177
81 130
102 166
202 290
51 281
93 166
78 214
12 82
169 184
191 283
61 90
35 61
20 47
243 265
156 181
38 60
29 116
14 220
62 107
138 140
21 150
34 165
177 225
39 227
212 247
31 81
60 264
254 289
27 227
14 95
28 56
67 170
135 206
10 209
143 151
129 202
58 180
79 263
191 227
145 180
206 207
54 159
16 239
121 186
27 74
249 283
136 285
31 187
68 187
103 120
87 288
0 46
218 263
109 237
117 243
6 149
76 165
92 203
77 104
230 279
266 292
205 265
23 205
126 273
25 261
78 265
93 296
36 44
141 267
86 123
117 218
54 75
72 97
114 119
143 277
19 250
21 97
39 211
175 270
20 274
18 19
109 183
47 69
89 176
14 240
211 212
131 266
280 286
38 105
67 95
0 166
263 280
139 250
20 211
20 158
203 280
119 132
59 69
198 281
82 270
62 90
114 209
158 166
76 227
91 292
157 208
158 282
245 297
179 207
17 134
136 187
8 18
195 269
42 166
51 94
165 174
40 184
75 94
203 259
3 22
230 294
28 161
140 210
42 117
57 258
28 178
117 126
159 297
44 48
253 270
190 214
41 63
74 284
58 296
42 77
40 290
71 233
96 200
4 70
14 191
121 179
43 296
40 247
43 208
141 161
14 107
103 129
140 148
144 203
198 280
186 291
9 271
158 228
49 293
172 243
222 286
170 221
78 129
31 42
26 146
63 286
122 236
61 96
67 227
70 151
280 290
36 132
29 75
252 260
113 181
174 243
53 163
223 241
83 251
168 289
42 199
225 295
103 205
114 174
56 156
188 206
192 236
15 153
180 240
86 166
97 124
39 57
32 202
205 280
168 200
76 280
133 272
136 179
73 81
141 167
159 286
25 197
134 221
175 236
167 217
80 87
169 274
112 206
20 146
159 222
52 183
107 240
62 233
73 229
59 74
140 147
165 184
45 105
52 281
33 271
113 250
58 120
140 264
284 286
36 143
88 260
79 120
80 141
53 154
263 265
26 149
71 181
7 285
40 105
66 153
45 279
30 264
44 159
238 258
38 216
21 132
7 192
158 200
22 226
59 203
50 66
207 240
158 196
64 66
46 262
44 109
62 193
162 273
205 212
96 159
103 226
103 178
13 125
73 156
81 206
232 270
114 284
30 223
29 144
117 157
29 64
114 223
92 177
127 158
165 291
56 85
3 64
34 106
220 235
17 71
12 161
43 278
107 222
36 60
82 237
129 213
5 180
222 278
64 171
278 287
85 119
74 106
57 145
123 253
36 245
18 40
28 34
116 157
86 247
9 252
18 287
189 226
176 222
28 151
147 203
92 105
175 239
6 185
132 143
0 119
53 119
62 138
123 156
50 101
45 205
255 274
49 179
208 276
124 200
57 163
103 268
153 232
99 161
162 295
46 48
184 281
104 162
41 263
100 112
141 210
60 163
223 265
220 285
78 153
191 239
4 181
285 299
47 76
261 267
8 181
87 225
145 147
11 249
211 297
109 152
74 169
47 85
155 215
46 200
155 204
192 279
75 256
3 275
151 242
84 265
3 242
150 172
139 173
189 213
118 136
211 298
135 287
51 210
258 292
24 166
122 150
99 125
178 250
119 195
35 122
189 259
24 28
132 238
217 268
56 268
155 241
42 206
86 203
70 164
66 110
209 244
174 191
63 212
69 247
185 258
206 210
39 90
8 200
110 256
28 42
103 184
145 283
90 187
7 232
73 253
128 216
80 249
17 163
121 260
227 299
127 263
59 73
88 135
115 239
151 272
68 90
99 173
163 299
104 219
16 284
135 148
165 246
145 223
186 245
4 272
160 259
127 144
99 168
120 283
23 219
23 207
223 242
8 77
123 294
179 289
102 240
158 288
293 299
18 138
169 178
6 208
28 265
247 250
157 288
23 230
83 133
59 256
77 238
69 297
40 131
6 80
290 299
60 131
10 189
230 248
87 218
247 289
104 291
144 246
201 269
86 126
104 185
92 123
2 215
8 223
47 265
1 26
188 256
159 249
95 291
158 251
156 282
95 235
178 221
116 158
216 281
208 218
131 248
279 295
39 149
173 175
92 114
42 183
25 30
33 183
67 281
39 128
49 76
168 192
100 240
86 240
117 284
133 235
160 208
1 60
26 295
43 51
25 128
58 286
26 247
186 250
287 295
27 247
194 271
72 254
71 113
241 280
53 273
33 52
48 76
73 103
90 256
183 203
69 168
206 215
56 285
82 256
80 240
36 66
160 188
129 179
192 204
256 282
53 112
55 61
254 290
174 264
59 222
169 268
87 109
48 175
227 289
87 158
170 279
123 256
61 87
143 235
115 245
113 205
73 112
34 261
48 93
123 276
63 182
33 53
95 148
103 158
245 272
23 292
187 273
221 262
35 169
63 155
38 44
26 143
1 278
2 129
46 298
139 261
86 214
16 217
240 283
8 60
179 229
101 243
31 191
22 47
66 94
25 137
143 280
51 173
33 233
31 175
189 279
117 222
155 191
138 186
183 298
63 147
142 228
171 216
225 238
72 218
4 107
97 199
87 149
73 172
0 82
113 256
97 283
122 221
5 235
134 219
120 199
29 36
71 254
41 274
26 30
230 288
25 55
107 161
107 117
49 272
