200 1000
115
42
46
60
21
86
91
32
32
21
111
117
42
81
68
87
34
21
83
94
33
108
74
103
91
76
47
29
105
26
36
52
48
62
92
101
80
63
113
45
116
56
42
39
118
91
106
84
44
21
58
58
61
112
93
33
20
20
42
105
26
110
89
54
104
113
87
65
108
81
90
105
69
112
76
67
35
114
31
60
116
69
98
57
113
71
22
114
24
96
51
30
38
73
117
23
66
84
20
55
97
90
92
47
34
48
46
50
42
58
42
90
59
72
80
53
75
34
99
79
63
30
90
81
83
39
84
82
103
84
117
33
106
89
112
21
69
38
103
91
76
77
114
116
29
26
101
84
40
80
96
83
42
66
45
106
37
61
68
72
26
117
85
112
86
29
65
87
48
100
110
104
57
104
52
118
110
33
35
83
45
111
46
68
109
23
54
26
65
54
78
23
51
96
67
69
105
113
36
33
122 123
83 118
67 144
2 184
81 135
80 189
24 154
101 124
72 83
11 171
115 127
175 185
9 21
126 197
49 129
123 140
4 11
149 158
78 161
85 165
26 194
100 197
3 122
1 86
164 194
57 74
79 194
1 52
3 128
2 4
9 142
79 166
37 153
67 183
104 150
96 101
98 130
133 196
149 172
167 171
28 113
144 193
146 174
177 197
26 199
133 188
12 93
154 199
2 173
104 134
35 77
7 153
86 149
58 93
51 64
164 177
45 170
19 109
58 117
95 149
57 82
83 150
37 47
49 101
10 36
39 105
58 71
157 199
44 160
11 16
108 193
105 127
36 116
77 185
26 46
80 103
60 164
6 107
59 153
108 116
95 166
155 167
24 106
76 136
44 150
11 99
27 190
106 116
15 193
43 62
19 123
32 117
39 75
139 145
0 135
61 182
166 168
149 190
75 178
79 177
22 178
12 188
105 157
70 125
50 113
22 187
56 189
54 180
84 193
125 171
138 193
111 153
55 107
102 134
133 185
7 111
63 100
21 172
157 194
7 98
37 60
29 49
35 93
129 181
107 181
52 126
6 45
38 104
13 92
38 198
25 150
40 157
2 129
13 159
111 124
118 184
100 148
185 194
118 135
116 123
25 176
23 43
81 134
127 147
166 173
97 150
54 68
70 190
4 184
60 181
99 115
64 196
133 199
10 135
51 133
29 51
46 61
52 147
127 179
46 52
97 143
2 165
145 198
134 187
149 168
16 194
68 142
32 67
42 75
126 154
128 158
141 155
4 159
84 89
135 139
136 188
31 91
29 106
93 188
137 163
62 109
82 105
51 138
101 126
56 132
4 60
14 112
18 154
43 71
54 162
130 191
113 151
34 57
142 174
57 102
63 164
169 198
58 100
95 191
52 156
3 170
157 164
140 187
152 195
35 150
101 138
124 148
43 110
12 98
100 161
19 129
81 127
140 188
36 179
131 135
40 86
4 57
143 196
93 97
35 183
132 146
56 111
9 127
21 179
102 122
3 198
139 181
143 161
26 127
48 167
58 113
109 123
8 66
57 105
41 112
58 92
125 155
52 67
88 116
31 38
142 182
123 193
89 121
0 36
85 115
167 180
42 143
89 103
60 147
160 172
4 188
31 113
50 111
27 165
90 148
17 32
10 130
3 155
51 144
3 119
29 122
99 124
116 141
177 179
88 139
28 149
95 132
6 141
58 182
72 185
2 158
41 104
12 164
16 44
0 156
87 137
74 186
61 191
127 192
167 168
69 131
178 195
2 88
136 184
98 169
9 57
65 123
87 98
29 94
55 185
94 142
74 169
81 87
112 160
32 79
128 162
75 101
55 140
76 164
62 192
1 197
71 120
18 121
48 160
16 167
62 185
60 110
143 183
47 147
103 179
79 183
141 181
59 82
23 36
28 158
37 108
61 181
28 152
140 182
0 150
108 185
165 170
97 113
148 168
27 76
152 169
11 160
51 197
162 186
23 177
70 111
36 50
19 63
15 191
51 121
38 152
21 150
86 139
39 199
27 54
66 158
27 196
0 169
155 176
114 153
131 184
31 186
138 177
12 46
28 199
1 50
101 141
52 87
94 180
47 79
27 52
26 174
2 27
81 93
12 107
77 124
16 132
70 107
154 193
82 174
85 153
6 175
15 26
58 159
89 109
113 158
116 184
87 96
138 169
45 189
19 181
65 121
29 35
136 180
170 183
88 154
7 82
94 186
49 104
145 158
103 193
71 109
87 111
157 177
80 99
13 22
96 118
79 153
125 167
60 85
40 137
97 100
74 146
83 123
28 50
33 43
56 131
104 170
14 167
99 199
113 121
31 165
44 169
94 136
21 163
100 106
6 13
39 149
32 104
154 162
143 149
4 6
164 172
85 123
38 88
7 68
84 156
47 102
160 177
99 143
49 119
23 182
81 97
94 130
44 79
0 37
37 103
9 124
19 199
57 94
87 114
70 119
0 170
21 79
143 150
70 77
104 174
104 126
171 198
135 187
171 173
47 90
62 182
29 46
85 119
136 143
8 166
55 130
87 166
61 152
37 174
138 163
17 78
28 67
155 188
16 111
58 80
14 111
120 157
43 192
139 195
128 155
57 184
23 86
71 190
36 60
126 164
24 195
43 143
83 175
191 198
30 195
50 58
45 122
40 167
114 162
43 131
118 188
27 156
50 163
146 199
62 110
86 126
9 69
130 185
80 153
100 176
111 178
110 156
77 101
15 196
40 128
58 110
37 68
32 66
12 87
31 150
26 157
21 166
47 84
136 197
110 176
46 66
77 123
14 44
94 115
25 103
140 163
91 195
55 180
130 178
82 88
118 166
67 133
91 103
88 132
39 42
16 37
45 60
26 112
28 90
121 145
5 84
37 49
17 31
9 104
138 147
97 114
8 116
19 131
10 140
108 125
137 199
106 112
163 196
84 92
120 130
103 146
3 148
95 113
93 162
102 161
79 160
50 153
43 45
13 168
12 154
60 105
69 124
8 16
101 105
66 178
12 183
81 131
167 194
61 179
109 140
115 188
68 101
144 190
3 114
20 65
168 170
80 92
40 191
49 61
93 127
91 108
8 59
55 187
72 164
127 187
28 104
55 94
121 125
50 190
18 141
21 112
56 62
13 75
105 106
84 154
46 183
191 192
47 57
129 130
11 57
67 116
38 123
115 162
45 164
105 186
134 169
148 160
25 173
24 82
80 130
15 166
159 176
6 33
136 158
114 170
30 145
183 189
106 151
98 151
67 155
89 153
49 125
102 150
78 175
7 33
8 151
22 137
110 180
69 170
13 191
19 180
125 149
28 103
118 155
57 80
119 159
46 182
167 189
5 197
27 119
86 181
57 159
46 193
41 65
126 190
162 191
171 189
65 96
89 122
128 161
33 63
7 174
13 30
10 192
35 152
19 37
65 179
172 183
109 131
74 114
71 104
88 197
87 152
81 163
0 196
144 159
126 171
47 124
117 180
15 57
21 77
4 152
142 187
25 77
48 191
51 119
47 49
0 160
88 123
81 88
71 177
42 199
103 124
41 83
99 193
14 50
55 176
70 118
42 195
43 48
99 139
114 186
74 148
138 188
19 197
69 76
76 148
52 63
105 152
87 145
4 138
111 132
29 145
139 154
2 177
68 182
97 102
2 54
171 193
121 191
19 164
65 190
5 47
117 199
62 156
18 144
150 191
37 105
131 166
107 113
34 161
40 162
134 164
107 185
7 102
126 149
167 174
17 125
40 70
35 87
77 138
66 78
161 195
32 54
18 27
16 189
59 132
44 75
39 82
117 146
31 65
91 138
17 101
107 142
39 94
116 181
11 32
135 179
119 125
34 152
2 138
141 149
125 145
3 44
35 42
109 134
11 125
32 103
94 105
38 126
10 111
49 97
90 126
17 76
78 107
78 172
56 164
1 141
89 144
132 197
107 131
8 18
73 118
40 175
119 167
13 129
14 30
27 72
141 196
19 149
111 143
84 144
64 185
62 181
64 117
87 169
39 73
65 112
14 79
179 184
161 166
140 193
39 134
106 191
49 167
54 111
86 118
19 97
166 180
35 101
6 60
70 92
106 126
62 102
37 63
29 31
68 155
91 117
8 23
34 175
25 88
39 63
6 88
82 139
6 69
164 192
85 130
8 35
137 143
70 181
99 152
107 164
81 119
127 150
34 103
24 94
97 182
179 182
73 140
0 66
105 130
140 151
94 138
9 77
27 181
60 191
25 38
114 174
116 150
8 165
132 142
6 96
83 96
24 140
27 175
80 165
21 109
1 126
90 139
178 192
17 71
130 168
51 142
119 197
92 157
84 176
52 180
134 135
77 158
27 56
85 107
21 59
16 100
58 60
52 191
36 62
22 156
73 144
50 93
94 145
70 103
10 157
39 190
17 115
95 153
68 76
12 92
24 120
102 111
28 138
46 70
76 96
163 173
166 190
2 12
69 164
11 169
3 37
98 180
56 190
119 154
39 100
2 130
151 158
76 92
138 161
98 189
34 62
162 176
116 180
2 189
81 158
13 84
194 195
135 137
21 45
105 196
132 198
25 93
34 123
137 196
99 118
88 112
120 145
85 199
182 194
31 117
34 84
123 175
137 168
149 194
33 117
142 192
78 81
155 156
7 60
73 124
48 145
47 70
52 182
14 193
77 121
5 137
33 83
76 139
17 127
109 145
17 81
100 141
125 176
17 24
22 87
4 23
91 169
18 164
18 46
3 160
77 107
109 191
0 62
19 190
17 80
50 87
49 139
25 143
64 161
50 86
0 25
42 92
13 194
56 193
31 169
91 196
46 106
34 60
53 58
2 76
85 89
78 134
22 28
44 159
161 183
82 183
125 139
27 133
84 138
121 126
53 75
51 164
181 198
111 191
19 40
98 155
136 174
86 120
103 180
15 199
38 138
66 92
24 182
20 25
158 170
126 135
166 169
19 43
93 179
139 179
111 194
126 130
33 69
51 170
93 152
153 195
8 60
173 180
83 170
28 185
79 107
