150 150
119
53
30
55
71
53
71
49
81
66
72
67
47
99
66
72
117
63
22
85
118
65
107
54
69
88
114
36
88
62
52
87
95
62
74
46
48
78
75
61
24
79
109
104
59
55
56
108
51
111
26
49
108
113
83
57
82
29
25
102
71
58
21
46
52
76
24
80
34
32
74
38
91
63
74
82
50
111
71
33
54
77
62
94
22
77
83
84
86
88
118
89
78
20
115
111
76
72
23
90
84
77
60
107
72
115
70
55
58
21
68
44
30
63
118
32
20
81
49
39
101
47
108
60
99
56
51
55
60
106
77
24
64
70
63
116
117
113
103
55
66
52
31
76
47
29
41
99
42
22
72 123
18 83
94 117
34 102
31 35
30 139
4 74
101 124
22 33
11 71
27 65
75 135
59 121
26 147
79 99
73 90
11 104
49 58
11 128
65 135
26 94
0 147
3 122
36 101
14 144
74 107
79 144
51 102
53 78
2 54
59 92
29 66
87 103
17 133
0 54
101 146
80 98
83 146
122 149
21 117
13 128
93 144
24 46
77 97
26 99
33 138
62 93
54 99
52 123
104 134
27 85
3 107
86 149
58 93
51 114
64 77
20 145
19 59
58 67
145 149
7 32
100 133
37 147
49 101
10 86
55 89
21 58
99 107
94 110
11 16
105 127
16 36
27 135
26 146
3 130
110 114
6 107
9 53
58 116
16 95
55 117
56 74
86 126
0 44
111 149
40 127
56 66
65 93
73 119
117 132
25 89
45 89
35 50
11 32
66 118
140 149
25 28
77 129
72 128
38 112
7 105
70 125
13 100
37 122
56 139
104 130
43 134
25 71
88 93
61 103
5 57
52 134
83 85
7 61
100 113
22 121
107 144
57 148
60 87
29 49
35 143
29 81
107 131
2 126
45 106
4 38
13 142
98 138
50 75
7 90
29 52
9 113
24 111
84 118
48 50
35 94
18 85
66 123
125 126
43 73
81 134
77 147
66 73
50 147
4 18
70 140
34 104
110 131
65 99
96 114
