300 5000
74
34
72
81
91
80
31
83
45
98
113
71
92
33
95
107
60
69
46
22
56
100
34
82
41
87
32
72
111
84
44
117
98
48
79
21
108
42
84
34
72
29
85
96
42
112
83
82
114
62
85
50
42
99
64
64
66
29
68
109
93
45
107
24
73
118
77
114
40
42
28
93
51
45
21
74
38
37
88
32
79
53
62
53
32
58
49
30
67
98
20
41
75
59
97
28
57
54
22
77
28
82
102
60
108
104
66
26
21
34
90
32
20
84
65
84
22
95
95
70
25
47
43
80
86
20
40
23
106
43
32
115
57
67
107
45
103
105
103
56
71
25
68
71
89
65
36
44
40
111
94
45
90
69
57
56
21
78
111
107
53
75
54
90
22
93
68
57
78
103
93
30
109
93
33
30
39
49
54
59
92
28
37
62
29
74
50
30
84
41
118
117
49
104
88
103
78
88
41
88
71
114
98
60
40
112
71
59
93
105
98
66
66
67
60
75
74
91
86
38
112
36
36
41
20
56
25
30
24
98
99
75
44
29
116
64
73
119
103
47
56
34
93
102
81
33
110
87
56
28
106
49
44
74
22
96
110
79
59
114
57
38
21
34
99
69
78
53
68
62
80
105
28
105
39
89
70
29
109
107
37
95
88
113
101
90
90
91
102
29
37
91
99
38
105
78
88
64
111
88
219 223
82 168
156 298
9 289
136 162
48 177
14 72
125 282
51 229
52 93
91 191
65 114
150 158
20 228
107 158
30 53
129 135
179 199
44 260
168 180
122 268
109 195
144 282
72 264
165 195
38 68
57 133
153 215
225 283
90 144
135 249
16 172
84 123
180 196
64 83
113 258
85 222
67 205
66 277
13 83
143 151
104 200
9 284
19 167
63 286
122 161
12 34
138 149
86 157
29 293
142 203
251 288
65 156
107 183
185 191
28 249
42 53
79 280
62 148
48 98
211 260
222 276
113 294
125 203
154 251
154 196
49 199
142 166
107 250
49 293
193 298
73 235
54 103
14 217
165 202
18 165
125 240
141 171
18 105
57 126
75 225
211 274
106 274
134 192
108 293
1 127
200 292
147 288
6 55
65 260
83 220
97 126
19 75
181 268
38 146
263 290
221 253
248 289
59 181
82 219
174 209
218 220
161 261
118 220
16 183
180 236
6 18
33 93
53 78
26 116
68 199
131 173
22 172
81 121
105 203
31 53
164 273
2 77
120 234
2 297
55 178
73 238
23 236
14 218
128 297
80 182
65 253
87 289
74 221
29 94
126 274
193 247
22 180
0 234
20 236
55 250
180 227
2 238
98 253
95 131
187 211
5 161
164 248
290 294
141 169
19 143
19 264
143 199
129 286
58 199
6 117
44 60
186 299
47 284
4 178
132 191
141 293
57 248
243 293
47 215
118 136
58 155
134 253
106 172
57 82
200 231
63 291
249 296
42 95
46 285
25 117
166 290
162 238
208 223
22 233
69 123
140 233
274 276
134 187
21 199
130 191
254 273
173 270
216 255
117 293
14 143
4 162
9 25
243 285
228 233
7 108
50 200
26 41
226 228
125 213
104 250
7 275
111 233
118 245
63 149
111 215
258 274
220 267
51 215
4 36
64 143
193 196
237 264
242 272
218 237
68 168
41 127
152 195
60 193
261 271
134 256
177 266
97 160
233 263
64 290
51 207
54 247
18 153
177 185
12 103
80 166
23 207
208 218
112 268
111 135
119 230
159 269
85 182
71 256
72 145
113 249
31 167
196 236
133 237
31 288
63 82
42 239
34 51
62 197
44 238
17 207
154 203
141 211
39 277
90 283
15 288
9 184
251 298
70 117
58 248
82 148
122 139
124 208
186 242
105 180
174 283
140 186
81 281
58 150
20 133
8 201
200 262
204 245
67 261
21 261
177 221
43 51
61 219
55 259
65 157
140 236
76 239
20 79
109 229
130 131
84 114
15 190
46 187
59 219
6 292
20 184
115 265
78 235
34 195
70 260
32 251
111 146
7 272
92 155
137 207
80 239
37 222
19 193
26 149
169 237
202 210
145 285
19 281
92 115
52 263
48 185
56 83
80 211
4 90
235 280
211 226
112 185
15 131
130 164
67 157
34 119
71 269
17 250
109 142
65 106
2 214
154 270
85 117
50 228
37 121
84 208
20 263
269 278
99 203
113 143
166 177
188 284
0 1
138 142
111 256
0 77
206 258
47 96
24 149
24 145
186 284
149 282
56 251
179 259
22 103
21 124
109 251
209 251
100 110
146 273
56 146
14 50
53 149
110 129
50 186
26 236
8 170
137 226
12 17
115 238
39 62
43 188
98 171
34 294
140 198
6 59
39 162
20 144
63 183
114 273
69 299
50 292
8 188
20 218
156 205
187 296
127 271
39 194
86 277
227 228
278 288
17 233
6 202
161 265
186 189
10 79
130 186
2 246
70 221
18 27
129 257
23 100
84 115
62 295
201 275
179 289
15 223
217 249
110 229
170 235
14 49
180 287
196 235
233 266
3 208
37 45
12 69
148 190
236 237
137 210
252 264
16 32
227 265
208 249
128 184
130 177
62 251
147 216
201 297
166 205
204 211
268 295
237 280
116 216
79 174
105 190
31 174
10 222
139 224
19 218
48 160
111 248
110 164
160 259
65 125
21 65
36 60
69 289
49 158
37 223
143 237
166 268
69 88
30 260
12 248
225 280
48 280
36 210
197 295
70 262
172 188
36 261
50 82
119 235
25 224
14 191
83 244
32 274
44 96
76 274
21 74
56 58
5 285
105 107
20 30
47 56
48 291
73 185
150 173
175 244
11 97
42 119
146 203
16 190
291 299
18 73
65 127
102 131
132 288
152 262
9 70
61 260
109 146
186 259
19 183
168 187
6 194
92 210
209 279
35 260
22 53
33 139
180 216
65 242
256 257
27 217
17 230
127 141
27 76
86 147
25 262
15 208
31 278
1 292
36 257
253 279
38 141
74 118
112 255
139 212
108 120
138 239
38 80
166 265
103 160
13 174
29 129
83 212
7 136
16 257
172 262
65 295
0 165
7 139
30 278
202 219
139 211
40 177
43 57
44 203
109 161
42 78
190 213
6 197
49 263
265 273
12 225
38 226
178 233
208 260
162 205
47 116
203 277
12 159
73 115
173 182
193 267
73 158
22 274
207 237
180 288
0 163
141 270
148 230
126 242
31 109
105 156
60 199
59 185
72 258
226 298
171 193
265 266
29 239
40 288
80 229
92 220
133 190
115 285
91 111
58 200
195 215
56 94
27 294
151 205
131 252
149 197
2 167
31 215
158 256
19 87
88 239
221 231
182 268
37 273
80 147
27 173
62 281
89 121
27 275
280 292
158 194
161 177
61 93
244 271
16 101
111 189
94 255
63 200
162 195
35 47
109 222
43 69
44 250
122 242
76 281
136 254
194 249
99 138
200 273
84 206
89 214
178 252
103 241
152 266
188 251
53 110
112 122
62 154
219 276
57 295
9 245
1 255
100 247
94 220
0 52
4 142
182 266
70 94
176 299
64 88
141 250
115 227
16 81
177 287
109 286
34 171
36 284
126 231
188 272
151 241
25 155
83 291
89 229
17 113
201 228
82 231
9 95
98 111
27 142
3 150
14 184
174 298
53 272
213 229
25 80
102 154
237 287
76 94
166 259
94 147
161 228
130 256
228 289
119 183
7 269
21 186
113 205
71 230
52 166
143 243
184 297
46 171
192 234
0 152
146 151
51 64
126 233
20 115
139 213
221 298
160 236
66 242
66 101
19 48
118 191
3 15
61 188
174 226
5 278
78 208
124 130
2 273
45 115
29 117
167 185
97 250
156 244
215 257
62 263
181 277
154 292
94 236
105 214
162 268
99 193
69 122
147 281
72 96
193 241
109 127
17 227
124 143
238 274
3 106
13 171
47 107
107 204
74 128
19 66
241 279
140 260
88 212
56 281
206 234
67 111
91 113
84 289
110 234
92 228
99 114
157 213
259 265
85 118
145 236
104 124
177 244
84 266
192 209
115 299
163 178
44 182
18 254
85 240
13 128
32 242
165 242
176 208
26 207
104 261
117 262
192 280
61 64
22 210
8 209
189 239
123 124
78 283
120 141
18 22
103 134
16 51
45 224
4 279
240 250
160 265
57 140
157 170
119 256
245 264
80 134
205 255
10 290
35 151
106 111
173 245
242 261
6 48
27 166
62 117
19 274
128 134
43 114
70 298
162 295
86 242
94 130
192 199
84 235
43 195
93 269
54 192
211 240
112 129
19 174
38 246
132 148
14 166
175 217
37 136
212 274
32 94
68 283
153 286
82 270
48 63
66 117
229 233
195 253
142 155
43 55
262 274
121 202
179 257
143 291
23 232
52 238
59 276
29 205
6 58
93 161
262 299
227 232
123 244
99 237
17 33
43 207
28 295
174 245
237 286
69 270
7 12
22 71
280 284
42 153
286 298
256 285
235 260
256 269
58 259
56 127
263 292
171 287
43 168
29 213
105 282
51 170
42 74
26 293
54 198
92 120
128 196
77 209
64 98
165 174
57 273
2 49
173 288
32 88
1 93
113 251
36 165
121 130
166 291
97 156
28 65
13 189
18 209
222 273
116 140
147 174
113 149
102 223
12 74
168 186
65 299
153 171
216 292
207 283
191 210
4 275
245 272
41 181
154 263
103 132
6 53
255 269
123 281
9 249
60 111
16 120
164 277
0 184
127 191
102 241
163 238
44 143
159 254
86 250
4 14
35 92
73 259
40 158
119 167
42 282
214 228
257 298
79 298
193 206
134 242
60 157
125 256
79 202
167 204
165 233
9 208
219 269
127 134
5 260
2 47
27 39
38 216
88 177
5 82
64 118
240 241
126 194
20 293
98 237
59 278
247 298
132 278
127 238
174 190
229 292
201 261
19 237
8 108
66 166
190 230
182 184
62 171
76 243
107 175
85 232
230 234
33 264
115 160
57 203
86 247
39 286
6 208
269 276
166 194
35 108
125 271
33 119
44 140
276 294
277 280
10 207
74 245
200 222
8 131
147 169
56 99
127 175
77 93
22 112
199 202
83 245
168 247
64 291
20 37
143 279
48 88
40 236
83 240
105 182
48 281
10 125
32 126
80 237
72 231
25 230
142 240
52 274
253 294
89 96
25 189
78 237
212 277
14 47
171 269
17 229
204 291
31 142
75 131
58 111
189 203
195 289
15 31
247 284
9 89
86 132
69 278
164 242
99 230
68 289
153 271
58 86
262 280
38 89
112 252
15 148
137 141
172 263
152 210
208 213
41 299
30 299
110 215
261 272
14 197
51 82
220 285
109 247
200 250
12 37
186 202
80 96
75 95
268 280
57 229
109 245
270 297
132 139
163 264
146 162
177 228
162 265
126 148
100 162
128 251
30 165
189 297
17 178
92 199
149 297
128 242
98 258
97 291
256 282
170 190
56 135
53 256
13 267
57 141
218 222
160 171
102 271
63 177
1 174
129 212
168 223
160 279
20 261
33 116
142 286
198 276
81 173
186 207
48 264
238 250
178 209
52 55
24 53
229 236
150 234
159 213
10 232
178 227
17 69
216 293
19 89
74 278
27 174
54 294
193 232
4 71
109 193
127 269
108 214
149 206
10 117
20 114
93 101
119 250
214 218
164 286
7 291
86 264
217 259
110 140
197 243
182 189
6 61
158 272
64 221
121 232
234 288
4 35
7 81
206 296
123 225
282 285
166 298
71 83
212 257
194 201
128 161
90 219
241 248
191 214
13 65
51 146
53 151
134 138
45 210
135 182
216 220
86 120
192 215
172 221
156 167
17 125
215 295
236 288
127 216
33 203
101 192
84 297
4 222
184 214
50 239
35 170
114 299
226 270
214 287
19 275
254 287
155 157
20 99
104 259
97 263
79 281
98 178
99 280
90 134
167 202
17 188
115 218
85 287
27 219
51 290
2 5
209 278
163 298
9 174
106 155
189 286
87 119
84 186
99 226
2 73
146 261
64 71
58 128
99 201
4 137
90 192
10 68
101 225
110 118
151 273
40 216
96 160
11 242
67 74
65 220
80 136
37 261
238 247
60 84
150 243
5 276
130 218
37 230
81 240
62 209
74 173
170 258
97 244
77 162
158 217
254 299
119 298
179 244
82 239
82 111
0 244
226 241
89 233
7 152
142 181
159 226
148 266
63 169
144 247
61 278
29 157
67 276
12 27
109 207
3 289
248 272
42 265
131 174
199 234
35 93
115 261
133 252
161 174
121 175
119 278
187 256
6 283
213 251
144 254
117 255
254 297
129 134
33 128
63 164
179 230
131 177
39 63
12 57
97 178
216 239
195 208
155 214
106 178
75 180
113 135
67 244
78 132
11 112
176 291
106 293
57 174
145 284
121 242
61 162
123 210
66 256
89 187
224 269
37 262
156 258
157 288
36 105
53 200
117 281
162 243
87 170
219 284
93 154
68 278
154 189
162 191
7 281
49 231
2 63
21 159
21 178
110 199
252 283
10 152
6 234
15 21
176 286
6 82
79 284
150 233
94 225
148 232
127 197
129 216
13 237
86 288
115 188
98 248
11 140
126 251
17 266
148 245
206 252
27 84
190 229
17 168
75 165
100 202
16 115
84 180
72 253
18 120
12 267
205 219
222 278
31 295
188 231
192 292
71 137
80 276
0 46
128 248
100 263
30 78
114 169
10 174
3 295
266 296
260 274
44 188
21 76
65 275
20 165
136 297
188 245
95 245
16 58
97 99
137 266
199 265
141 204
188 228
224 260
154 272
42 250
16 23
44 170
88 242
209 224
206 291
86 113
181 203
0 145
34 280
267 298
160 233
162 202
48 214
138 254
48 255
112 270
201 299
208 212
177 204
42 166
69 290
187 224
70 256
89 221
155 254
209 249
49 69
175 207
55 62
48 103
18 161
69 125
37 114
30 43
196 293
36 86
62 266
88 223
18 197
25 177
104 126
173 234
109 227
132 282
181 224
85 294
94 210
63 260
93 299
3 45
42 89
8 81
56 151
148 222
25 253
57 247
203 233
130 282
94 115
70 112
48 249
116 142
180 211
102 210
25 157
7 67
88 299
127 150
197 275
124 150
52 123
255 260
56 294
85 203
109 249
209 273
142 198
51 109
74 205
72 99
79 115
114 219
98 220
16 117
126 141
19 178
16 31
73 186
26 271
28 187
53 273
97 171
195 200
33 269
157 158
121 273
92 288
139 260
155 242
68 129
48 149
185 232
10 190
181 198
23 47
105 219
138 247
157 240
47 113
35 182
21 205
48 148
177 268
78 225
19 290
11 256
21 180
150 165
98 271
18 174
145 203
18 93
137 175
140 251
110 228
131 156
56 276
8 153
77 286
96 232
276 295
53 209
16 270
40 111
68 285
58 272
128 182
20 117
56 258
23 166
179 238
214 297
58 288
117 119
44 103
72 213
18 150
33 219
145 288
109 259
69 182
81 117
198 250
189 254
172 198
143 221
131 164
279 284
0 75
139 214
200 290
233 284
25 209
130 168
65 134
237 267
187 234
123 217
178 193
35 65
76 178
241 287
18 62
62 277
94 116
46 276
13 158
31 119
38 214
224 287
277 279
191 213
108 216
36 110
38 123
115 175
1 214
63 108
85 285
79 126
154 253
164 177
167 208
257 283
23 122
153 181
0 124
118 216
206 233
23 78
6 29
31 138
220 246
146 205
83 272
36 89
179 213
174 236
56 296
259 289
11 150
114 268
58 227
122 256
13 64
37 39
11 186
95 242
31 158
89 236
189 244
170 188
177 296
137 167
69 285
151 200
89 180
2 16
125 239
3 273
12 138
40 201
35 198
109 296
66 232
62 250
138 173
51 233
134 152
172 240
140 221
62 75
21 78
12 79
104 255
67 145
160 168
46 119
95 195
13 280
79 230
127 253
60 69
4 255
244 264
179 237
0 157
85 131
40 169
235 237
155 237
97 283
44 274
78 254
57 158
185 236
6 163
49 219
13 215
193 251
51 200
3 209
37 134
129 130
119 121
66 276
101 268
12 251
180 205
90 121
58 142
5 200
107 224
120 214
107 139
123 190
59 126
148 151
34 260
81 277
43 153
110 122
61 196
76 134
8 18
213 218
66 223
113 173
27 199
38 45
169 186
245 281
184 295
8 93
122 218
124 141
217 251
114 298
64 184
83 242
192 213
258 296
109 188
88 183
137 229
75 178
98 211
21 145
96 166
66 153
41 47
242 258
240 298
63 72
67 125
69 198
194 280
28 168
55 263
244 256
187 192
20 290
93 98
188 246
93 259
52 65
7 140
11 191
0 135
177 254
202 204
182 246
26 98
51 205
42 59
170 246
45 277
165 263
43 274
108 258
27 151
90 168
42 220
48 225
97 128
95 252
10 102
113 174
7 216
157 173
119 202
79 179
94 216
96 260
55 69
120 148
258 288
0 238
163 208
48 57
0 43
106 205
79 102
161 219
47 92
71 249
150 264
181 232
245 277
66 244
65 84
42 214
105 204
14 42
67 142
123 163
28 142
269 296
159 188
158 206
33 229
49 208
131 141
118 226
194 255
43 108
49 148
12 144
132 214
38 286
181 295
16 118
229 278
87 204
236 289
68 144
90 252
37 124
80 156
102 275
145 163
148 293
108 260
95 280
27 298
116 276
43 257
146 299
83 97
41 165
131 279
17 169
250 255
57 225
88 225
60 202
52 248
161 208
208 240
8 258
19 36
62 126
273 293
90 114
56 155
8 87
177 286
104 294
81 127
51 52
6 221
26 165
6 73
187 214
66 247
85 224
50 283
200 276
14 23
119 131
127 169
207 271
4 127
184 253
5 209
130 288
63 153
69 156
95 279
35 45
42 259
77 130
9 30
54 85
96 225
17 268
52 239
108 277
67 230
44 276
33 287
50 158
67 238
171 217
162 206
257 262
145 217
34 279
140 175
24 64
32 65
41 169
18 24
91 278
22 249
119 236
107 277
46 287
44 158
259 263
117 278
34 268
2 123
13 50
129 195
74 260
168 214
130 238
160 186
81 135
200 234
42 124
163 229
88 274
73 103
190 285
133 253
8 277
7 290
59 202
172 185
86 215
97 105
76 292
157 257
179 191
3 57
233 286
73 218
12 292
49 229
62 182
54 211
62 71
182 254
16 126
67 283
173 212
80 288
37 217
96 197
254 281
70 292
5 40
62 269
54 297
31 161
154 260
214 275
36 291
40 156
4 27
81 107
44 298
197 241
146 178
50 247
144 240
121 236
235 245
51 257
41 284
212 245
187 195
159 232
231 252
140 258
221 256
1 117
14 271
117 294
242 244
141 168
41 182
77 179
28 35
13 282
76 195
10 23
134 221
7 117
147 173
127 130
68 245
39 183
11 229
209 256
129 223
105 149
170 226
36 198
13 71
141 263
18 25
152 217
224 247
22 120
72 149
2 192
94 237
106 284
167 193
22 263
244 248
36 241
7 194
107 210
125 200
117 235
30 182
42 52
3 166
5 201
58 296
42 295
154 162
20 287
61 252
35 252
5 28
200 289
35 96
162 288
97 274
4 105
199 280
35 56
117 257
5 87
22 211
10 249
231 254
71 266
129 258
47 247
81 82
96 243
70 122
40 280
72 126
179 182
49 107
191 252
197 277
39 299
41 108
9 92
47 133
5 110
157 262
5 43
153 292
38 114
78 275
94 101
26 151
10 35
127 226
104 262
54 123
103 284
95 165
128 194
50 238
64 199
148 256
140 159
161 197
6 136
153 275
178 289
24 231
58 241
251 255
74 162
9 17
110 156
234 238
50 284
2 177
48 77
207 258
120 217
156 275
8 184
128 298
59 114
22 55
117 273
11 31
72 100
101 262
35 229
201 279
20 130
120 281
207 292
80 176
164 236
151 172
32 172
222 287
143 297
13 42
105 270
44 122
145 178
85 107
38 233
5 138
120 168
125 127
164 257
3 28
206 246
118 252
175 238
105 134
172 200
147 194
5 243
69 235
141 206
181 244
217 291
266 294
212 297
249 252
82 243
176 188
77 100
88 276
47 145
116 271
81 112
22 123
18 238
56 69
161 182
78 173
96 130
127 219
8 171
90 129
57 166
30 243
170 210
257 271
16 243
97 125
55 199
46 272
81 217
151 167
242 245
24 125
41 295
4 101
185 218
85 244
26 243
80 153
52 197
162 213
287 295
62 102
34 186
148 155
16 167
6 162
13 82
107 287
77 291
208 295
204 229
132 172
213 231
77 128
265 291
93 260
155 278
62 216
241 263
123 161
129 279
23 292
40 99
60 105
34 87
16 220
258 299
87 185
78 272
56 162
179 276
24 173
147 239
34 270
28 109
15 291
114 223
28 83
223 226
115 295
73 195
80 294
282 291
144 146
78 100
124 172
112 251
24 37
104 134
149 198
96 121
16 231
201 294
68 154
49 289
194 284
107 129
111 158
56 98
7 198
134 180
23 137
44 99
174 178
124 203
51 80
96 297
199 283
90 137
80 267
187 213
16 64
20 274
119 180
30 187
17 165
92 119
54 215
191 281
146 147
105 226
103 198
22 181
2 164
21 71
244 258
60 235
7 26
34 206
117 126
146 196
17 34
88 288
232 285
69 131
79 175
29 57
131 278
32 263
34 295
105 292
92 292
70 104
100 139
277 278
8 175
42 174
163 244
130 229
147 252
60 278
7 157
52 270
100 241
4 98
48 92
196 243
95 119
87 148
73 95
75 248
19 189
20 163
62 249
24 61
40 151
47 231
60 283
53 70
83 126
203 227
146 175
46 176
67 246
21 111
0 67
40 282
41 72
84 103
34 299
111 183
5 69
164 205
68 132
59 132
60 214
157 208
24 103
27 187
94 124
164 187
12 76
172 206
61 108
160 256
147 191
216 271
136 197
58 256
192 222
49 118
182 194
152 209
28 81
3 21
131 244
33 202
3 193
11 263
105 110
77 255
79 152
252 265
221 285
62 177
143 181
26 278
75 182
209 235
210 291
154 282
15 122
57 178
20 260
66 189
144 183
195 262
85 266
29 81
14 276
262 292
54 89
174 290
136 298
33 280
155 291
47 100
60 85
172 275
73 171
69 272
88 233
57 66
72 117
42 131
97 116
220 291
139 271
127 172
170 251
51 79
165 270
163 195
41 192
63 250
72 114
35 99
145 160
29 165
259 269
85 160
56 80
128 195
51 256
55 119
178 199
158 201
21 116
8 96
98 114
123 280
170 211
79 82
25 111
255 271
64 110
104 239
11 155
131 247
177 262
82 120
78 198
193 226
7 258
25 81
247 287
118 292
82 100
114 193
122 125
217 288
197 227
80 191
103 162
63 234
112 257
70 160
16 237
4 204
196 237
289 297
174 264
163 233
49 162
141 254
235 298
79 119
178 223
209 241
54 250
121 176
111 267
23 80
29 48
119 197
26 238
135 252
69 101
115 202
8 75
62 201
128 280
103 240
234 273
64 79
255 256
88 296
96 278
117 228
103 218
72 148
15 224
51 274
75 227
114 255
106 207
58 233
40 122
12 29
20 60
56 284
15 109
153 278
120 295
174 213
74 275
37 199
12 141
3 216
117 291
172 199
223 282
16 132
157 196
45 217
25 78
96 230
56 91
103 282
57 78
30 249
33 158
166 202
90 202
101 177
124 285
42 181
150 250
124 276
220 228
206 285
173 267
76 140
19 222
7 243
132 209
33 285
86 158
32 270
191 203
74 142
170 282
76 223
19 39
138 287
30 212
63 283
4 140
11 213
84 97
117 220
58 82
27 104
142 271
8 269
113 114
35 219
142 148
163 168
1 181
145 155
83 270
87 129
94 110
98 194
70 192
64 274
129 143
131 271
114 139
240 279
5 212
14 153
54 178
21 288
228 231
67 133
250 262
113 206
7 57
123 275
8 19
32 106
185 297
217 272
54 236
208 283
213 291
279 281
197 262
16 164
179 212
25 222
85 289
159 260
16 219
175 279
224 276
134 279
117 212
239 255
280 286
151 234
199 296
70 224
2 61
111 213
22 127
53 132
54 136
270 279
156 164
10 76
1 26
84 109
70 273
141 208
189 273
55 159
135 159
197 288
74 271
168 259
95 99
11 253
15 255
33 87
16 171
142 290
35 294
250 267
109 224
23 84
252 296
193 297
124 241
161 216
83 293
135 230
92 141
99 241
133 225
63 269
17 287
92 130
123 126
45 121
20 38
236 297
80 199
86 281
62 73
55 227
136 173
6 187
61 191
33 80
148 241
49 259
179 188
11 103
5 148
77 184
181 238
66 137
13 47
127 276
121 255
46 234
91 122
104 204
65 189
7 284
33 38
18 226
121 264
270 289
22 226
47 260
107 113
126 161
34 52
81 287
80 225
109 236
129 174
125 166
141 251
125 216
131 186
57 199
159 285
99 216
61 89
12 239
21 181
230 298
179 216
45 291
150 207
153 297
48 265
30 179
203 229
188 288
141 205
39 202
46 51
194 240
201 267
121 131
163 265
144 297
132 289
242 282
196 291
135 296
166 256
159 176
147 164
47 288
69 139
168 243
137 242
108 144
104 282
121 275
25 197
29 265
14 207
63 262
198 199
154 258
117 186
16 65
103 165
57 224
0 4
92 246
189 253
45 142
118 287
166 184
131 143
209 266
29 91
41 223
97 248
13 120
166 223
147 234
223 292
164 233
75 245
209 232
75 193
88 168
134 258
49 101
164 272
143 144
91 258
78 294
156 160
53 87
83 252
21 58
254 296
222 241
82 183
225 275
10 94
20 116
165 280
122 144
17 190
148 289
160 283
16 278
83 143
103 278
87 177
36 84
10 183
77 265
203 293
149 161
78 97
268 274
15 114
168 274
50 198
43 245
33 198
121 223
75 259
11 205
269 282
214 276
21 37
117 238
92 182
68 261
94 242
56 229
150 161
83 211
100 178
134 156
76 79
204 255
90 212
243 246
25 36
194 265
199 274
38 42
160 280
142 188
49 89
224 292
92 260
102 168
230 278
233 247
89 186
145 153
144 200
149 277
166 180
154 171
65 210
226 249
137 190
31 68
112 239
199 255
109 256
68 235
40 67
168 278
66 157
109 132
33 210
87 142
199 258
220 297
163 242
10 187
150 174
77 131
197 259
51 66
234 265
30 174
52 162
14 283
122 247
146 156
81 205
1 162
105 254
141 216
111 167
19 42
97 261
173 220
239 294
11 272
54 225
237 278
221 268
44 215
43 253
61 176
210 275
164 230
80 146
0 58
77 257
42 270
174 267
221 243
258 267
183 284
21 222
213 289
195 258
204 290
17 211
167 173
149 292
37 125
47 95
57 125
173 219
27 99
186 270
72 144
57 237
10 27
279 293
174 299
3 203
164 266
139 265
176 232
32 90
24 267
89 249
48 72
121 139
128 268
230 295
139 209
40 190
43 83
9 118
83 148
67 83
77 225
99 101
192 240
50 130
109 150
202 248
23 170
128 253
10 162
210 297
54 56
115 297
132 174
10 16
93 199
51 235
180 246
10 100
198 265
100 274
135 229
105 227
142 248
116 210
191 222
240 266
37 193
53 72
24 203
190 198
75 144
70 118
133 244
195 219
71 98
169 285
52 148
53 91
259 290
234 263
230 233
174 270
123 299
76 78
75 274
202 268
39 171
20 167
224 291
22 62
63 231
7 167
80 150
122 220
161 184
94 108
166 283
41 65
34 193
109 119
87 219
11 142
83 178
10 154
72 127
176 242
4 236
109 136
30 86
0 10
119 214
94 132
154 211
173 188
44 104
49 76
112 183
114 218
228 247
74 268
53 145
16 57
133 178
245 271
208 255
174 271
6 228
29 231
269 275
210 262
81 232
24 81
213 293
155 266
190 224
23 102
20 46
62 275
18 236
102 136
82 294
217 277
155 251
252 272
162 169
54 102
135 239
15 232
42 281
56 249
76 120
182 295
65 103
170 205
164 253
223 288
141 291
78 145
248 263
50 299
117 256
51 283
150 209
69 258
190 210
86 205
124 189
23 295
147 276
105 251
30 178
193 250
62 278
80 263
113 271
148 249
22 99
57 92
57 267
195 282
158 225
84 248
153 283
117 276
170 228
100 222
10 224
288 294
9 39
120 152
69 280
1 3
58 220
29 95
78 129
3 224
60 287
31 44
10 266
11 284
21 67
61 208
61 247
70 181
50 152
2 153
53 222
200 263
3 41
29 227
17 96
136 210
131 272
102 194
169 256
216 282
216 277
52 211
68 155
213 273
188 260
161 236
223 242
126 259
263 278
99 221
55 201
123 201
170 271
1 105
86 210
206 212
65 177
117 167
61 238
197 233
76 284
192 247
54 166
98 215
111 299
65 270
174 242
280 287
125 243
190 207
7 31
84 262
84 202
75 181
8 299
207 252
246 261
96 118
176 282
138 140
2 135
244 263
42 46
127 251
35 60
81 241
96 162
72 170
147 279
123 145
240 293
168 241
27 88
67 178
110 207
43 279
85 108
59 77
137 264
97 147
9 79
203 245
92 232
107 235
175 237
96 128
19 163
58 129
70 75
165 294
106 154
3 184
266 267
21 113
117 152
62 174
56 158
207 291
144 265
118 218
66 75
94 298
52 275
21 131
217 238
176 220
122 142
195 240
48 233
156 171
78 144
109 147
117 275
50 227
184 225
165 196
165 269
239 245
103 173
211 277
67 151
221 260
129 203
28 262
65 237
44 145
235 270
4 299
159 268
104 169
25 207
119 277
2 96
22 227
200 281
29 219
181 237
2 57
119 203
98 158
36 68
35 94
5 124
46 56
15 161
71 190
125 186
261 286
53 208
253 296
189 215
35 178
92 96
232 267
31 47
84 178
24 151
171 276
29 279
74 190
80 181
179 194
26 190
185 267
105 220
146 254
12 78
60 273
151 161
13 144
67 175
41 256
47 167
94 146
64 278
138 275
96 222
112 203
142 270
40 123
187 276
118 249
32 247
143 153
28 97
138 211
10 37
5 183
104 121
131 214
62 259
29 53
166 237
131 284
107 188
164 171
138 222
60 136
111 117
71 267
285 290
2 98
100 152
31 89
16 70
258 272
143 175
174 222
39 236
62 217
58 107
209 284
45 260
45 71
116 214
38 257
154 188
254 259
40 290
95 162
58 67
120 286
210 294
198 208
86 177
196 260
36 245
105 296
42 150
8 119
172 265
98 224
126 190
267 273
25 53
40 173
2 11
220 272
6 201
161 201
202 238
59 158
200 286
106 209
209 227
15 174
100 165
151 278
56 118
109 252
44 195
34 207
6 99
0 231
64 132
18 213
122 124
77 109
24 286
267 285
34 214
66 212
8 44
48 181
76 169
93 203
35 192
210 266
26 244
151 209
25 45
33 122
110 134
101 109
88 193
122 237
3 96
38 265
132 183
219 220
71 238
89 209
32 254
66 114
1 128
176 237
23 154
83 257
130 205
247 278
261 285
93 295
168 216
12 295
111 118
91 150
65 258
194 216
144 259
113 183
0 220
3 156
9 38
256 260
17 221
12 293
66 213
131 280
183 208
26 133
225 294
112 177
145 235
58 194
42 241
59 262
267 293
3 17
6 277
11 75
5 199
17 139
172 270
148 179
55 282
49 257
161 194
84 219
126 140
199 213
157 219
13 277
25 134
85 104
52 103
115 251
222 283
233 293
192 272
179 185
15 86
157 226
122 141
178 281
80 149
94 190
25 126
171 230
162 253
173 265
5 41
41 217
202 263
34 287
147 265
225 285
82 281
174 212
142 256
36 208
98 291
117 182
53 175
38 99
6 24
55 64
24 117
105 133
191 227
120 126
75 231
116 187
24 217
106 174
102 129
160 228
192 218
247 253
70 282
24 139
203 251
30 76
129 239
173 240
157 180
16 296
44 285
72 268
246 299
75 127
39 153
45 56
9 257
44 292
68 131
87 131
71 214
200 215
140 205
85 141
209 297
42 134
194 258
62 192
9 189
24 228
238 259
4 85
230 268
72 113
107 144
22 79
96 284
163 289
122 160
8 198
93 254
17 18
28 37
5 258
190 239
81 150
177 218
159 206
239 278
52 174
121 271
88 284
12 210
196 211
151 270
56 289
93 220
151 259
117 284
161 294
67 203
194 205
98 230
24 240
34 61
47 122
60 97
46 85
55 271
27 197
96 169
113 172
73 165
8 286
211 263
54 169
152 157
133 176
211 224
7 60
92 284
7 106
55 200
86 296
224 258
162 272
282 287
189 290
152 273
79 253
73 110
172 283
212 259
57 222
65 188
161 231
17 145
121 210
72 275
145 257
59 86
84 299
239 252
12 164
114 147
126 237
59 294
48 247
31 111
102 173
70 234
144 171
37 268
27 156
156 175
112 114
28 160
27 179
168 175
153 235
201 214
26 234
106 285
151 210
85 260
32 132
250 279
12 135
30 188
43 194
54 204
222 285
97 231
136 153
84 120
126 198
49 125
36 85
68 186
220 269
44 248
108 171
136 253
48 231
147 155
69 187
170 192
98 166
6 251
96 218
116 270
147 274
11 217
131 254
24 227
247 254
88 142
188 200
47 74
43 261
116 236
34 184
34 190
252 285
7 38
37 206
76 191
192 259
197 268
187 203
27 267
46 167
172 215
259 266
134 185
69 247
33 169
206 260
37 50
157 266
63 224
139 246
115 190
64 151
38 159
126 268
14 65
32 46
64 238
43 123
199 290
120 193
23 205
60 78
96 255
21 215
188 262
113 158
17 253
195 268
53 225
6 96
100 257
87 293
129 162
198 207
206 275
56 244
77 277
212 239
70 265
53 270
139 256
34 243
277 282
30 276
34 259
60 126
43 265
53 172
4 180
131 155
187 262
151 239
63 264
230 282
35 185
24 252
196 292
139 178
103 190
173 281
250 268
55 247
127 140
111 271
73 282
185 211
12 175
249 295
186 209
30 162
74 263
74 110
40 95
198 213
138 230
106 180
179 288
58 298
21 99
92 225
232 277
160 289
278 284
69 165
15 231
89 128
134 237
167 187
5 64
119 297
50 163
37 161
108 188
182 200
113 167
103 230
27 208
87 96
73 154
80 253
173 296
207 233
172 176
44 183
46 225
94 262
203 259
150 194
155 264
61 85
88 119
46 206
171 236
61 68
109 125
84 242
53 94
263 266
146 229
10 206
105 245
220 256
60 71
150 267
87 211
105 258
51 151
164 288
22 277
56 199
50 138
36 232
156 299
137 199
197 261
44 194
118 264
151 178
1 87
198 226
3 265
16 236
101 154
56 228
130 165
128 269
164 267
175 253
152 215
13 112
109 166
125 158
213 215
113 211
176 191
128 168
22 245
53 281
2 163
184 238
46 138
113 261
42 126
126 208
185 287
113 193
43 160
6 78
269 273
141 183
149 180
182 215
217 233
98 204
34 100
146 194
7 172
160 267
186 286
173 227
171 172
38 266
32 116
5 24
138 207
198 287
113 139
73 222
20 83
29 183
106 223
31 81
282 293
168 298
31 277
94 254
132 150
182 220
245 249
87 240
190 204
96 126
56 100
139 221
172 250
74 279
207 225
60 201
128 232
106 187
122 159
107 156
114 246
4 113
125 209
60 225
130 251
98 132
25 129
57 285
191 264
186 251
92 118
66 288
57 228
173 269
32 102
238 279
104 272
33 199
36 179
62 161
60 218
47 251
235 285
27 202
155 243
94 213
19 223
77 234
51 59
82 293
17 50
186 249
102 268
31 139
199 244
12 253
52 163
98 263
37 218
177 192
23 213
157 188
91 94
146 265
10 203
253 280
130 254
187 285
138 269
230 274
145 202
26 218
63 295
136 224
7 101
217 248
42 289
6 8
240 263
16 221
95 268
140 223
79 277
260 298
242 269
172 272
139 298
59 121
59 131
38 120
46 101
42 178
62 246
15 30
41 155
5 19
266 286
69 255
42 260
100 179
21 40
154 286
51 97
182 275
13 156
10 54
111 232
104 173
119 178
256 272
26 261
12 43
112 279
19 240
92 247
24 101
128 228
13 193
4 146
245 250
176 230
121 186
147 148
191 199
179 211
3 283
171 210
263 286
209 258
62 93
21 34
190 293
83 158
4 6
3 139
7 121
128 179
27 59
28 259
270 291
26 61
12 288
76 197
169 271
57 259
149 243
50 101
108 284
157 175
112 164
291 297
71 73
15 93
116 205
119 143
18 107
94 155
15 16
236 259
38 164
112 200
147 269
76 259
2 231
125 129
56 197
219 224
90 154
67 173
198 275
19 254
87 205
46 186
210 232
79 87
180 215
90 118
101 169
209 218
133 273
227 253
177 198
217 228
133 184
5 206
27 103
11 92
14 231
90 246
146 180
116 186
56 242
11 131
111 199
97 264
40 244
182 209
27 279
220 293
62 258
157 291
107 242
18 43
76 151
13 254
78 196
18 277
34 59
100 127
31 194
76 161
70 259
49 122
94 286
95 296
138 156
150 153
246 249
74 168
152 181
81 230
78 99
137 260
133 139
164 289
33 118
77 155
129 199
51 293
163 201
69 190
51 188
70 220
222 262
205 283
194 217
28 173
141 244
22 32
161 296
252 273
19 28
65 272
135 186
200 244
97 109
66 296
81 190
39 270
215 220
232 253
114 262
195 233
33 289
191 254
8 287
225 278
195 222
4 125
71 121
123 204
12 106
210 282
131 198
130 249
84 238
111 250
96 201
197 234
137 140
176 240
148 218
43 101
192 226
100 264
48 223
112 168
29 79
146 279
96 262
98 162
25 86
39 100
173 298
10 26
138 266
39 238
39 237
82 129
182 265
65 93
14 105
187 229
128 145
107 218
62 205
57 157
30 102
55 128
30 146
83 285
2 58
107 256
72 186
46 217
66 265
24 42
97 281
37 198
138 182
196 285
181 264
68 86
55 225
92 181
164 214
119 261
82 185
158 278
75 279
136 192
82 283
94 172
54 233
18 63
38 104
72 116
81 171
164 263
28 138
99 134
72 162
73 129
51 204
17 187
39 52
211 282
35 237
179 275
140 295
47 221
211 219
57 236
123 292
154 208
37 195
246 279
293 296
32 134
48 168
135 260
72 201
132 296
47 188
128 147
99 161
50 208
116 273
168 257
205 236
166 198
0 233
281 283
220 278
67 107
21 291
179 287
153 279
33 227
132 236
15 287
208 296
165 183
50 232
64 165
99 102
75 199
18 77
68 182
39 114
107 193
86 145
226 271
111 227
203 298
164 285
168 294
145 270
125 144
95 244
74 252
114 134
54 248
77 140
116 119
76 240
89 143
74 126
37 294
17 100
182 244
40 146
206 253
147 280
111 281
201 262
74 94
39 243
31 213
54 71
174 197
128 234
70 123
192 205
86 167
84 207
89 232
165 212
276 289
193 242
29 36
2 15
112 138
56 287
87 237
158 221
112 244
4 80
201 247
38 90
22 206
71 179
168 286
100 232
90 111
199 252
19 172
253 284
62 157
244 299
111 154
235 240
167 194
234 257
141 284
31 163
17 212
32 64
143 249
155 253
27 94
24 48
63 181
87 110
161 178
83 84
19 24
191 270
200 254
147 254
117 231
0 59
149 176
2 44
31 255
110 191
239 280
173 213
101 260
143 262
44 228
229 247
90 253
96 181
100 112
212 213
115 164
88 166
171 211
102 174
154 281
93 206
119 194
219 263
191 246
187 190
227 277
125 296
38 272
137 208
48 205
3 117
177 219
252 271
65 83
203 211
130 259
166 220
57 197
84 166
94 299
61 143
238 254
140 227
28 100
64 234
119 149
103 120
74 297
73 132
139 284
166 253
63 71
62 289
62 147
90 257
97 198
17 226
133 198
99 212
15 252
1 219
90 292
134 281
28 221
184 246
7 175
9 237
208 297
51 184
9 168
26 118
43 158
97 108
9 228
181 207
25 127
167 182
200 252
85 238
165 198
141 154
168 206
78 89
104 267
125 207
4 200
66 141
9 143
20 244
10 244
260 262
248 250
99 146
167 244
22 158
27 85
215 280
20 75
72 272
6 132
100 198
162 200
41 272
103 106
118 268
65 216
69 217
115 236
161 273
10 298
52 290
214 220
48 62
180 258
58 120
171 220
45 78
13 26
143 197
18 282
17 122
220 227
7 186
199 297
172 247
59 182
179 292
9 252
213 232
43 49
114 258
102 240
96 258
162 245
136 265
34 120
99 108
93 294
90 298
218 298
152 201
133 229
144 291
85 109
186 223
153 234
0 93
88 97
69 94
138 214
103 246
13 248
64 292
39 262
62 292
114 291
11 125
34 262
120 258
148 273
149 244
32 67
171 298
34 92
173 292
7 147
72 171
95 216
134 136
230 250
97 179
4 294
28 108
228 267
38 115
202 282
16 269
14 192
184 222
31 166
145 290
61 178
129 292
123 248
152 249
177 215
83 190
79 173
100 151
166 239
44 288
25 228
243 262
11 108
190 233
112 221
255 265
242 251
106 117
21 167
212 285
2 64
137 153
128 217
71 261
96 117
79 242
5 39
25 239
161 195
189 202
126 183
205 285
40 74
24 25
26 286
142 175
111 231
3 4
72 173
66 99
4 191
72 244
19 268
105 209
93 179
146 268
61 284
60 220
86 259
86 280
70 186
91 242
73 216
115 224
120 282
54 115
116 135
74 273
45 48
190 256
36 264
8 38
24 176
163 267
157 206
6 148
16 216
199 230
98 188
4 5
79 285
30 277
179 285
107 220
8 262
52 71
17 147
281 284
10 138
242 295
91 190
1 107
107 284
58 295
63 134
51 119
28 195
74 150
65 122
80 233
56 131
113 204
184 266
3 127
246 262
15 270
77 105
124 185
30 175
5 225
207 255
52 72
29 37
152 212
37 94
50 112
202 297
68 258
82 176
146 204
61 98
151 276
6 87
26 144
33 232
36 51
105 132
10 73
45 219
99 209
1 21
90 206
11 134
215 224
32 74
7 276
252 276
63 158
11 236
207 243
10 21
31 179
156 194
189 291
76 288
149 201
41 159
53 291
216 294
20 26
49 290
34 266
53 244
64 81
40 233
59 254
50 90
133 297
74 247
75 288
62 189
156 276
49 268
95 209
184 229
121 226
207 278
84 193
26 152
137 148
67 208
91 117
50 225
114 297
51 155
124 166
44 101
22 145
69 231
5 240
62 212
243 283
21 176
27 225
227 255
135 154
139 186
6 131
182 235
112 161
48 257
70 213
34 103
53 95
18 91
74 157
13 231
3 40
19 219
155 280
125 171
93 256
28 229
142 190
192 291
105 152
7 113
167 191
34 102
12 237
109 250
164 243
42 99
61 174
70 154
195 216
61 77
59 151
94 142
34 201
53 85
192 198
83 112
117 215
54 118
227 279
98 143
21 69
144 160
128 223
190 243
32 111
37 65
66 122
20 283
250 264
1 243
138 151
99 224
207 259
88 108
30 286
51 98
62 88
163 180
85 262
34 191
18 224
1 221
247 296
98 222
21 134
75 93
33 143
13 251
54 203
17 163
78 194
156 197
140 164
191 284
125 167
3 126
2 88
60 153
84 228
117 153
71 232
42 75
245 298
129 161
76 262
211 292
208 232
52 175
192 229
43 247
108 131
250 282
155 194
43 278
83 248
147 206
189 233
33 231
186 215
144 148
136 291
111 223
151 289
145 194
236 253
77 238
271 287
30 93
1 228
31 200
135 264
89 168
27 195
91 135
126 227
39 280
24 102
253 254
13 151
2 147
0 34
53 226
14 257
149 254
95 273
123 205
12 50
32 292
134 141
68 96
82 139
38 299
136 156
14 76
52 66
162 278
120 177
126 288
78 261
148 221
96 182
106 246
190 199
40 238
6 76
188 215
140 188
253 276
19 96
105 148
86 267
126 258
144 166
84 275
57 180
114 123
145 247
4 34
162 197
167 274
70 173
187 278
25 270
96 298
194 283
15 119
169 195
45 228
9 134
26 69
198 239
85 119
175 197
112 171
72 197
279 298
218 267
28 237
85 278
142 149
47 78
108 239
212 266
152 229
48 216
113 289
160 276
57 257
76 98
150 205
201 230
3 51
73 102
64 129
93 263
30 192
234 293
21 164
89 146
69 203
274 279
4 197
98 247
2 235
60 149
30 156
119 124
124 207
64 121
109 205
211 251
9 158
171 189
35 270
232 286
27 233
14 83
232 287
126 143
15 191
79 261
12 219
120 240
70 288
75 251
73 285
13 245
100 174
212 267
168 197
112 184
152 238
80 219
95 293
110 254
123 226
166 173
214 295
122 288
61 217
107 230
34 58
78 83
168 246
124 196
36 289
80 240
212 227
160 220
7 270
227 233
100 145
151 193
15 284
5 123
63 214
157 297
155 193
18 217
5 51
7 184
246 286
96 158
156 259
180 186
26 141
38 293
236 286
89 241
55 109
5 18
105 198
268 277
27 28
26 213
62 66
116 218
59 263
53 142
104 113
41 210
100 299
261 282
39 55
212 280
206 238
234 258
14 235
38 201
92 104
28 263
145 181
196 240
1 39
97 153
138 212
5 211
18 212
282 298
150 256
160 269
244 283
145 250
54 76
108 156
41 287
1 235
33 41
130 237
149 246
3 268
112 141
21 183
217 255
28 186
24 167
118 170
169 298
29 224
206 264
70 208
104 199
1 188
234 247
89 255
2 254
23 148
137 253
95 106
127 293
122 245
170 213
119 151
134 274
79 85
80 130
116 274
63 79
71 81
17 271
105 206
224 252
13 132
81 260
257 273
186 203
106 179
57 65
132 137
151 262
177 269
49 79
150 240
10 130
174 287
98 268
240 281
68 231
64 201
104 252
132 250
60 263
95 197
100 249
58 218
189 277
19 270
265 280
189 248
47 282
73 250
42 151
138 294
8 140
23 178
76 252
118 201
172 228
117 206
191 228
93 209
174 208
164 238
242 285
16 114
74 206
49 252
219 252
9 200
176 267
17 68
195 278
103 161
153 196
63 143
129 227
74 208
32 297
75 282
130 287
124 233
67 96
76 186
62 296
43 65
182 238
93 197
44 209
40 157
215 221
41 85
82 182
158 203
34 203
137 271
99 178
189 195
124 244
40 185
220 279
29 240
122 155
3 259
185 196
3 153
38 113
80 272
231 240
182 203
126 199
6 12
226 239
43 176
242 283
116 257
190 260
75 86
145 169
51 107
83 172
160 262
240 249
189 287
190 223
50 71
77 89
62 80
55 157
50 256
140 213
30 166
226 242
123 168
27 163
87 174
34 110
102 111
26 89
1 250
31 124
0 172
