50 250
34
50
80
49
98
114
89
80
36
46
116
47
62
70
105
56
75
62
22
43
80
105
61
69
81
43
65
89
89
87
35
103
70
47
85
48
42
106
109
110
32
105
37
74
56
74
62
111
117
64
17 45
28 45
20 36
11 48
7 26
5 44
15 36
17 37
40 44
17 26
37 39
8 22
16 39
12 40
18 33
2 3
0 13
33 49
22 44
1 48
20 39
6 31
12 26
23 39
10 17
13 26
2 28
18 43
35 36
39 46
48 49
1 22
18 20
1 20
8 19
9 17
29 48
17 41
26 43
30 46
5 45
24 34
42 47
27 34
25 31
26 32
23 48
33 45
17 36
17 38
34 45
26 49
19 35
13 17
0 12
3 45
28 32
9 29
5 7
32 41
6 27
25 27
15 45
10 13
15 31
16 36
6 34
30 48
6 41
3 17
21 27
0 5
3 30
13 16
9 37
36 45
20 25
2 22
14 36
1 3
22 39
4 7
15 37
4 45
20 24
29 33
42 46
5 43
40 43
12 20
3 48
13 20
22 42
26 29
11 36
15 48
27 32
37 48
25 46
32 42
22 27
12 34
7 25
35 37
5 40
2 27
24 33
5 14
15 28
2 26
18 26
4 11
18 48
17 31
15 32
4 9
23 42
28 30
6 37
8 18
1 16
21 34
18 49
0 22
26 28
39 40
11 32
15 39
22 28
30 37
23 28
12 19
42 43
47 49
16 30
9 49
19 44
20 45
12 23
4 47
14 31
6 15
45 47
27 30
8 34
2 47
30 47
29 40
22 48
7 47
19 23
3 44
8 49
14 22
13 24
29 41
46 47
44 47
27 42
23 26
28 37
19 25
17 25
23 49
9 28
26 35
0 11
31 41
2 38
28 49
22 32
8 28
0 18
26 36
13 37
38 43
37 38
20 35
3 4
6 12
33 40
3 32
7 14
20 44
5 9
16 37
1 5
43 45
14 38
2 33
20 26
24 29
7 43
29 42
9 18
37 40
3 46
10 35
37 41
13 30
29 38
20 21
31 46
6 44
21 39
13 28
7 21
25 43
15 30
28 33
3 13
13 23
6 42
24 37
18 44
18 45
2 41
8 12
19 33
40 49
11 12
34 47
7 24
14 37
39 48
2 17
3 31
28 46
20 34
15 35
2 37
9 16
28 47
1 46
12 18
11 17
18 47
13 41
8 32
13 25
15 46
34 37
19 32
5 36
2 8
17 18
16 33
24 36
8 45
22 45
