200 1000
29
73
71
57
70
82
51
24
68
46
94
31
91
78
42
98
86
29
38
80
22
58
65
35
38
40
93
68
93
58
22
102
63
73
39
65
88
22
69
36
48
95
47
71
106
69
50
72
31
68
33
33
106
78
48
77
50
73
25
23
64
27
57
107
80
28
105
100
30
106
116
110
82
43
114
68
45
44
20
56
44
33
21
82
44
101
39
74
54
44
30
98
103
67
38
116
76
75
96
38
61
93
81
23
68
27
23
93
51
24
81
27
89
82
89
113
115
61
20
50
37
30
80
21
29
50
117
37
105
93
108
99
118
69
102
67
76
106
92
59
62
54
66
83
68
87
29
64
80
29
46
98
91
58
51
100
89
48
118
26
73
106
105
72
107
40
71
63
78
43
54
72
77
52
35
26
119
44
22
32
105
48
110
76
86
41
109
107
21
107
66
26
93
51
78
80
23
81
75
81
183 189
127 199
90 179
165 198
67 184
58 133
46 190
33 119
21 56
29 99
195 196
178 179
24 157
30 116
34 160
76 102
17 27
29 148
117 194
98 101
14 156
4 187
2 106
37 176
88 114
5 63
83 183
42 193
72 159
71 109
58 185
27 173
2 12
82 127
25 149
135 163
74 181
119 136
132 156
47 112
117 197
62 80
52 104
73 163
128 182
34 186
8 119
13 84
140 162
63 166
101 117
98 178
97 128
60 186
6 98
3 59
121 167
35 171
25 61
134 153
121 195
91 115
56 81
43 199
117 148
59 65
37 170
98 116
102 135
93 111
1 170
96 120
92 131
69 92
178 192
175 188
66 99
55 180
6 123
71 176
35 123
89 93
5 24
144 159
55 107
4 60
100 177
69 181
25 184
91 128
3 66
55 68
84 123
159 187
129 163
52 183
72 150
98 175
77 194
86 184
49 91
26 197
143 178
48 127
91 155
8 158
76 109
165 193
0 153
105 129
68 88
134 171
160 184
37 98
178 184
173 179
27 170
123 157
5 100
2 55
10 48
157 166
87 131
87 103
8 36
57 168
54 96
28 56
38 126
45 168
18 62
42 99
57 141
41 165
14 167
49 63
15 130
17 20
98 123
87 104
24 131
27 144
79 124
35 69
2 80
38 64
51 137
58 144
146 175
137 161
95 186
24 25
44 153
42 52
98 120
51 139
35 122
1 31
18 159
23 161
13 51
102 177
36 102
49 198
10 58
34 122
27 83
30 77
79 150
170 175
98 154
137 157
51 116
26 155
6 29
7 39
60 142
58 195
158 191
146 153
17 68
52 187
95 169
127 130
72 105
26 49
7 155
115 159
70 75
105 185
29 177
41 64
59 119
62 100
17 46
15 186
66 154
113 191
121 123
147 192
178 194
86 173
1 40
28 197
111 134
92 133
111 197
30 133
8 33
44 178
31 59
49 116
13 107
89 115
59 180
36 111
53 162
54 197
146 154
65 83
80 168
157 192
91 118
126 174
19 76
60 104
21 30
61 196
128 176
61 85
36 73
89 172
121 187
96 142
67 131
147 159
51 69
91 169
66 112
96 188
37 152
0 67
62 173
54 63
100 190
67 178
39 126
20 65
68 160
7 27
119 199
50 126
18 188
100 172
20 36
40 73
172 193
98 140
55 156
104 197
56 171
176 182
10 148
48 122
7 16
101 167
27 126
66 169
141 197
33 118
159 161
86 106
152 199
159 184
88 155
108 163
11 84
146 173
146 184
0 95
105 148
167 184
89 175
50 173
30 121
144 158
32 65
30 136
64 166
95 171
3 6
17 134
32 40
24 190
37 178
36 177
96 137
20 112
22 185
37 168
143 196
64 175
13 46
29 111
12 158
0 18
114 134
154 187
119 129
97 130
59 118
55 85
105 156
93 119
80 157
13 23
77 105
118 151
14 75
87 147
99 173
57 87
44 185
104 193
75 173
91 154
39 135
43 146
66 97
88 177
54 175
0 32
83 103
150 159
49 118
43 46
100 104
82 85
75 148
74 190
102 144
117 189
64 183
80 184
73 82
9 57
10 127
10 41
113 143
169 183
144 168
26 44
72 108
129 172
119 135
38 198
15 116
179 199
132 164
14 31
37 89
116 175
16 51
78 116
0 111
52 55
78 168
99 192
139 180
74 116
52 115
64 67
31 44
66 163
50 160
129 197
56 91
65 142
24 95
10 135
62 95
15 190
41 141
32 159
28 173
25 58
75 143
93 126
71 111
31 41
122 161
52 180
178 197
2 146
92 157
137 188
19 79
112 155
67 72
45 96
95 155
23 38
30 68
101 116
157 179
84 93
31 64
9 97
153 163
52 105
93 124
1 83
155 189
68 85
152 163
175 192
153 174
69 195
27 175
111 178
9 20
69 175
170 188
65 85
94 170
137 187
20 47
140 188
8 127
25 79
18 123
7 76
2 192
20 97
27 129
83 101
36 59
158 171
188 199
93 195
111 132
33 158
104 173
31 98
123 134
9 63
22 141
86 176
58 135
58 163
141 159
151 152
82 110
23 152
45 57
134 190
30 92
46 156
30 190
65 90
93 99
67 159
45 137
43 73
55 101
36 196
13 187
95 149
49 53
70 107
4 50
49 81
48 95
37 190
77 79
56 170
15 178
68 189
33 60
67 93
86 129
63 99
68 164
70 147
17 129
22 68
101 178
22 25
13 138
17 103
25 69
84 147
15 167
0 96
60 163
86 189
138 178
10 143
37 80
6 112
161 180
3 81
116 171
16 171
85 188
88 149
116 121
17 55
116 132
57 154
44 110
5 67
81 99
40 118
60 98
20 151
23 132
20 103
39 143
44 76
92 132
8 149
118 139
55 76
50 183
27 113
118 132
61 184
36 101
87 196
121 148
145 171
26 168
111 136
70 165
154 156
114 116
33 46
101 193
35 176
100 166
51 155
16 19
7 35
31 117
46 191
131 169
51 88
24 196
18 115
71 141
8 125
171 187
132 193
24 28
108 191
64 129
42 100
29 32
59 150
58 60
93 192
27 181
43 175
110 157
99 194
71 181
107 121
53 66
80 162
9 161
3 178
10 13
32 73
45 112
5 83
37 110
32 186
86 144
32 143
76 195
54 55
97 197
51 106
115 138
125 165
52 95
65 80
57 113
90 170
158 173
127 147
36 66
122 131
10 74
106 157
103 161
11 100
10 69
77 103
7 20
59 154
35 115
77 173
148 167
95 106
5 177
88 136
50 51
109 163
66 159
22 170
32 118
22 191
61 199
16 194
10 62
51 87
35 151
55 82
9 148
14 56
77 145
80 150
113 147
107 189
11 179
29 50
21 195
56 72
18 172
72 182
75 80
22 67
26 29
35 149
6 177
6 49
0 103
2 86
27 65
61 197
38 91
47 185
64 71
188 193
18 89
122 170
93 144
37 120
139 173
102 107
145 157
0 108
109 194
2 126
21 64
11 123
107 170
148 171
41 142
83 111
33 160
5 178
103 133
6 185
30 94
66 182
13 155
81 185
1 186
157 198
108 127
40 121
142 156
152 175
110 161
105 155
161 187
41 124
23 119
170 185
6 125
143 150
137 159
116 144
52 87
43 185
35 116
177 178
72 82
104 185
162 192
93 132
86 123
56 194
109 179
67 179
82 104
10 63
19 154
106 131
127 158
43 193
21 43
68 122
27 104
5 48
98 141
16 180
184 189
10 46
120 141
24 113
23 76
40 42
30 171
100 189
98 144
94 134
57 165
21 162
36 119
70 177
2 18
145 154
143 155
63 152
66 96
40 120
80 142
114 124
3 15
65 102
0 159
124 148
9 110
45 98
168 181
174 199
119 122
18 106
58 74
33 122
73 76
170 194
105 109
95 109
124 160
83 163
111 112
121 159
57 173
154 166
92 177
52 106
11 12
37 70
55 70
99 112
106 129
69 186
15 164
47 139
77 162
174 189
73 86
111 198
29 143
73 105
11 122
85 125
147 175
75 197
2 187
83 96
93 166
22 109
69 130
0 7
32 127
57 149
13 60
56 108
41 113
115 181
58 76
1 51
28 157
48 160
15 145
60 195
17 63
121 193
39 74
71 153
1 102
128 166
114 136
74 155
8 49
71 125
24 66
24 128
52 177
19 136
74 83
79 137
1 101
82 140
75 187
28 163
41 91
155 194
20 180
63 181
28 134
47 59
110 187
23 162
111 116
142 181
12 194
31 47
66 165
40 139
53 102
20 95
146 166
2 78
65 187
59 167
61 166
58 141
23 126
52 156
69 199
52 169
46 134
118 138
124 127
40 99
171 186
66 173
16 53
76 191
142 172
139 146
4 156
80 179
83 85
88 104
57 84
82 156
20 22
140 199
16 95
86 145
44 117
181 190
56 185
89 99
116 182
4 174
58 86
13 42
140 157
69 161
20 131
5 174
142 173
38 145
90 141
76 185
8 57
16 128
27 194
105 111
31 161
47 115
41 129
41 182
38 111
95 121
21 83
26 127
72 146
16 88
92 115
25 123
102 153
91 96
132 149
93 159
75 180
22 92
134 156
146 156
3 197
67 80
24 194
58 170
19 74
58 134
36 167
9 69
100 141
74 117
49 77
119 182
12 104
98 112
47 158
25 115
79 139
138 172
109 191
12 120
125 131
86 156
97 152
70 186
123 188
147 195
3 122
7 78
15 57
173 190
104 105
183 198
170 196
86 113
177 190
17 85
76 170
15 135
58 192
53 77
12 94
109 155
21 145
77 82
2 32
13 198
86 155
20 55
33 124
11 142
39 70
5 64
54 56
9 64
69 147
86 193
34 193
7 102
136 138
85 140
75 90
136 146
61 96
59 131
1 155
19 98
7 105
23 27
114 126
30 119
37 38
109 123
129 181
20 173
57 61
105 166
49 122
77 116
14 50
9 48
75 119
1 29
91 120
59 189
45 97
26 106
156 172
88 97
97 176
94 159
2 33
118 143
63 145
84 111
155 156
139 187
140 142
168 185
13 180
58 174
1 77
2 165
