300 3000
97
36
72
31
88
75
33
93
80
108
56
81
63
50
62
43
46
79
83
98
41
119
29
65
21
75
21
43
91
90
25
21
106
30
32
26
85
97
99
97
37
87
58
81
117
53
104
96
112
67
74
86
118
35
31
119
90
85
94
62
107
100
63
45
110
27
51
27
104
82
104
22
101
95
35
51
28
119
27
72
66
81
38
116
96
102
67
66
119
42
60
58
22
55
83
64
62
66
71
47
80
55
101
61
82
116
92
90
67
99
43
65
60
113
61
88
47
108
87
98
30
27
36
84
63
99
28
105
97
79
84
57
67
117
99
29
65
23
52
112
55
27
57
95
20
98
116
48
39
83
78
49
90
95
114
85
26
74
23
104
86
87
41
33
37
72
94
82
76
78
27
111
85
64
38
38
95
86
118
114
49
76
95
72
51
41
37
58
96
40
42
62
60
115
27
77
68
53
91
76
64
98
67
29
95
37
47
70
104
45
116
85
102
43
89
85
65
59
23
93
31
97
87
71
93
94
80
41
79
52
49
23
82
48
85
57
65
64
107
101
90
55
119
24
79
88
89
24
27
45
97
39
22
116
42
47
90
55
20
101
39
49
57
101
77
22
39
23
118
78
56
88
114
55
44
25
76
66
81
35
91
110
106
45
106
81
73
28
116
73
109
35
55
98
116
112
52
87
67
51
219 223
82 168
156 298
9 289
136 162
48 177
14 72
125 282
51 229
52 93
91 191
65 114
150 158
20 228
107 158
30 53
129 135
179 199
44 260
168 180
122 268
109 195
144 282
72 264
165 195
38 68
57 133
153 215
225 283
90 144
135 249
16 172
84 123
180 196
64 83
113 258
85 222
67 205
66 277
13 83
143 151
104 200
9 284
19 167
63 286
122 161
12 34
138 149
86 157
29 293
142 203
251 288
65 156
107 183
185 191
28 249
42 53
79 280
62 148
48 98
211 260
222 276
113 294
125 203
154 251
154 196
49 199
142 166
107 250
49 293
193 298
73 235
54 103
14 217
165 202
18 165
125 240
141 171
18 105
57 126
75 225
211 274
106 274
134 192
108 293
1 127
200 292
147 288
6 55
65 260
83 220
97 126
19 75
181 268
38 146
263 290
221 253
248 289
59 181
82 219
174 209
218 220
161 261
118 220
16 183
180 236
6 18
33 93
53 78
26 116
68 199
131 173
22 172
81 121
105 203
31 53
164 273
2 77
120 234
2 297
55 178
73 238
23 236
14 218
128 297
80 182
65 253
87 289
74 221
29 94
126 274
193 247
22 180
0 234
20 236
55 250
180 227
2 238
98 253
95 131
187 211
5 161
164 248
290 294
141 169
19 143
19 264
143 199
129 286
58 199
6 117
44 60
186 299
47 284
4 178
132 191
141 293
57 248
243 293
47 215
118 136
58 155
134 253
106 172
57 82
200 231
63 291
249 296
42 95
46 285
25 117
166 290
162 238
208 223
22 233
69 123
140 233
274 276
134 187
21 199
130 191
254 273
173 270
216 255
117 293
14 143
4 162
9 25
243 285
228 233
7 108
50 200
26 41
226 228
125 213
104 250
7 275
111 233
118 245
63 149
111 215
258 274
220 267
51 215
4 36
64 143
193 196
237 264
242 272
218 237
68 168
41 127
152 195
60 193
261 271
134 256
177 266
97 160
233 263
64 290
51 207
54 247
18 153
177 185
12 103
80 166
23 207
208 218
112 268
111 135
119 230
159 269
85 182
71 256
72 145
113 249
31 167
196 236
133 237
31 288
63 82
42 239
34 51
62 197
44 238
17 207
154 203
141 211
39 277
90 283
15 288
9 184
251 298
70 117
58 248
82 148
122 139
124 208
186 242
105 180
174 283
140 186
81 281
58 150
20 133
8 201
200 262
204 245
67 261
21 261
177 221
43 51
61 219
55 259
65 157
140 236
76 239
20 79
109 229
130 131
84 114
15 190
46 187
59 219
6 292
20 184
115 265
78 235
34 195
70 260
32 251
111 146
7 272
92 155
137 207
80 239
37 222
19 193
26 149
169 237
202 210
145 285
19 281
92 115
52 263
48 185
56 83
80 211
4 90
235 280
211 226
112 185
15 131
130 164
67 157
34 119
71 269
17 250
109 142
65 106
2 214
154 270
85 117
50 228
37 121
84 208
20 263
269 278
99 203
113 143
166 177
188 284
0 1
138 142
111 256
0 77
206 258
47 96
24 149
24 145
186 284
149 282
56 251
179 259
22 103
21 124
109 251
209 251
100 110
146 273
56 146
14 50
53 149
110 129
50 186
26 236
8 170
137 226
12 17
115 238
39 62
43 188
98 171
34 294
140 198
6 59
39 162
20 144
63 183
114 273
69 299
50 292
8 188
20 218
156 205
187 296
127 271
39 194
86 277
227 228
278 288
17 233
6 202
161 265
186 189
10 79
130 186
2 246
70 221
18 27
129 257
23 100
84 115
62 295
201 275
179 289
15 223
217 249
110 229
170 235
14 49
180 287
196 235
233 266
3 208
37 45
12 69
148 190
236 237
137 210
252 264
16 32
227 265
208 249
128 184
130 177
62 251
147 216
201 297
166 205
204 211
268 295
237 280
116 216
79 174
105 190
31 174
10 222
139 224
19 218
48 160
111 248
110 164
160 259
65 125
21 65
36 60
69 289
49 158
37 223
143 237
166 268
69 88
30 260
12 248
225 280
48 280
36 210
197 295
70 262
172 188
36 261
50 82
119 235
25 224
14 191
83 244
32 274
44 96
76 274
21 74
56 58
5 285
105 107
20 30
47 56
48 291
73 185
150 173
175 244
11 97
42 119
146 203
16 190
291 299
18 73
65 127
102 131
132 288
152 262
9 70
61 260
109 146
186 259
19 183
168 187
6 194
92 210
209 279
35 260
22 53
33 139
180 216
65 242
256 257
27 217
17 230
127 141
27 76
86 147
25 262
15 208
31 278
1 292
36 257
253 279
38 141
74 118
112 255
139 212
108 120
138 239
38 80
166 265
103 160
13 174
29 129
83 212
7 136
16 257
172 262
65 295
0 165
7 139
30 278
202 219
139 211
40 177
43 57
44 203
109 161
42 78
190 213
6 197
49 263
265 273
12 225
38 226
178 233
208 260
162 205
47 116
203 277
12 159
73 115
173 182
193 267
73 158
22 274
207 237
180 288
0 163
141 270
148 230
126 242
31 109
105 156
60 199
59 185
72 258
226 298
171 193
265 266
29 239
40 288
80 229
92 220
133 190
115 285
91 111
58 200
195 215
56 94
27 294
151 205
131 252
149 197
2 167
31 215
158 256
19 87
88 239
221 231
182 268
37 273
80 147
27 173
62 281
89 121
27 275
280 292
158 194
161 177
61 93
244 271
16 101
111 189
94 255
63 200
162 195
35 47
109 222
43 69
44 250
122 242
76 281
136 254
194 249
99 138
200 273
84 206
89 214
178 252
103 241
152 266
188 251
53 110
112 122
62 154
219 276
57 295
9 245
1 255
100 247
94 220
0 52
4 142
182 266
70 94
176 299
64 88
141 250
115 227
16 81
177 287
109 286
34 171
36 284
126 231
188 272
151 241
25 155
83 291
89 229
17 113
201 228
82 231
9 95
98 111
27 142
3 150
14 184
174 298
53 272
213 229
25 80
102 154
237 287
76 94
166 259
94 147
161 228
130 256
228 289
119 183
7 269
21 186
113 205
71 230
52 166
143 243
184 297
46 171
192 234
0 152
146 151
51 64
126 233
20 115
139 213
221 298
160 236
66 242
66 101
19 48
118 191
3 15
61 188
174 226
5 278
78 208
124 130
2 273
45 115
29 117
167 185
97 250
156 244
215 257
62 263
181 277
154 292
94 236
105 214
162 268
99 193
69 122
147 281
72 96
193 241
109 127
17 227
124 143
238 274
3 106
13 171
47 107
107 204
74 128
19 66
241 279
140 260
88 212
56 281
206 234
67 111
91 113
84 289
110 234
92 228
99 114
157 213
259 265
85 118
145 236
104 124
177 244
84 266
192 209
115 299
163 178
44 182
18 254
85 240
13 128
32 242
165 242
176 208
26 207
104 261
117 262
192 280
61 64
22 210
8 209
189 239
123 124
78 283
120 141
18 22
103 134
16 51
45 224
4 279
240 250
160 265
57 140
157 170
119 256
245 264
80 134
205 255
10 290
35 151
106 111
173 245
242 261
6 48
27 166
62 117
19 274
128 134
43 114
70 298
162 295
86 242
94 130
192 199
84 235
43 195
93 269
54 192
211 240
112 129
19 174
38 246
132 148
14 166
175 217
37 136
212 274
32 94
68 283
153 286
82 270
48 63
66 117
229 233
195 253
142 155
43 55
262 274
121 202
179 257
143 291
23 232
52 238
59 276
29 205
6 58
93 161
262 299
227 232
123 244
99 237
17 33
43 207
28 295
174 245
237 286
69 270
7 12
22 71
280 284
42 153
286 298
256 285
235 260
256 269
58 259
56 127
263 292
171 287
43 168
29 213
105 282
51 170
42 74
26 293
54 198
92 120
128 196
77 209
64 98
165 174
57 273
2 49
173 288
32 88
1 93
113 251
36 165
121 130
166 291
97 156
28 65
13 189
18 209
222 273
116 140
147 174
113 149
102 223
12 74
168 186
65 299
153 171
216 292
207 283
191 210
4 275
245 272
41 181
154 263
103 132
6 53
255 269
123 281
9 249
60 111
16 120
164 277
0 184
127 191
102 241
163 238
44 143
159 254
86 250
4 14
35 92
73 259
40 158
119 167
42 282
214 228
257 298
79 298
193 206
134 242
60 157
125 256
79 202
167 204
165 233
9 208
219 269
127 134
5 260
2 47
27 39
38 216
88 177
5 82
64 118
240 241
126 194
20 293
98 237
59 278
247 298
132 278
127 238
174 190
229 292
201 261
19 237
8 108
66 166
190 230
182 184
62 171
76 243
107 175
85 232
230 234
33 264
115 160
57 203
86 247
39 286
6 208
269 276
166 194
35 108
125 271
33 119
44 140
276 294
277 280
10 207
74 245
200 222
8 131
147 169
56 99
127 175
77 93
22 112
199 202
83 245
168 247
64 291
20 37
143 279
48 88
40 236
83 240
105 182
48 281
10 125
32 126
80 237
72 231
25 230
142 240
52 274
253 294
89 96
25 189
78 237
212 277
14 47
171 269
17 229
204 291
31 142
75 131
58 111
189 203
195 289
15 31
247 284
9 89
86 132
69 278
164 242
99 230
68 289
153 271
58 86
262 280
38 89
112 252
15 148
137 141
172 263
152 210
208 213
41 299
30 299
110 215
261 272
14 197
51 82
220 285
109 247
200 250
12 37
186 202
80 96
75 95
268 280
57 229
109 245
270 297
132 139
163 264
146 162
177 228
162 265
126 148
100 162
128 251
30 165
189 297
17 178
92 199
149 297
128 242
98 258
97 291
256 282
170 190
56 135
53 256
13 267
57 141
218 222
160 171
102 271
63 177
1 174
129 212
168 223
160 279
20 261
33 116
142 286
198 276
81 173
186 207
48 264
238 250
178 209
52 55
24 53
229 236
150 234
159 213
10 232
178 227
17 69
216 293
19 89
74 278
27 174
54 294
193 232
4 71
109 193
127 269
108 214
149 206
10 117
20 114
93 101
119 250
214 218
164 286
7 291
86 264
217 259
110 140
197 243
182 189
6 61
158 272
64 221
121 232
234 288
4 35
7 81
206 296
123 225
282 285
166 298
71 83
212 257
194 201
128 161
90 219
241 248
191 214
13 65
51 146
53 151
134 138
45 210
135 182
216 220
86 120
192 215
172 221
156 167
17 125
215 295
236 288
127 216
33 203
101 192
84 297
4 222
184 214
50 239
35 170
114 299
226 270
214 287
19 275
254 287
155 157
20 99
104 259
97 263
79 281
98 178
99 280
90 134
167 202
17 188
115 218
85 287
27 219
51 290
2 5
209 278
163 298
9 174
106 155
189 286
87 119
84 186
99 226
2 73
146 261
64 71
58 128
99 201
4 137
90 192
10 68
101 225
110 118
151 273
40 216
96 160
11 242
67 74
65 220
80 136
37 261
238 247
60 84
150 243
5 276
130 218
37 230
81 240
62 209
74 173
170 258
97 244
77 162
158 217
254 299
119 298
179 244
82 239
82 111
0 244
226 241
89 233
7 152
142 181
159 226
148 266
63 169
144 247
61 278
29 157
67 276
12 27
109 207
3 289
248 272
42 265
131 174
199 234
35 93
115 261
133 252
161 174
121 175
119 278
187 256
6 283
213 251
144 254
117 255
254 297
129 134
33 128
63 164
179 230
131 177
39 63
12 57
97 178
216 239
195 208
155 214
106 178
75 180
113 135
67 244
78 132
11 112
176 291
106 293
57 174
145 284
121 242
61 162
123 210
66 256
89 187
224 269
37 262
156 258
157 288
36 105
53 200
117 281
162 243
87 170
219 284
93 154
68 278
154 189
162 191
7 281
49 231
2 63
21 159
21 178
110 199
252 283
10 152
6 234
15 21
176 286
6 82
79 284
150 233
94 225
148 232
127 197
129 216
13 237
86 288
115 188
98 248
11 140
126 251
17 266
148 245
206 252
27 84
190 229
17 168
75 165
100 202
16 115
84 180
72 253
18 120
12 267
205 219
222 278
31 295
188 231
192 292
71 137
80 276
0 46
128 248
100 263
30 78
114 169
10 174
3 295
266 296
260 274
44 188
21 76
65 275
20 165
136 297
188 245
95 245
16 58
97 99
137 266
199 265
141 204
188 228
224 260
154 272
42 250
16 23
44 170
88 242
209 224
206 291
86 113
181 203
0 145
34 280
267 298
160 233
162 202
48 214
138 254
48 255
112 270
201 299
208 212
177 204
42 166
69 290
187 224
70 256
89 221
155 254
209 249
49 69
175 207
55 62
48 103
18 161
69 125
37 114
30 43
196 293
36 86
62 266
88 223
18 197
25 177
104 126
173 234
109 227
132 282
181 224
85 294
94 210
63 260
93 299
3 45
42 89
8 81
56 151
148 222
25 253
57 247
203 233
130 282
94 115
70 112
48 249
116 142
180 211
102 210
25 157
7 67
88 299
127 150
197 275
124 150
52 123
255 260
56 294
85 203
109 249
209 273
142 198
51 109
74 205
72 99
79 115
114 219
98 220
16 117
126 141
19 178
16 31
73 186
26 271
28 187
53 273
97 171
195 200
33 269
157 158
121 273
92 288
139 260
155 242
68 129
48 149
185 232
10 190
181 198
23 47
105 219
138 247
157 240
47 113
35 182
21 205
48 148
177 268
78 225
19 290
11 256
21 180
150 165
98 271
18 174
145 203
18 93
137 175
140 251
110 228
131 156
56 276
8 153
77 286
96 232
276 295
53 209
16 270
40 111
68 285
58 272
128 182
20 117
56 258
23 166
179 238
214 297
58 288
117 119
44 103
72 213
18 150
33 219
145 288
109 259
69 182
81 117
198 250
189 254
172 198
143 221
131 164
279 284
0 75
139 214
200 290
233 284
25 209
130 168
65 134
237 267
187 234
123 217
178 193
35 65
76 178
241 287
18 62
62 277
94 116
46 276
13 158
31 119
38 214
224 287
277 279
191 213
108 216
36 110
38 123
115 175
1 214
63 108
85 285
79 126
154 253
164 177
167 208
257 283
23 122
153 181
0 124
118 216
206 233
23 78
6 29
31 138
220 246
146 205
83 272
36 89
179 213
174 236
56 296
259 289
11 150
114 268
58 227
122 256
13 64
37 39
11 186
95 242
31 158
89 236
189 244
170 188
177 296
137 167
69 285
151 200
89 180
2 16
125 239
3 273
12 138
40 201
35 198
109 296
66 232
62 250
138 173
51 233
134 152
172 240
140 221
62 75
21 78
12 79
104 255
67 145
160 168
46 119
95 195
13 280
79 230
127 253
60 69
4 255
244 264
179 237
0 157
85 131
40 169
235 237
155 237
97 283
44 274
78 254
57 158
185 236
6 163
49 219
13 215
193 251
51 200
3 209
37 134
129 130
119 121
66 276
101 268
12 251
180 205
90 121
58 142
5 200
107 224
120 214
107 139
123 190
59 126
148 151
34 260
81 277
43 153
110 122
61 196
76 134
8 18
213 218
66 223
113 173
27 199
38 45
169 186
245 281
184 295
8 93
122 218
124 141
217 251
114 298
64 184
83 242
192 213
258 296
109 188
88 183
137 229
75 178
98 211
21 145
96 166
66 153
41 47
242 258
240 298
63 72
67 125
69 198
194 280
28 168
55 263
244 256
187 192
20 290
93 98
188 246
93 259
52 65
7 140
11 191
0 135
177 254
202 204
182 246
26 98
51 205
42 59
170 246
45 277
165 263
43 274
108 258
27 151
90 168
42 220
48 225
97 128
95 252
10 102
113 174
7 216
157 173
119 202
79 179
94 216
96 260
55 69
120 148
258 288
0 238
163 208
48 57
0 43
106 205
79 102
161 219
47 92
71 249
150 264
181 232
245 277
66 244
65 84
42 214
105 204
14 42
67 142
123 163
28 142
269 296
159 188
158 206
33 229
49 208
131 141
118 226
194 255
43 108
49 148
12 144
132 214
38 286
181 295
16 118
229 278
87 204
236 289
68 144
90 252
37 124
80 156
102 275
145 163
148 293
108 260
95 280
27 298
116 276
43 257
146 299
83 97
41 165
131 279
17 169
250 255
57 225
88 225
60 202
52 248
161 208
208 240
8 258
19 36
62 126
273 293
90 114
56 155
8 87
177 286
104 294
81 127
51 52
6 221
26 165
6 73
187 214
66 247
85 224
50 283
200 276
14 23
119 131
127 169
207 271
4 127
184 253
5 209
130 288
63 153
69 156
95 279
35 45
42 259
77 130
9 30
54 85
96 225
17 268
52 239
108 277
67 230
44 276
33 287
50 158
67 238
171 217
162 206
257 262
145 217
34 279
140 175
24 64
32 65
41 169
18 24
91 278
22 249
119 236
107 277
46 287
44 158
259 263
117 278
34 268
2 123
13 50
129 195
74 260
168 214
130 238
160 186
81 135
200 234
42 124
163 229
88 274
73 103
190 285
133 253
8 277
7 290
59 202
172 185
86 215
97 105
76 292
157 257
179 191
3 57
233 286
73 218
12 292
49 229
62 182
54 211
62 71
182 254
16 126
67 283
173 212
80 288
37 217
96 197
254 281
70 292
5 40
62 269
54 297
31 161
154 260
214 275
36 291
40 156
4 27
81 107
44 298
197 241
146 178
50 247
144 240
121 236
235 245
51 257
41 284
212 245
187 195
159 232
231 252
140 258
221 256
1 117
14 271
117 294
242 244
141 168
41 182
77 179
28 35
13 282
76 195
10 23
134 221
7 117
147 173
127 130
68 245
39 183
11 229
209 256
129 223
105 149
170 226
36 198
13 71
141 263
18 25
152 217
224 247
22 120
72 149
2 192
94 237
106 284
167 193
22 263
244 248
36 241
7 194
107 210
125 200
117 235
30 182
42 52
3 166
5 201
58 296
42 295
154 162
20 287
61 252
35 252
5 28
200 289
35 96
162 288
97 274
4 105
199 280
35 56
117 257
5 87
22 211
10 249
231 254
71 266
129 258
47 247
81 82
96 243
70 122
40 280
72 126
179 182
49 107
191 252
197 277
39 299
41 108
9 92
47 133
5 110
157 262
5 43
153 292
38 114
78 275
94 101
26 151
10 35
127 226
104 262
54 123
103 284
95 165
128 194
50 238
64 199
148 256
140 159
161 197
6 136
153 275
178 289
24 231
58 241
251 255
74 162
9 17
110 156
234 238
50 284
2 177
48 77
207 258
120 217
156 275
8 184
128 298
59 114
22 55
117 273
11 31
72 100
101 262
35 229
201 279
20 130
120 281
207 292
80 176
164 236
151 172
32 172
222 287
143 297
13 42
105 270
44 122
145 178
85 107
38 233
5 138
120 168
125 127
164 257
3 28
206 246
118 252
175 238
105 134
172 200
147 194
5 243
69 235
141 206
181 244
217 291
266 294
212 297
249 252
82 243
176 188
77 100
88 276
47 145
116 271
81 112
22 123
18 238
56 69
161 182
78 173
96 130
127 219
8 171
90 129
57 166
30 243
170 210
257 271
16 243
97 125
55 199
46 272
81 217
151 167
242 245
24 125
41 295
4 101
185 218
85 244
26 243
80 153
52 197
162 213
287 295
62 102
34 186
148 155
16 167
6 162
13 82
107 287
77 291
208 295
204 229
132 172
213 231
77 128
265 291
93 260
155 278
62 216
241 263
123 161
129 279
23 292
40 99
60 105
34 87
16 220
258 299
87 185
78 272
56 162
179 276
24 173
147 239
34 270
28 109
15 291
114 223
28 83
223 226
115 295
73 195
80 294
282 291
144 146
78 100
124 172
112 251
24 37
104 134
149 198
96 121
16 231
201 294
68 154
49 289
194 284
107 129
111 158
56 98
7 198
134 180
23 137
44 99
174 178
124 203
51 80
96 297
199 283
90 137
80 267
187 213
16 64
20 274
119 180
30 187
17 165
92 119
54 215
191 281
146 147
105 226
103 198
22 181
2 164
21 71
244 258
60 235
7 26
34 206
117 126
146 196
17 34
88 288
232 285
69 131
79 175
29 57
131 278
32 263
34 295
105 292
92 292
70 104
100 139
277 278
8 175
42 174
163 244
130 229
147 252
60 278
7 157
52 270
100 241
4 98
48 92
196 243
95 119
87 148
73 95
75 248
19 189
20 163
62 249
24 61
40 151
47 231
60 283
53 70
83 126
203 227
146 175
46 176
67 246
21 111
0 67
40 282
41 72
84 103
34 299
111 183
5 69
164 205
68 132
59 132
60 214
157 208
24 103
27 187
94 124
164 187
12 76
172 206
61 108
160 256
147 191
216 271
136 197
58 256
192 222
49 118
182 194
152 209
28 81
3 21
131 244
33 202
3 193
11 263
105 110
77 255
79 152
252 265
221 285
62 177
143 181
26 278
75 182
209 235
210 291
154 282
15 122
57 178
20 260
66 189
144 183
195 262
85 266
29 81
14 276
262 292
54 89
174 290
136 298
33 280
155 291
47 100
60 85
172 275
73 171
69 272
88 233
57 66
72 117
42 131
97 116
220 291
139 271
127 172
170 251
51 79
165 270
163 195
41 192
63 250
72 114
35 99
145 160
29 165
259 269
85 160
56 80
128 195
51 256
55 119
178 199
158 201
21 116
8 96
98 114
123 280
170 211
79 82
25 111
255 271
64 110
104 239
11 155
131 247
177 262
82 120
78 198
193 226
7 258
25 81
247 287
118 292
82 100
114 193
122 125
217 288
197 227
80 191
103 162
63 234
112 257
70 160
16 237
4 204
196 237
289 297
174 264
163 233
49 162
141 254
235 298
79 119
178 223
209 241
54 250
121 176
111 267
23 80
29 48
119 197
26 238
135 252
69 101
115 202
8 75
62 201
128 280
103 240
234 273
64 79
255 256
88 296
96 278
117 228
103 218
72 148
15 224
51 274
75 227
114 255
106 207
58 233
40 122
12 29
20 60
56 284
15 109
153 278
120 295
174 213
74 275
37 199
12 141
3 216
117 291
172 199
223 282
16 132
157 196
45 217
25 78
96 230
56 91
103 282
57 78
30 249
33 158
166 202
90 202
101 177
124 285
42 181
150 250
124 276
220 228
206 285
173 267
76 140
19 222
7 243
132 209
33 285
86 158
32 270
191 203
74 142
170 282
76 223
19 39
138 287
30 212
63 283
4 140
11 213
84 97
117 220
58 82
27 104
142 271
8 269
113 114
35 219
142 148
163 168
1 181
145 155
83 270
87 129
94 110
98 194
70 192
64 274
129 143
131 271
114 139
240 279
5 212
14 153
54 178
21 288
228 231
67 133
250 262
113 206
7 57
123 275
8 19
32 106
185 297
217 272
54 236
208 283
213 291
279 281
197 262
16 164
179 212
25 222
85 289
159 260
16 219
175 279
224 276
134 279
117 212
239 255
280 286
151 234
199 296
70 224
2 61
111 213
22 127
53 132
54 136
270 279
156 164
10 76
1 26
84 109
70 273
141 208
189 273
55 159
135 159
197 288
74 271
168 259
95 99
11 253
15 255
33 87
16 171
142 290
35 294
250 267
109 224
23 84
252 296
193 297
124 241
161 216
83 293
135 230
92 141
99 241
133 225
63 269
17 287
92 130
123 126
45 121
20 38
236 297
80 199
86 281
62 73
55 227
136 173
6 187
61 191
33 80
148 241
49 259
179 188
11 103
5 148
77 184
181 238
66 137
13 47
127 276
121 255
46 234
91 122
104 204
65 189
7 284
33 38
18 226
121 264
270 289
22 226
47 260
107 113
126 161
34 52
81 287
80 225
109 236
129 174
125 166
141 251
125 216
131 186
57 199
159 285
99 216
61 89
12 239
21 181
230 298
179 216
45 291
150 207
153 297
48 265
30 179
203 229
188 288
141 205
39 202
46 51
194 240
201 267
121 131
163 265
144 297
132 289
242 282
196 291
135 296
166 256
159 176
147 164
47 288
69 139
168 243
137 242
108 144
104 282
121 275
25 197
29 265
14 207
63 262
198 199
154 258
117 186
16 65
103 165
57 224
0 4
92 246
189 253
45 142
118 287
166 184
131 143
209 266
29 91
41 223
97 248
13 120
166 223
147 234
223 292
164 233
75 245
209 232
75 193
88 168
134 258
49 101
164 272
143 144
91 258
78 294
156 160
53 87
83 252
21 58
254 296
222 241
82 183
225 275
10 94
20 116
165 280
122 144
17 190
148 289
160 283
16 278
83 143
103 278
87 177
36 84
10 183
77 265
203 293
149 161
78 97
268 274
15 114
168 274
50 198
43 245
33 198
121 223
75 259
11 205
269 282
214 276
21 37
117 238
92 182
68 261
94 242
56 229
150 161
83 211
100 178
134 156
76 79
204 255
90 212
243 246
25 36
194 265
199 274
38 42
160 280
142 188
49 89
224 292
92 260
102 168
230 278
233 247
89 186
145 153
144 200
149 277
166 180
154 171
65 210
226 249
137 190
31 68
112 239
199 255
109 256
68 235
40 67
168 278
66 157
109 132
33 210
87 142
199 258
220 297
163 242
10 187
150 174
77 131
197 259
51 66
234 265
30 174
52 162
14 283
122 247
146 156
81 205
1 162
105 254
141 216
111 167
19 42
97 261
173 220
239 294
11 272
54 225
237 278
221 268
44 215
43 253
61 176
210 275
164 230
80 146
0 58
77 257
42 270
174 267
221 243
258 267
183 284
21 222
213 289
195 258
204 290
17 211
167 173
149 292
37 125
47 95
57 125
173 219
27 99
186 270
72 144
57 237
10 27
279 293
174 299
3 203
164 266
139 265
176 232
32 90
24 267
89 249
48 72
121 139
128 268
230 295
139 209
40 190
43 83
9 118
83 148
67 83
77 225
99 101
192 240
50 130
109 150
202 248
23 170
128 253
10 162
210 297
54 56
115 297
132 174
10 16
93 199
51 235
180 246
10 100
198 265
100 274
135 229
105 227
142 248
116 210
191 222
240 266
37 193
53 72
24 203
190 198
75 144
70 118
133 244
195 219
71 98
169 285
52 148
53 91
259 290
234 263
230 233
174 270
123 299
76 78
75 274
202 268
39 171
20 167
224 291
22 62
63 231
7 167
80 150
122 220
161 184
94 108
166 283
41 65
34 193
109 119
87 219
11 142
83 178
10 154
72 127
176 242
4 236
109 136
30 86
0 10
119 214
94 132
154 211
173 188
44 104
49 76
112 183
114 218
228 247
74 268
53 145
16 57
133 178
245 271
208 255
174 271
6 228
29 231
269 275
210 262
81 232
24 81
213 293
155 266
190 224
23 102
20 46
62 275
18 236
102 136
82 294
217 277
155 251
252 272
162 169
54 102
135 239
15 232
42 281
56 249
76 120
182 295
65 103
170 205
164 253
223 288
141 291
78 145
248 263
50 299
117 256
51 283
150 209
69 258
190 210
86 205
124 189
23 295
147 276
105 251
30 178
193 250
62 278
80 263
113 271
148 249
22 99
57 92
57 267
195 282
158 225
84 248
153 283
117 276
170 228
100 222
10 224
288 294
9 39
120 152
69 280
1 3
58 220
29 95
78 129
3 224
60 287
31 44
10 266
11 284
21 67
61 208
61 247
70 181
50 152
2 153
53 222
200 263
3 41
29 227
17 96
136 210
131 272
102 194
169 256
216 282
