300 5000
49
88
111
88
42
85
100
90
74
21
70
29
39
116
38
92
26
77
111
39
114
111
110
28
80
65
119
67
49
77
63
31
45
106
99
68
23
31
90
78
32
40
39
104
88
109
28
47
67
119
66
113
62
108
73
22
53
73
69
82
30
64
93
108
50
24
108
54
36
78
64
100
51
35
84
71
76
92
98
23
91
96
68
33
84
22
87
117
75
89
32
37
33
57
25
116
62
113
50
30
24
46
110
55
61
75
58
117
47
37
73
71
65
73
36
30
75
104
79
82
73
43
100
86
81
57
82
75
103
64
37
107
42
27
94
83
34
32
33
62
101
38
65
47
91
81
109
99
65
20
61
70
44
41
89
57
79
103
64
62
48
81
101
70
40
75
86
55
39
51
49
21
21
94
100
44
107
41
23
105
41
117
55
117
38
24
106
49
108
102
43
88
115
24
90
36
31
108
71
51
91
52
104
92
26
36
69
113
57
24
50
30
21
86
80
92
90
118
21
30
101
45
98
96
49
21
64
61
109
115
44
81
99
28
105
105
96
106
51
33
111
33
95
64
99
55
36
22
54
38
32
87
115
63
63
44
64
108
37
105
55
113
118
35
73
56
72
49
42
55
62
85
69
90
30
100
25
46
102
111
116
67
78
111
110
74
88
106
114
57
91
49
51
42
116
104
78
21
34
52
198 255
27 99
137 145
51 284
73 74
90 210
108 282
271 282
132 239
57 250
246 298
6 25
110 227
77 171
124 126
74 181
81 208
225 278
97 277
172 262
50 225
14 84
85 285
118 269
224 228
219 222
88 247
118 205
81 166
99 296
130 155
60 80
157 160
109 123
81 212
95 100
48 237
132 219
109 207
126 147
31 125
104 279
9 265
149 183
90 146
283 297
28 43
129 188
239 252
11 34
163 203
129 251
14 101
8 222
69 123
154 186
246 290
185 264
35 299
141 147
130 233
138 261
225 268
149 178
213 259
212 214
76 93
217 229
107 140
237 282
124 261
137 208
74 114
166 172
71 109
7 94
198 202
55 179
218 257
57 177
21 170
91 298
8 115
274 280
200 217
162 257
93 146
122 260
46 220
82 178
117 237
19 176
135 284
53 199
8 293
215 282
30 125
197 265
186 245
86 223
180 215
8 248
70 78
20 299
116 250
133 286
61 188
5 75
97 256
90 129
17 163
5 99
41 271
227 296
219 268
13 183
14 152
230 244
136 264
5 281
114 267
155 291
48 176
230 273
57 111
74 116
27 121
68 173
144 221
113 295
60 192
44 296
126 292
27 263
8 257
268 276
11 123
51 131
59 113
76 116
192 225
242 252
66 115
72 210
67 88
75 281
124 179
6 77
104 116
125 269
113 289
101 288
0 232
39 111
98 115
23 280
60 222
27 126
90 99
36 178
164 218
97 211
288 289
103 156
93 124
258 282
83 165
217 246
37 68
29 166
61 205
241 265
268 283
91 125
119 179
4 37
43 215
83 134
204 290
50 240
166 222
8 32
7 57
1 177
82 96
1 95
36 143
18 179
56 161
4 227
8 41
151 276
220 232
141 160
34 59
43 134
143 243
102 145
173 198
268 279
123 252
22 57
2 165
58 184
93 277
57 119
95 113
33 260
79 153
114 245
131 213
56 209
11 75
0 253
233 261
265 268
77 108
162 288
224 243
36 220
39 201
66 145
158 186
152 266
11 97
80 224
281 289
33 108
38 52
65 108
23 128
31 131
71 206
45 149
47 266
0 237
5 134
66 244
218 292
4 210
42 68
101 280
65 83
135 209
69 156
179 252
35 197
63 155
106 108
56 205
74 293
132 205
24 180
76 224
38 294
114 228
80 261
163 215
78 176
50 234
2 245
166 195
38 229
50 196
89 107
102 216
59 152
48 84
135 176
9 130
266 289
46 296
250 264
81 261
11 140
67 138
65 233
85 103
135 214
4 52
206 294
199 220
20 265
153 283
248 292
214 283
31 282
260 284
273 295
65 136
185 284
26 49
111 118
33 205
257 298
45 89
9 215
180 244
81 227
29 33
68 272
6 295
7 100
95 290
108 280
264 283
61 293
65 163
22 172
196 223
31 37
246 268
98 264
179 243
212 260
33 215
221 255
185 262
32 264
72 294
16 258
77 117
76 280
2 98
229 277
182 266
128 245
65 261
7 296
204 272
120 257
5 264
93 190
57 279
273 274
129 290
284 298
60 120
174 279
210 260
92 151
148 278
95 221
161 280
65 92
101 252
237 257
31 65
96 199
88 174
70 270
54 216
88 268
166 299
14 76
11 217
221 290
65 194
85 278
174 229
44 127
30 281
136 148
12 88
153 244
14 262
175 230
120 195
71 286
85 195
63 206
3 36
120 248
34 230
99 104
15 195
46 231
120 176
241 246
190 208
146 222
21 257
77 152
216 223
64 163
61 179
64 122
70 215
145 236
87 156
1 172
233 282
159 270
53 216
152 261
106 298
115 183
19 87
193 287
9 63
151 176
188 273
155 240
43 228
0 252
1 16
124 298
94 286
91 209
10 113
104 168
182 284
179 229
222 242
73 238
118 126
46 110
33 141
33 90
145 158
86 269
125 157
115 118
177 268
125 232
95 98
134 164
30 95
63 252
1 37
25 207
123 179
69 212
16 212
162 297
70 135
183 279
51 260
98 281
82 228
78 106
177 270
212 259
66 275
155 211
236 276
115 207
111 236
119 128
116 200
42 271
252 277
2 264
28 100
9 297
103 234
87 164
52 126
123 244
27 35
56 151
18 23
187 263
135 255
15 207
109 251
178 255
86 181
167 272
33 269
20 176
15 125
184 251
59 67
147 195
46 146
170 203
65 166
57 72
1 124
5 279
210 285
12 123
228 290
58 218
183 248
184 286
53 134
81 244
142 200
155 179
12 296
22 121
68 75
100 297
132 282
62 197
106 205
148 233
133 291
67 134
53 226
18 112
14 158
111 193
73 157
221 266
40 69
43 190
40 168
42 52
75 104
233 249
9 235
81 194
200 278
28 205
17 164
165 263
22 27
36 293
157 244
34 39
99 254
131 141
6 258
245 256
6 191
243 273
221 253
33 225
178 231
132 196
147 298
159 174
72 247
68 167
104 253
159 204
259 291
45 266
43 249
193 274
101 217
54 166
143 190
69 88
74 272
221 265
22 176
95 123
15 163
20 279
23 235
66 280
33 298
67 76
260 272
177 241
178 284
22 131
72 200
44 148
70 165
67 93
214 217
216 284
129 248
57 204
37 183
216 270
87 90
59 292
102 222
0 33
131 206
30 55
84 203
1 126
25 245
95 295
63 159
279 289
11 36
193 195
125 216
163 212
58 208
23 160
75 130
88 193
0 259
43 170
256 296
44 281
139 242
28 153
8 203
142 266
88 96
213 274
56 77
114 238
262 285
26 167
37 272
255 296
177 272
39 280
136 173
14 167
42 275
21 230
102 163
197 199
3 162
59 225
163 239
173 224
125 252
143 215
150 224
211 248
3 27
201 229
139 243
68 166
89 285
88 149
5 46
8 39
208 264
120 200
45 127
5 176
20 297
220 221
170 183
170 198
151 238
77 151
94 271
131 296
113 145
170 271
10 243
203 230
26 50
103 206
96 280
93 211
52 131
67 274
66 289
5 172
75 140
82 286
99 130
117 212
89 275
82 218
12 151
122 178
115 277
84 211
9 47
56 61
36 296
164 260
1 56
88 136
42 187
212 266
151 294
1 285
204 212
49 86
116 218
125 127
17 184
239 247
59 275
244 276
287 297
32 75
127 133
39 165
92 146
110 150
200 296
131 249
65 116
101 244
171 242
180 181
118 239
114 156
144 267
52 112
271 297
179 286
149 270
47 203
54 62
110 158
6 159
174 293
147 276
118 218
18 50
100 136
256 290
3 9
115 152
61 176
164 240
14 162
117 210
24 113
171 271
187 229
180 182
104 158
27 274
77 97
25 177
67 286
185 289
76 90
156 190
20 266
86 145
200 297
169 221
56 223
106 202
6 289
68 264
33 93
110 166
152 270
177 208
5 141
49 298
16 195
69 78
156 196
245 275
56 144
31 218
121 253
137 242
127 154
10 212
228 247
22 270
80 199
228 257
22 204
144 244
34 192
0 9
108 189
108 206
139 159
29 229
108 153
163 183
21 182
95 144
204 224
47 134
4 250
62 272
58 260
116 295
2 168
56 244
28 262
52 168
33 121
197 274
132 193
190 266
14 86
62 219
10 109
53 260
113 168
125 285
153 278
33 120
22 177
50 277
81 191
13 270
114 219
39 59
103 281
26 170
89 130
194 197
62 142
114 127
93 187
60 281
55 178
155 289
157 180
128 236
102 245
37 99
161 203
70 187
73 138
214 275
20 224
160 162
27 38
42 278
75 172
38 50
79 130
205 287
141 259
167 205
19 243
156 294
64 274
44 47
71 254
13 274
48 173
86 189
200 231
64 72
6 154
122 188
79 233
193 227
147 220
150 215
144 166
124 192
168 208
252 291
39 189
78 177
130 178
61 242
119 254
129 149
7 82
208 287
27 181
177 186
104 148
73 272
34 296
192 235
184 249
138 239
168 275
153 269
30 298
5 148
150 297
134 209
42 131
159 248
134 223
88 124
214 238
96 234
248 289
197 221
160 225
35 252
4 81
106 131
6 87
136 289
55 270
186 250
65 199
40 97
33 238
24 164
13 152
100 258
2 232
279 297
84 144
225 231
89 141
57 280
147 245
202 269
170 290
125 256
42 228
80 280
55 290
109 232
222 281
66 71
44 259
101 161
8 291
99 260
67 263
156 231
152 154
146 277
75 110
19 90
74 207
132 140
107 235
23 121
174 239
147 270
8 198
72 189
68 223
83 201
185 290
142 239
39 86
149 171
213 243
120 291
69 175
5 12
134 282
28 208
73 175
24 179
3 235
56 265
167 226
139 216
110 143
182 292
35 276
46 54
67 210
51 193
131 253
26 101
59 280
50 294
16 35
102 261
235 242
39 229
73 91
42 182
125 226
101 276
13 82
147 223
149 250
154 168
22 82
141 181
54 283
90 187
51 290
51 286
281 284
57 77
11 72
151 249
179 289
2 51
250 261
163 226
146 253
17 35
168 250
223 228
167 234
13 285
116 157
24 193
149 153
2 274
153 165
206 223
26 84
98 209
187 277
261 282
30 33
69 202
281 297
177 267
216 242
4 126
58 80
19 260
22 234
151 234
157 227
12 57
184 266
110 213
123 153
195 239
153 264
186 193
13 70
153 229
64 158
55 122
75 238
134 224
68 149
76 127
185 226
88 162
203 250
75 109
22 73
48 279
38 293
51 165
19 63
32 127
88 229
1 219
136 215
64 144
256 271
192 234
33 208
96 164
223 283
109 273
73 245
88 283
66 253
24 119
5 8
61 259
225 226
121 249
42 258
144 234
105 192
267 289
3 269
242 264
112 262
67 200
133 297
84 205
14 282
74 255
266 287
187 264
189 192
85 286
147 282
39 220
87 240
56 80
45 243
50 55
7 117
4 7
212 250
16 140
95 194
142 234
29 61
5 198
36 218
65 291
18 264
157 204
213 237
254 263
41 132
46 261
82 225
150 186
34 172
106 292
21 147
56 153
92 292
109 196
19 266
116 204
15 232
238 247
21 280
79 282
78 213
16 260
115 132
102 107
250 290
46 181
155 173
103 139
1 34
21 132
5 257
200 247
84 227
57 256
50 216
126 165
48 228
90 273
178 206
85 136
79 275
165 189
29 205
102 166
89 175
107 289
112 123
102 211
167 249
212 299
38 135
164 235
137 266
25 197
43 161
174 282
171 189
92 270
128 258
72 218
186 231
96 170
45 163
75 89
44 276
113 208
132 211
98 288
29 193
11 202
91 120
212 235
113 115
185 222
168 293
221 264
85 215
57 61
157 212
78 85
49 118
210 216
37 291
161 239
2 281
82 289
195 245
105 168
132 190
1 28
235 250
17 151
79 87
260 299
97 288
106 129
39 146
74 184
30 236
85 175
258 269
126 215
153 231
135 286
163 174
39 109
56 165
12 252
24 187
4 176
122 133
268 282
57 225
7 152
28 45
14 144
38 271
191 281
116 254
128 229
32 268
197 290
2 77
16 202
27 258
149 244
143 279
117 120
22 88
128 133
24 102
140 199
47 181
54 83
13 297
81 182
33 172
31 162
227 285
179 254
123 243
86 103
102 272
190 259
46 87
75 148
163 275
40 211
124 156
205 265
189 199
274 287
18 124
51 137
3 68
57 298
191 212
46 136
95 184
283 288
64 234
98 183
39 224
61 247
26 100
41 152
191 277
15 101
204 261
16 204
261 272
66 164
173 203
110 262
50 250
145 285
28 66
105 135
196 252
104 274
9 145
3 200
157 213
117 214
61 230
75 90
6 297
162 268
2 270
7 39
36 37
174 194
40 122
51 145
60 148
152 290
12 255
9 226
73 122
163 209
197 258
221 250
241 262
112 264
120 211
0 56
208 282
195 248
105 298
93 253
58 136
70 157
91 166
49 216
10 289
131 238
52 268
188 282
53 293
205 246
54 225
133 257
37 204
133 142
202 279
147 260
57 167
10 83
184 223
227 264
58 194
203 214
111 143
194 248
113 173
71 249
58 286
192 275
180 230
79 223
90 190
25 136
100 112
27 209
76 155
31 138
1 69
227 265
157 175
160 271
94 159
69 199
103 131
26 51
210 294
99 168
19 269
211 281
39 48
136 238
123 206
50 239
97 223
135 277
78 120
214 296
247 290
35 145
78 87
224 289
81 92
140 152
51 113
133 162
22 142
100 265
40 280
15 203
45 189
9 91
123 139
165 275
10 87
11 165
149 235
206 282
27 46
135 141
20 97
55 240
42 207
74 257
25 299
30 188
70 121
245 249
224 260
99 111
122 287
188 265
109 171
171 188
6 218
67 81
78 136
59 173
17 44
95 247
42 277
112 284
150 285
109 163
220 262
249 262
94 227
137 203
60 151
69 144
66 225
188 197
114 248
70 158
5 17
47 111
223 289
27 197
32 60
5 289
23 290
2 99
153 240
199 274
58 124
163 255
163 290
25 148
43 180
206 291
90 195
39 266
50 274
100 263
107 175
253 259
133 177
14 31
125 265
57 183
141 272
132 139
135 216
32 67
11 238
110 153
128 186
160 193
231 293
38 124
129 168
97 297
14 63
139 180
80 238
23 222
210 214
98 106
130 138
142 217
77 80
15 47
208 240
175 191
51 285
205 282
31 233
3 247
95 183
87 175
162 173
136 149
128 255
258 286
146 203
152 275
200 283
244 290
140 217
135 178
21 117
83 254
138 149
201 296
40 74
223 247
73 254
82 135
80 121
93 226
77 245
60 201
191 197
56 90
161 192
182 268
61 103
136 210
89 242
15 182
7 136
151 271
24 87
14 64
61 101
214 215
11 159
101 270
20 214
121 202
224 276
90 238
179 218
249 286
61 131
2 250
138 205
225 273
89 229
31 291
202 259
213 297
19 118
66 190
234 239
92 262
182 216
134 252
113 201
121 227
84 175
222 229
80 202
9 200
43 243
92 245
89 202
20 211
109 277
95 210
54 269
109 185
61 288
71 102
15 244
81 99
10 119
74 199
264 274
7 261
53 217
4 120
195 215
56 192
155 245
151 214
260 261
151 250
73 222
88 104
219 237
38 240
14 247
263 290
40 251
257 270
4 26
129 199
74 242
239 255
158 281
205 242
56 118
30 244
84 100
37 249
24 40
36 38
30 299
78 281
21 88
48 285
237 269
42 95
244 281
76 103
71 186
273 294
67 217
76 220
2 78
26 257
46 170
117 200
45 247
119 233
35 270
57 219
207 261
152 294
255 281
104 232
226 280
171 198
54 91
132 252
30 101
2 147
147 254
95 244
115 187
158 182
34 291
117 295
196 269
177 289
221 276
9 33
199 204
207 254
48 211
138 201
193 241
48 141
44 199
87 236
160 170
194 297
114 214
110 242
136 231
39 164
72 205
104 225
28 132
76 110
1 43
37 277
77 246
145 178
122 166
34 284
33 88
2 280
200 222
88 112
151 206
111 252
178 275
4 267
62 78
80 158
110 131
77 195
125 187
61 274
79 147
128 292
82 192
50 246
256 280
119 125
87 215
29 129
217 262
48 239
124 134
63 177
11 151
2 177
24 162
82 207
152 216
99 255
132 162
64 263
83 169
136 190
71 170
139 217
85 157
209 239
43 168
55 273
19 150
57 234
191 226
107 292
22 86
49 124
45 86
132 276
54 233
100 151
185 245
8 184
51 147
52 172
106 124
74 216
0 58
107 199
131 215
191 217
68 237
19 23
165 203
52 99
10 204
250 255
10 89
192 236
61 296
108 220
120 234
136 230
235 295
118 129
73 262
36 199
107 193
58 275
10 79
20 209
211 283
28 124
35 113
268 273
7 89
195 208
19 143
190 201
153 261
104 219
131 208
29 271
210 291
245 291
71 202
70 176
43 183
12 211
208 218
116 153
113 172
3 11
25 125
203 208
13 74
35 174
144 256
6 107
49 247
104 149
121 174
77 216
109 288
18 228
81 206
6 198
127 183
35 223
49 87
13 48
84 245
90 269
104 216
192 208
13 118
135 195
281 296
210 236
14 194
43 201
49 266
93 151
74 285
72 180
123 281
85 260
55 226
50 82
23 294
193 290
59 125
41 89
77 122
188 251
271 294
141 237
96 292
81 82
118 263
42 296
254 274
56 97
56 173
46 51
66 110
207 224
98 151
102 284
256 286
149 180
245 297
28 224
43 78
35 43
37 39
77 291
13 227
47 121
98 100
167 218
143 209
60 178
214 241
215 280
116 170
168 212
136 165
248 295
179 291
30 268
82 107
147 259
20 186
157 187
118 157
35 83
76 231
198 249
56 172
66 268
40 231
40 105
36 226
31 256
57 165
68 115
64 202
84 127
37 140
23 297
158 207
84 138
34 235
88 291
154 258
12 50
137 169
63 90
173 257
14 71
83 154
141 210
281 290
13 299
207 279
63 172
97 107
149 186
150 159
92 214
209 230
83 299
41 293
117 172
107 262
4 190
145 168
153 158
178 204
157 224
111 148
209 273
7 174
147 209
34 239
124 243
169 259
215 295
0 219
32 160
88 182
102 285
7 13
21 237
75 137
46 284
144 220
105 183
123 254
229 250
44 189
11 245
164 241
43 153
253 256
168 263
32 266
227 255
3 105
39 288
71 223
78 93
75 98
80 194
16 77
9 206
1 241
92 163
119 185
45 53
63 134
62 85
18 190
117 162
93 156
150 217
79 295
47 229
122 127
124 138
30 204
197 200
31 63
268 289
86 234
22 120
149 159
167 182
102 299
81 195
208 283
164 287
31 211
38 93
44 242
192 206
59 181
175 293
20 249
113 169
48 108
89 262
99 170
7 210
74 206
47 237
16 286
24 90
109 186
19 284
130 211
241 242
144 169
164 234
100 170
31 86
148 227
247 293
149 203
7 55
106 278
264 292
122 135
40 283
21 59
19 204
13 22
145 167
80 183
53 83
169 232
80 136
130 148
79 298
85 138
53 63
98 244
66 79
120 233
101 254
120 231
158 254
56 134
69 173
188 256
120 174
11 178
26 252
31 193
76 278
130 170
42 166
173 228
213 285
86 293
167 277
78 259
145 231
134 156
22 214
88 164
94 142
94 151
44 173
177 249
23 99
79 117
59 266
3 42
36 272
89 192
270 296
156 193
68 230
0 72
151 215
88 218
147 248
23 37
169 299
17 192
234 280
20 253
22 109
87 197
167 210
135 155
39 75
5 15
15 160
75 129
99 218
163 218
200 246
241 297
69 133
14 50
34 120
55 142
106 230
117 171
246 261
28 157
17 251
95 132
7 231
229 232
226 259
111 241
183 231
28 290
126 224
108 242
82 165
95 225
82 163
124 166
151 219
47 298
229 285
54 270
66 158
137 196
7 147
30 79
107 291
72 117
66 83
165 277
202 231
146 260
37 136
12 240
10 108
93 288
94 291
63 201
11 160
62 89
29 213
164 231
260 279
29 210
41 162
56 251
120 230
38 192
182 232
183 225
26 299
127 187
10 218
81 246
88 140
169 195
1 178
33 281
114 138
53 243
52 207
4 137
172 248
55 227
111 180
207 280
110 159
146 172
92 129
6 269
232 253
190 286
22 267
49 127
14 184
186 187
132 166
65 294
26 277
139 272
170 238
63 67
14 69
37 247
23 227
207 233
203 252
161 214
93 229
32 45
168 229
198 214
227 294
18 240
66 178
203 298
35 251
150 274
14 135
217 233
87 266
14 53
107 127
224 282
139 202
37 154
109 264
82 219
39 159
37 212
62 163
124 264
139 189
151 174
108 238
122 140
20 44
26 230
121 244
150 281
97 159
103 175
74 258
258 298
222 233
48 87
137 212
64 78
103 216
211 252
92 206
86 250
68 164
29 161
10 189
63 100
159 166
28 118
38 292
168 226
7 260
26 149
90 219
74 227
6 179
38 265
23 124
215 240
6 133
164 286
83 166
36 66
53 204
131 265
183 222
9 192
123 280
47 297
146 171
86 213
115 209
1 239
156 216
39 134
105 239
66 170
126 209
25 172
55 89
24 290
182 277
10 34
57 81
7 203
5 272
42 120
33 182
150 173
189 212
180 284
17 154
278 299
223 280
3 121
45 278
8 146
180 279
18 36
77 261
18 292
50 86
139 284
64 119
61 134
29 118
98 241
24 240
132 215
177 194
23 178
157 202
255 272
194 269
49 238
151 287
24 178
143 187
21 243
191 198
70 267
190 199
23 106
32 201
0 210
202 276
119 232
65 174
201 275
3 188
27 127
66 67
62 223
88 127
77 156
268 299
74 108
74 140
4 102
80 221
254 288
189 287
129 160
70 248
227 293
62 67
148 172
98 250
57 149
165 270
96 276
3 57
159 222
2 7
132 295
8 171
236 289
118 214
150 284
66 77
196 201
29 294
86 203
173 196
3 172
60 269
235 271
104 245
253 282
219 275
189 243
37 145
155 225
36 170
66 156
111 216
112 204
208 285
36 254
20 212
198 292
143 199
96 181
123 149
92 152
65 189
42 289
97 263
133 205
101 251
16 208
1 214
2 116
8 188
214 258
165 180
2 47
21 146
63 238
60 150
35 123
127 265
34 137
35 103
87 203
95 105
72 91
24 105
11 237
104 284
8 13
184 212
25 29
93 99
15 250
190 205
171 285
17 174
104 257
44 277
59 83
192 203
207 297
144 227
31 60
74 129
38 121
137 142
209 266
87 172
99 125
95 169
52 299
29 273
33 148
40 164
71 236
90 215
96 298
90 276
14 161
55 264
152 282
264 291
64 154
1 116
168 233
105 258
249 254
43 113
31 46
136 184
151 246
39 297
15 248
139 161
82 103
217 286
138 181
277 292
146 297
46 282
14 151
241 263
36 105
128 204
12 68
40 66
63 215
199 255
77 281
46 58
196 267
241 277
142 287
11 208
48 171
41 51
109 252
44 115
31 227
43 176
127 246
23 298
108 121
57 127
49 175
78 298
18 37
89 226
27 150
187 201
17 24
100 275
18 252
46 79
68 122
177 239
66 243
44 234
241 284
11 174
16 21
0 238
110 140
28 297
59 93
45 110
72 83
35 262
61 143
166 211
105 235
88 178
22 223
6 201
79 228
166 217
79 132
58 212
128 152
225 271
14 107
277 298
141 194
38 61
52 273
166 193
90 203
215 230
7 274
132 235
53 101
154 237
181 212
9 149
116 121
131 235
228 233
122 160
126 198
183 230
102 223
123 178
91 244
161 251
117 293
222 238
94 144
27 160
9 109
37 225
130 272
108 110
257 268
135 233
168 218
65 141
22 241
72 266
32 233
149 269
208 278
71 72
52 283
100 213
189 293
161 247
170 286
5 186
70 139
28 162
63 152
95 180
85 150
63 296
58 120
162 187
39 103
96 128
19 228
258 266
11 286
68 229
120 173
191 253
254 282
105 163
102 190
65 150
5 175
192 270
89 126
217 232
212 274
236 246
54 255
117 256
237 241
58 129
67 92
135 224
7 237
72 166
140 171
110 247
37 116
48 288
12 243
66 261
198 270
139 236
174 207
6 17
55 125
50 169
232 268
72 242
140 241
234 256
30 223
37 56
68 186
199 280
178 187
169 175
69 77
49 75
146 156
8 253
55 98
30 178
23 172
102 215
37 113
144 223
31 260
181 198
152 213
39 97
15 148
40 294
223 293
3 21
100 181
104 123
53 206
39 218
14 295
7 114
46 47
198 257
107 260
103 237
126 203
68 274
108 270
193 268
23 153
253 266
70 204
9 76
29 167
76 228
84 280
90 93
102 178
167 200
26 206
122 274
0 92
21 134
37 287
44 55
249 292
120 178
10 207
288 290
35 222
33 119
175 202
132 213
29 165
235 299
121 192
192 261
147 265
2 265
10 134
57 178
11 287
21 299
39 194
12 230
97 261
101 215
24 66
47 53
98 232
41 124
54 219
68 184
34 202
88 238
47 96
107 267
35 266
180 281
5 192
18 211
41 65
65 285
32 183
115 171
182 212
101 291
37 220
27 146
9 294
28 74
101 109
281 294
51 91
54 226
69 267
54 171
55 85
8 138
20 170
214 272
173 290
26 262
211 224
272 289
63 218
0 19
46 225
52 68
97 278
174 218
46 298
24 135
153 162
75 195
159 289
15 157
120 121
110 291
144 209
196 225
150 280
85 242
91 270
115 145
61 113
85 243
0 96
195 299
62 161
144 272
17 228
127 289
53 233
185 214
180 255
226 299
23 166
71 85
14 280
32 170
162 222
33 280
94 207
52 246
66 227
69 263
199 249
54 189
61 98
121 149
145 287
16 110
48 282
152 176
38 80
112 126
34 124
70 207
138 273
49 259
248 288
14 133
182 231
3 76
63 133
149 200
182 226
102 197
29 87
193 213
17 142
101 299
137 139
126 189
97 115
57 137
22 55
72 289
6 148
45 139
245 263
241 288
128 237
44 267
18 237
212 232
6 232
13 145
69 140
34 218
224 255
62 276
100 298
0 97
15 143
94 131
257 274
1 120
139 241
174 290
48 51
65 106
205 280
146 212
174 256
26 254
130 274
26 259
154 279
41 74
38 298
48 158
42 51
93 297
74 141
87 166
1 123
119 199
35 127
73 113
92 244
125 223
167 299
37 297
98 217
195 269
140 193
56 114
8 294
160 182
93 260
226 235
60 179
71 237
70 103
152 156
74 107
90 95
209 247
198 293
80 217
64 205
16 240
82 151
62 175
50 111
154 223
225 229
84 161
17 47
154 289
143 239
208 238
82 156
200 280
169 201
107 113
129 234
47 68
32 162
195 296
150 212
171 193
30 174
19 101
28 245
258 288
40 235
135 196
73 98
205 291
4 67
107 218
46 130
9 217
76 136
1 158
10 103
90 177
100 187
35 79
27 280
53 223
125 280
30 291
23 58
35 134
209 253
242 255
136 251
173 264
140 174
122 202
29 299
45 129
176 238
217 218
140 203
23 29
14 172
59 195
72 146
29 281
23 152
40 289
27 162
4 167
88 126
69 118
166 177
167 247
42 216
86 246
56 109
228 275
86 176
175 248
205 233
137 282
271 280
7 177
181 185
174 273
59 296
143 288
143 162
155 205
59 293
168 203
155 178
83 96
16 272
83 249
65 229
86 209
15 88
217 273
143 196
7 299
142 191
47 106
255 285
63 97
0 266
155 265
113 196
212 238
74 85
66 162
0 139
28 280
68 245
16 253
4 140
24 84
123 199
190 236
78 253
33 79
271 298
167 286
112 277
79 249
51 293
68 190
46 96
114 222
93 228
206 232
69 131
30 259
108 120
187 235
204 226
16 102
182 203
17 254
196 273
26 87
47 270
12 31
81 176
206 215
35 41
188 254
92 241
135 160
230 277
141 205
15 38
178 249
18 209
8 27
91 164
6 121
123 214
41 138
219 282
144 212
77 126
8 287
106 217
242 284
105 285
13 243
165 231
8 52
147 225
15 270
108 139
59 160
57 90
23 269
8 98
121 277
115 204
100 261
40 299
257 283
12 174
116 266
166 183
42 250
136 181
49 58
201 292
68 106
170 292
151 230
24 142
47 207
140 220
180 199
209 219
216 283
135 182
70 100
48 142
20 237
75 131
38 68
32 144
39 188
30 184
64 91
77 256
11 29
188 283
104 290
125 266
39 66
139 248
260 268
36 128
99 166
156 183
10 44
189 198
73 135
199 229
58 216
155 280
96 139
181 263
200 229
59 291
8 183
11 275
178 252
62 240
48 252
184 191
83 294
282 291
174 274
139 237
55 91
114 218
83 266
18 173
149 275
29 71
28 259
124 252
42 195
8 120
67 144
101 114
140 187
26 275
83 129
47 117
197 252
14 123
270 289
52 272
11 188
15 194
13 289
21 210
29 109
104 131
158 167
130 296
0 241
43 191
14 275
38 150
90 151
36 158
25 164
98 186
103 213
208 229
80 87
90 128
81 90
224 272
33 95
122 286
76 184
147 201
43 218
254 298
201 215
270 280
101 218
120 256
101 132
216 264
7 240
21 93
17 149
45 244
31 102
118 286
19 159
77 185
63 236
64 151
4 286
158 282
12 166
229 259
131 252
137 273
19 45
134 147
102 252
186 262
123 272
87 91
59 123
103 262
142 187
18 222
0 31
260 271
248 264
237 247
44 85
8 219
163 192
130 172
177 196
253 268
65 283
86 92
31 79
98 228
129 146
141 293
117 257
89 117
174 246
161 255
105 146
70 170
47 235
241 266
1 15
85 139
68 243
0 183
64 101
94 146
16 205
103 294
49 133
46 221
56 119
152 226
155 273
41 80
86 156
252 295
224 247
115 159
248 268
94 276
62 181
162 217
228 295
201 267
23 94
20 246
2 209
27 85
64 218
120 272
56 73
19 280
20 187
20 192
155 168
115 270
49 277
29 187
25 206
119 230
250 282
117 284
159 254
63 275
172 184
229 299
71 257
29 261
153 258
50 113
73 217
135 175
23 246
23 204
135 229
194 263
11 137
11 18
76 190
76 195
171 204
147 185
157 285
35 38
22 164
4 158
39 251
233 243
214 274
130 221
20 178
177 232
121 250
135 193
25 116
91 224
1 77
156 164
169 256
172 299
198 290
121 265
119 143
104 193
14 73
54 261
211 299
149 289
116 292
117 213
47 69
209 286
203 217
207 269
79 212
20 203
277 285
76 149
181 269
253 254
59 283
246 267
59 168
227 235
161 201
44 282
6 248
203 268
175 223
188 224
6 244
143 284
219 229
138 240
116 275
84 197
221 256
4 209
165 183
110 280
110 148
38 168
13 65
96 289
102 201
44 233
138 214
15 23
129 255
161 245
59 230
81 204
67 86
3 113
3 275
203 283
73 85
124 202
86 220
40 191
74 176
136 213
142 204
271 288
159 202
142 269
13 102
46 80
188 211
83 244
118 238
23 147
191 271
30 277
168 243
18 122
96 258
238 283
23 162
74 210
238 268
33 66
71 274
154 277
215 218
25 117
268 290
19 89
84 298
172 187
154 283
131 137
45 273
183 213
138 171
139 166
129 200
200 205
174 234
54 92
131 201
209 243
50 100
150 262
23 41
154 184
179 210
92 251
93 123
12 282
14 111
212 220
11 86
118 206
160 230
191 249
49 103
118 242
129 252
19 275
170 256
101 181
7 280
22 23
91 287
155 294
73 200
112 274
216 247
76 241
28 86
105 122
3 44
113 184
31 198
68 143
43 76
118 123
150 267
106 144
122 231
96 147
209 287
121 286
227 263
32 120
145 286
43 268
17 37
112 187
62 165
15 283
81 89
203 211
7 72
102 111
97 145
24 225
160 203
33 125
271 287
71 256
14 88
45 253
253 262
68 236
201 277
77 240
105 149
247 259
261 268
110 235
113 161
26 135
12 116
103 111
35 182
22 156
107 275
118 227
147 211
129 288
87 286
87 190
203 245
55 181
13 220
94 200
210 246
109 213
0 65
177 291
14 154
85 262
256 289
189 253
70 155
243 293
56 183
2 82
86 137
100 235
43 265
108 165
37 172
134 264
76 183
38 269
146 263
33 255
115 146
9 285
4 296
114 137
77 189
120 170
87 207
225 280
48 70
149 271
245 284
128 288
112 257
220 252
119 265
26 67
22 293
99 238
108 234
141 271
247 252
66 296
22 216
19 252
59 199
17 116
117 178
69 289
108 196
189 222
13 16
9 245
3 96
111 244
68 137
72 110
158 256
146 224
178 217
228 237
44 116
6 285
222 296
55 118
156 296
93 173
186 230
227 254
68 89
76 78
248 276
0 178
193 228
9 167
174 272
246 295
117 130
150 210
3 211
0 290
27 186
254 272
40 193
43 271
43 116
168 248
193 221
96 141
120 203
67 289
104 236
175 198
198 217
165 244
136 137
29 250
45 230
53 98
1 89
19 62
115 246
236 270
55 151
255 259
79 291
241 261
178 254
139 171
174 275
60 124
5 42
110 170
11 193
73 109
27 277
11 15
162 247
70 259
113 170
38 131
44 106
62 245
236 267
27 273
30 61
70 283
15 140
3 294
67 227
6 112
96 123
22 96
38 144
55 208
10 145
91 116
153 189
87 142
235 255
57 117
9 238
72 232
12 51
51 176
58 200
52 132
90 296
103 276
193 248
137 155
99 269
45 241
196 277
38 186
162 286
50 118
214 221
226 272
30 121
104 169
120 132
222 272
171 220
78 168
109 267
99 154
207 208
156 187
236 277
42 222
139 212
105 272
185 250
59 77
233 281
153 228
66 201
128 289
121 296
119 283
218 263
189 223
76 177
113 131
105 173
35 297
59 137
22 102
9 180
42 81
196 283
76 263
136 272
72 143
35 171
10 61
189 290
103 141
66 295
190 292
1 255
29 146
11 78
225 244
53 227
129 240
76 252
95 201
61 209
199 298
191 250
55 245
245 257
264 289
136 247
10 294
157 214
115 210
82 221
22 138
50 142
150 252
150 289
211 291
150 162
205 234
159 244
150 201
149 208
37 202
3 159
27 59
193 214
0 104
50 215
66 298
54 287
47 268
180 238
88 90
24 42
201 293
195 268
102 229
97 191
8 131
243 247
35 161
35 136
17 52
15 138
170 192
54 138
291 292
18 133
80 112
125 210
66 230
73 220
159 170
164 291
111 178
234 266
24 70
41 53
174 191
96 108
136 162
127 235
5 155
13 287
170 223
113 288
153 238
13 208
108 124
235 290
252 259
6 60
52 287
197 212
83 85
70 127
34 265
128 278
21 50
186 201
38 54
67 284
123 271
58 113
70 223
226 281
174 213
139 231
16 48
171 266
0 281
259 299
49 73
12 160
139 267
137 188
34 173
158 260
19 144
23 119
141 249
32 214
15 154
100 172
82 186
224 237
93 298
6 38
62 177
2 273
14 59
175 275
71 217
46 293
187 243
96 294
254 261
128 161
276 280
33 214
10 62
151 208
8 241
122 214
118 187
124 132
159 216
175 257
118 261
144 255
94 216
12 244
75 97
158 189
61 107
97 167
2 11
41 120
166 250
5 249
145 165
126 174
16 70
133 230
50 221
77 285
46 204
135 205
93 242
18 243
21 162
6 203
193 257
143 258
123 219
93 289
1 57
134 215
116 236
174 283
20 61
166 240
10 56
161 218
83 167
173 277
47 176
134 279
198 242
9 283
43 62
11 40
80 249
200 237
126 196
269 272
188 212
187 296
58 266
87 196
67 238
82 181
17 92
113 216
206 257
124 155
24 37
117 202
6 142
82 245
57 138
45 104
13 115
203 296
234 261
22 43
39 167
84 187
146 204
28 93
53 130
104 198
7 167
16 174
40 119
165 207
74 144
140 230
29 243
51 127
38 46
143 226
47 182
124 275
128 177
157 284
76 77
43 144
245 251
46 122
253 285
39 181
21 79
74 109
201 264
3 212
107 299
234 281
105 155
35 261
34 171
19 162
63 248
58 199
60 104
45 73
109 165
189 226
0 186
50 203
5 258
70 239
277 291
96 252
64 182
83 123
45 71
103 198
22 258
148 208
17 55
13 34
199 258
8 86
92 102
23 112
88 103
122 251
92 238
134 216
73 231
39 272
34 62
282 294
38 210
64 223
72 74
174 210
29 83
2 158
141 151
3 245
84 196
82 115
0 188
13 39
100 212
153 247
94 115
38 109
265 285
19 120
46 74
187 278
184 217
133 262
1 129
1 215
69 229
92 282
29 246
175 229
61 266
86 152
123 127
169 198
215 243
272 273
154 250
39 58
20 167
172 220
139 149
270 273
65 68
149 252
63 233
163 251
81 130
250 286
6 71
3 116
34 136
37 142
115 174
7 294
12 233
48 144
221 297
1 225
6 84
122 131
8 160
155 277
213 266
21 49
29 211
217 296
138 298
6 224
6 65
270 291
77 166
39 127
87 265
128 223
23 259
84 97
4 172
61 190
110 217
211 246
124 215
98 221
100 104
70 287
95 116
186 237
76 243
123 151
52 227
135 149
7 11
72 154
123 197
160 235
9 122
166 185
11 285
22 298
107 169
44 166
55 162
173 259
172 186
126 197
32 179
21 128
156 256
30 289
17 57
67 202
130 275
49 187
180 295
77 91
261 264
88 298
241 274
68 171
50 223
100 245
8 231
220 253
29 158
105 169
127 160
251 268
229 256
45 268
227 261
19 98
29 295
182 201
132 292
190 245
104 281
133 216
90 139
127 189
46 255
48 115
16 225
118 181
86 245
23 129
45 276
37 63
6 160
264 282
199 287
38 41
48 57
106 136
61 163
122 281
120 243
120 221
45 220
120 219
101 264
149 165
9 53
36 171
26 210
175 287
28 88
145 266
128 154
251 291
126 216
24 211
196 298
116 156
215 270
116 120
187 226
58 126
204 262
108 131
29 97
157 253
252 257
200 220
133 183
67 121
280 289
195 223
11 96
12 198
22 190
8 36
28 146
66 136
75 142
151 175
38 51
24 171
53 203
66 277
77 98
125 162
36 104
183 250
65 220
228 253
38 55
65 95
186 298
237 292
223 259
220 276
5 13
115 182
143 175
32 81
16 180
282 297
236 262
26 250
17 98
91 203
133 140
115 279
144 199
7 144
149 237
20 104
84 247
165 248
14 182
170 177
127 276
46 197
40 225
74 249
142 176
155 259
103 257
101 106
43 162
3 182
87 147
147 182
4 213
204 279
109 256
2 61
3 98
135 274
94 145
155 181
250 287
8 112
63 82
47 282
202 229
129 207
194 209
145 174
113 254
182 249
12 236
11 111
146 239
85 137
267 293
243 292
6 52
102 116
18 71
83 252
71 161
27 204
25 86
38 276
22 39
201 261
150 231
57 142
64 174
195 281
63 153
136 276
81 271
59 228
1 90
182 205
117 259
145 291
13 49
27 123
54 98
72 280
13 67
82 201
24 173
166 208
80 283
123 168
180 217
168 216
209 240
145 294
7 269
174 241
85 90
109 166
41 116
25 275
10 173
193 296
162 242
8 185
30 153
248 291
295 299
73 221
210 235
47 107
25 77
208 246
66 183
239 271
216 245
188 236
78 173
161 248
27 248
78 152
151 295
69 98
124 159
87 234
93 147
134 276
43 119
245 278
177 224
161 165
164 292
38 164
117 205
57 112
108 195
261 294
85 229
163 205
104 224
59 257
81 128
3 154
65 132
242 249
108 162
24 159
206 250
111 188
1 67
221 263
161 182
9 142
19 214
57 244
14 19
55 100
155 260
41 104
202 254
19 114
64 115
89 131
10 168
81 146
155 244
15 223
122 280
47 66
27 200
69 253
57 208
23 76
22 249
53 138
64 142
21 284
152 168
65 148
40 75
164 197
120 142
187 242
113 269
88 119
90 197
27 113
101 273
78 115
179 239
221 260
128 281
256 274
147 205
48 65
59 267
75 81
3 171
30 272
37 245
131 152
70 76
49 83
174 263
33 200
107 219
90 125
208 254
173 273
160 267
100 157
161 236
24 208
61 191
75 206
265 282
100 197
31 280
152 257
185 296
210 215
44 52
92 298
17 260
178 180
80 166
217 280
112 234
9 14
87 97
42 239
17 176
5 220
82 270
167 293
45 62
194 225
19 211
4 20
70 168
85 255
42 177
234 271
33 289
9 209
6 15
128 181
151 165
32 210
24 196
130 173
41 218
21 192
131 248
42 202
116 297
39 46
91 273
17 124
15 27
18 94
201 259
111 221
43 117
173 187
158 290
235 267
98 179
183 221
0 52
46 113
63 65
80 289
126 142
153 236
107 144
65 247
43 270
216 225
16 235
160 247
34 43
86 169
95 191
178 193
57 295
46 257
127 151
32 173
17 140
83 139
162 182
17 20
99 294
86 88
35 206
2 120
256 259
97 200
189 291
184 257
0 55
63 203
95 228
43 298
183 287
133 149
65 202
216 221
9 197
3 155
96 175
105 157
7 186
11 50
69 74
5 50
49 170
48 209
233 284
58 101
135 279
70 84
40 125
136 240
187 241
156 298
14 206
12 26
8 134
63 284
47 283
41 217
52 200
20 270
112 189
95 129
96 249
242 278
35 135
49 241
5 41
50 127
139 280
64 75
54 179
38 59
276 278
131 178
16 244
127 260
58 229
160 202
88 276
195 277
89 155
133 285
65 168
11 198
72 160
141 220
71 157
158 249
118 253
129 269
110 123
79 134
218 291
36 59
65 267
6 122
154 291
7 272
71 211
222 284
143 231
125 140
206 271
29 241
72 81
51 215
3 64
83 110
69 168
223 258
17 211
123 247
88 170
72 107
13 284
31 212
2 19
251 277
25 244
7 106
184 210
72 278
20 47
241 278
22 152
22 295
84 275
134 192
156 257
242 288
175 291
200 219
235 278
56 59
253 269
240 283
12 93
34 82
156 290
38 239
178 266
70 122
27 271
16 150
25 213
7 185
278 295
37 163
103 168
58 95
108 151
233 238
90 98
136 177
20 143
10 91
92 296
170 268
186 295
72 233
118 246
50 293
34 139
96 202
49 106
39 299
39 150
181 216
38 202
49 111
45 108
193 215
128 188
61 154
63 232
18 145
203 241
100 220
26 184
184 201
118 240
51 86
124 208
5 20
102 225
119 180
8 18
59 224
72 121
76 105
136 273
91 123
44 214
150 243
122 197
86 292
137 172
44 98
49 101
170 274
50 204
145 274
58 205
198 231
26 29
37 217
160 299
8 265
252 256
79 115
149 254
38 123
126 219
175 188
21 58
202 225
47 160
251 270
4 149
86 202
227 239
3 226
108 243
217 239
62 64
7 191
196 282
6 20
32 167
120 283
137 176
91 184
111 262
82 266
89 234
30 84
94 98
33 194
67 259
74 147
181 202
22 72
81 236
20 145
248 265
3 137
187 193
156 229
139 174
256 297
91 223
106 118
173 176
76 129
31 299
22 257
103 246
0 155
103 266
22 265
211 292
67 260
37 293
34 151
1 127
107 178
106 297
32 126
31 182
192 209
64 105
190 260
65 208
108 230
192 293
112 133
170 204
107 157
158 257
187 234
17 283
49 293
161 228
120 238
62 239
4 199
14 270
138 253
174 184
60 197
48 153
239 260
116 247
178 186
224 230
92 235
68 152
24 266
59 205
86 258
108 261
24 100
113 251
36 62
11 84
215 293
42 176
211 285
123 215
97 105
84 139
249 291
205 216
67 264
121 205
83 274
50 66
179 235
1 271
64 242
55 157
85 147
61 260
114 158
66 254
67 294
199 297
157 163
22 189
88 240
175 240
268 293
198 262
110 253
171 272
155 257
119 216
233 269
35 126
121 239
155 237
20 138
54 236
76 295
125 287
65 165
162 185
60 111
147 221
66 70
64 79
49 190
16 49
137 291
210 278
84 130
146 177
77 165
79 89
200 262
10 121
66 284
63 283
112 179
131 220
41 122
239 282
52 195
263 269
24 52
4 292
177 200
2 236
38 243
0 125
164 211
4 205
165 225
37 158
130 175
33 105
53 129
137 154
141 168
121 198
70 201
13 57
109 239
138 202
194 274
171 197
27 30
149 257
114 166
234 272
71 295
164 178
76 264
34 37
20 99
237 256
223 282
83 184
55 173
59 102
111 253
171 261
143 273
21 267
189 283
150 226
80 200
114 291
98 290
211 253
101 216
42 139
258 283
67 277
56 256
206 260
182 278
6 138
38 148
7 139
213 253
148 293
204 265
66 153
172 270
12 129
12 139
47 131
116 155
76 87
114 269
107 252
7 27
42 218
14 255
116 172
217 230
170 174
140 142
110 204
157 281
35 97
13 174
174 179
33 195
131 222
40 173
106 141
65 180
110 222
282 290
5 156
18 212
52 255
65 161
8 142
95 275
40 292
218 269
164 219
102 251
139 291
32 275
97 155
71 97
17 131
22 113
26 40
92 295
112 139
139 148
192 286
231 256
61 172
11 252
52 279
24 203
76 137
116 225
70 163
163 294
27 75
185 275
171 219
150 167
127 277
0 53
38 57
63 142
37 159
95 223
51 119
127 179
9 104
172 295
158 174
218 250
103 238
157 225
93 275
7 154
60 122
206 213
118 270
107 207
181 203
130 284
9 74
135 164
114 159
40 60
70 278
8 290
82 268
109 217
113 224
263 287
37 170
200 207
8 192
73 166
263 296
57 89
58 221
172 225
212 255
15 255
15 149
232 275
88 258
208 274
75 297
28 196
88 256
88 122
51 213
22 171
192 229
117 296
129 153
117 154
136 222
72 151
71 99
82 83
43 187
15 56
41 252
95 297
92 183
57 172
43 286
79 178
127 272
48 125
8 202
144 242
67 124
130 166
30 106
138 174
173 267
142 268
188 203
43 189
174 231
67 255
2 115
10 132
155 246
202 246
164 194
85 224
11 270
114 195
256 278
46 215
235 285
7 218
127 212
174 214
58 242
12 276
131 185
11 131
86 205
171 296
18 182
182 296
5 181
247 258
52 193
111 285
112 197
38 238
163 233
34 297
8 271
214 265
148 280
36 214
2 196
126 201
84 235
149 287
186 278
99 142
83 89
232 246
22 80
20 85
108 166
28 84
217 294
101 249
91 163
139 289
75 292
126 193
79 213
214 298
55 282
77 212
50 114
97 281
178 210
117 180
172 218
67 181
45 56
210 247
22 212
148 189
68 279
102 118
209 246
152 158
267 287
136 260
0 171
14 117
103 239
87 284
58 143
