250 250
80
92
108
24
51
33
31
70
85
47
110
68
37
52
50
30
75
23
71
64
23
39
49
42
119
44
36
61
99
97
108
59
69
48
115
52
61
26
102
78
105
92
78
22
24
61
84
32
64
36
76
20
107
57
94
106
81
111
47
112
88
87
51
89
115
98
22
108
104
56
118
89
29
77
43
85
118
107
49
114
75
105
114
62
94
89
101
107
32
80
99
52
48
82
21
95
60
75
84
96
112
82
117
21
91
40
38
41
80
68
36
87
105
82
30
80
103
63
67
67
23
99
99
103
61
101
79
102
56
43
78
48
57
28
101
81
48
72
102
60
20
70
28
105
85
90
117
20
33
117
68
88
96
47
72
89
80
31
71
117
106
82
97
43
90
31
56
70
83
39
111
35
41
71
72
58
41
70
59
106
119
59
74
47
86
78
116
47
89
20
96
75
34
73
51
104
36
87
106
51
58
97
66
32
48
119
70
21
21
61
107
72
100
114
99
67
72
47
46
94
47
22
101
113
27
32
97
44
52
36
27
90
113
74
102
94
73
105
95
26
46
35
78
79
29
109
78
33
36
104
173 222
118 133
67 94
84 152
85 131
130 189
74 104
101 124
172 233
11 221
27 65
75 185
109 221
176 197
129 249
73 140
111 154
58 249
178 211
115 185
194 226
97 150
153 222
1 136
114 144
24 107
144 179
2 201
3 128
52 104
109 192
29 116
53 87
83 217
4 150
51 196
148 230
96 133
199 222
117 121
63 228
94 243
46 224
97 227
26 149
183 238
193 212
99 104
152 173
34 154
85 177
157 203
49 86
58 143
14 101
27 164
20 95
9 69
67 208
149 195
82 107
50 183
37 147
1 49
36 210
55 239
8 121
207 249
160 244
11 16
8 43
27 205
36 166
85 127
26 96
30 203
210 214
106 107
103 209
8 166
166 245
117 155
6 174
176 186
0 44
49 111
77 190
66 106
193 215
43 62
73 219
32 117
75 139
95 139
0 35
11 132
18 166
90 249
25 28
127 129
72 178
12 238
55 107
175 220
13 100
172 237
189 206
180 204
93 134
21 25
93 138
111 153
5 157
34 202
135 183
161 207
150 213
71 72
57 144
98 157
10 187
79 199
135 143
129 231
7 81
2 26
145 156
138 154
13 192
148 188
100 125
190 207
29 102
113 159
174 211
168 184
100 148
144 235
68 235
23 66
26 75
73 93
34 231
47 227
166 173
47 150
4 118
90 220
34 204
60 231
149 165
64 96
183 249
60 235
1 83
51 179
211 246
2 97
227 229
2 246
43 247
115 152
48 95
184 187
49 168
66 244
68 192
67 232
42 125
126 154
58 228
41 55
54 159
134 139
135 139
136 238
31 141
79 206
88 143
13 137
62 109
55 232
38 51
151 176
56 182
154 160
62 114
54 168
193 221
154 212
41 180
63 201
34 157
142 224
7 152
213 214
18 116
19 48
158 200
91 195
6 202
103 120
14 157
87 140
45 202
50 235
1 188
48 74
10 43
48 162
11 50
19 229
27 131
38 40
79 86
86 140
57 154
50 244
93 196
143 197
33 135
82 246
6 61
109 227
21 129
102 222
103 148
39 231
61 143
126 227
117 248
158 213
59 123
208 216
5 7
141 212
142 208
55 75
52 67
16 88
181 238
42 182
23 193
189 221
50 186
65 185
130 167
93 142
153 189
47 210
