200 2000
78
73
116
29
98
25
71
51
110
69
33
45
40
112
56
27
70
69
73
113
108
24
107
25
98
75
38
20
32
24
53
91
29
49
52
59
106
103
90
96
104
104
73
25
48
110
32
50
111
86
43
99
42
83
56
72
90
74
73
102
78
106
25
39
87
57
78
73
40
49
102
77
85
55
82
65
97
46
96
88
112
71
119
87
34
55
39
104
62
92
87
72
30
44
92
97
82
50
51
54
31
85
111
48
20
73
94
50
100
22
70
44
73
70
111
40
57
31
24
51
55
43
104
66
68
76
43
30
58
26
116
70
91
108
98
44
113
24
74
93
26
76
70
32
78
113
52
116
24
108
99
112
84
83
58
84
91
81
46
30
40
42
80
111
30
58
87
24
63
93
49
21
50
51
33
108
45
117
56
101
58
36
93
22
99
83
86
23
97
64
33
117
86
93
60
97
83
28
53
78
67 184
0 88
108 118
73 86
76 129
42 52
0 100
176 182
27 78
15 44
155 195
121 129
158 193
27 57
12 110
36 196
77 177
37 196
35 195
23 110
163 164
65 66
48 115
41 142
38 79
74 109
190 193
147 186
100 174
113 195
36 184
13 61
10 61
2 56
45 65
9 80
28 98
26 143
68 98
37 177
58 98
41 51
37 198
125 141
6 184
161 168
68 127
29 78
38 81
123 146
70 84
126 168
69 111
66 131
44 58
109 189
40 47
102 198
29 43
13 75
36 50
70 182
115 163
148 197
1 23
71 143
22 107
18 191
43 58
102 149
54 138
101 163
65 130
51 159
60 126
62 173
107 115
30 132
32 70
24 179
55 75
47 163
39 97
133 140
49 83
103 194
157 173
104 156
8 174
15 187
86 140
1 49
47 134
118 163
46 174
38 93
89 135
132 174
76 181
9 22
36 183
180 193
39 106
6 153
39 93
95 147
146 193
29 177
147 168
14 140
73 179
108 114
66 192
89 94
98 174
10 117
33 49
72 155
60 155
31 49
52 178
45 144
76 125
22 45
72 162
11 98
119 141
8 12
101 112
38 102
0 171
33 48
20 156
58 176
16 89
68 177
19 73
65 95
87 150
92 174
50 104
72 143
85 175
39 103
158 186
77 138
78 129
102 124
34 182
2 78
7 23
23 42
32 88
137 182
156 178
29 86
61 121
66 177
4 101
130 135
16 143
8 67
118 194
1 148
24 149
107 172
66 139
36 121
78 137
166 175
59 88
125 189
17 42
129 152
24 172
120 133
39 43
44 127
76 139
47 68
0 86
61 186
60 194
16 90
11 149
0 56
25 26
42 107
129 166
49 132
99 175
40 179
172 180
7 40
8 27
79 165
21 25
22 25
60 115
71 190
16 198
42 71
23 65
150 152
32 34
2 131
9 194
62 133
70 174
153 174
5 30
3 119
96 182
25 42
12 16
114 180
14 137
23 38
3 125
35 142
96 111
72 118
91 133
6 17
3 132
171 185
42 89
71 188
13 90
54 113
29 179
35 196
72 186
87 128
107 198
25 177
70 116
76 110
65 85
8 56
2 97
50 190
93 120
156 186
137 147
134 165
34 133
119 144
31 106
48 165
25 181
52 95
93 157
80 178
23 41
25 187
90 189
11 168
82 124
30 197
61 114
147 164
61 101
7 66
66 92
26 125
20 43
78 136
110 177
115 152
102 151
130 194
91 98
5 174
154 174
156 187
20 72
121 134
133 153
81 178
6 171
4 15
34 178
107 151
18 96
0 60
72 142
116 194
151 192
42 166
105 198
77 105
22 40
156 199
80 193
86 164
42 86
16 131
35 76
123 172
53 135
78 172
77 118
69 194
36 69
126 187
34 93
4 8
3 85
30 164
35 50
121 194
78 92
89 120
12 113
45 118
148 169
177 196
88 190
157 199
26 186
12 84
31 88
21 68
43 137
78 98
93 140
151 184
40 123
36 105
52 102
152 154
71 151
111 130
93 129
69 120
67 105
51 84
105 145
119 188
18 43
18 183
63 121
167 186
24 161
22 165
126 128
118 150
0 31
61 125
129 130
196 197
81 187
47 132
139 167
72 182
42 137
0 117
36 163
76 186
61 160
42 139
40 112
72 89
112 151
149 193
33 98
173 189
131 189
70 105
108 130
4 45
121 124
88 197
110 183
164 171
95 158
62 135
70 152
159 182
55 60
88 175
117 158
61 90
58 119
112 118
1 117
77 115
112 190
100 165
47 82
23 142
86 192
29 63
38 189
45 197
1 125
133 160
147 194
2 4
18 114
122 171
31 189
48 174
53 166
74 100
0 98
192 194
23 184
55 174
5 164
19 166
104 130
76 78
3 32
21 80
146 154
130 144
143 193
104 196
159 178
48 159
28 194
12 103
159 169
86 138
157 164
46 52
14 82
17 122
2 114
12 39
135 156
51 142
128 198
39 199
129 199
150 157
54 193
162 170
60 165
48 81
18 52
32 127
1 134
0 1
155 192
13 63
107 128
56 114
65 106
35 48
64 198
57 192
4 114
169 171
172 175
2 145
81 176
63 129
82 130
37 63
76 123
51 52
136 166
42 59
107 183
47 77
21 58
56 62
136 180
63 184
152 186
8 80
68 137
102 143
7 67
92 142
35 144
171 193
53 63
46 165
42 160
46 170
16 54
33 104
34 169
138 167
107 127
19 127
64 162
30 83
121 122
26 157
18 171
80 81
24 46
80 137
40 126
56 107
92 132
160 167
13 79
57 121
6 28
22 48
30 143
58 64
36 104
123 173
7 54
156 184
36 52
44 121
47 101
13 73
86 166
45 175
8 156
26 99
84 190
95 163
127 170
126 143
63 147
115 184
181 191
44 117
142 180
10 146
55 180
74 140
30 58
84 100
90 129
44 168
40 137
107 133
28 120
34 183
101 127
119 120
37 82
63 115
125 179
159 161
132 187
51 143
17 151
27 98
42 148
131 143
28 140
39 60
9 25
44 136
126 164
7 8
1 123
23 132
0 185
43 85
95 172
28 142
7 46
40 107
135 172
48 116
11 60
125 188
61 104
20 114
21 74
144 173
98 105
83 96
149 181
7 196
9 149
42 169
76 77
7 124
170 193
70 137
41 158
24 84
14 105
98 187
1 196
45 97
79 146
39 79
40 142
136 188
9 82
86 171
130 160
105 162
52 99
162 176
60 93
107 186
85 117
46 118
43 81
15 113
46 189
83 152
87 92
96 172
143 175
87 134
26 97
78 192
120 148
41 132
27 100
1 112
119 147
142 146
59 87
84 133
163 167
7 172
69 139
35 182
21 155
4 61
91 166
86 153
132 146
112 171
47 172
146 176
44 122
88 131
133 172
64 96
37 92
104 183
38 58
18 165
31 60
26 170
64 123
7 21
35 71
68 160
48 166
4 122
7 135
56 131
104 151
140 175
8 159
47 150
116 129
59 113
85 86
161 188
101 147
89 182
3 19
19 49
53 121
80 141
140 197
43 164
54 139
62 184
50 86
61 180
2 72
40 93
33 109
11 153
88 180
100 199
43 149
164 170
112 154
45 46
9 61
89 115
25 100
130 151
64 191
64 176
59 173
161 164
136 141
93 95
63 137
12 43
57 127
41 189
18 83
56 70
108 186
21 172
146 191
2 32
71 193
8 166
19 87
180 196
66 86
78 195
123 129
87 123
57 64
6 120
114 128
59 149
39 141
6 182
38 87
110 184
102 184
71 118
67 121
51 140
46 153
18 34
58 121
157 185
43 106
30 117
21 145
58 151
3 97
141 187
7 125
78 89
163 196
145 199
50 55
46 73
36 167
131 194
47 105
109 163
42 91
80 187
90 112
90 115
32 187
54 194
96 157
72 106
11 169
66 105
151 171
8 139
23 71
154 176
22 63
64 139
107 171
4 171
61 94
48 87
78 93
188 194
19 141
94 152
140 199
18 112
103 110
120 126
74 133
54 155
89 193
171 196
116 127
129 168
7 174
52 129
52 123
86 94
35 146
38 165
141 147
19 75
67 160
93 121
67 134
66 190
83 134
3 118
44 63
10 192
14 96
41 67
8 162
149 165
24 96
51 58
67 77
11 160
30 150
16 94
20 177
90 102
165 180
134 142
109 183
109 177
24 117
91 103
40 176
0 21
79 88
51 155
62 157
67 107
44 113
65 76
91 178
23 155
90 96
5 118
27 73
49 182
25 96
73 152
65 173
25 105
5 77
60 114
91 127
136 173
41 49
84 153
108 180
59 76
129 150
33 175
16 108
24 157
129 193
11 182
59 116
36 129
80 173
8 147
16 49
85 128
29 97
132 156
178 190
39 107
84 158
151 196
13 130
19 162
79 137
79 126
52 160
6 168
151 174
100 170
55 143
28 124
104 185
35 56
116 175
74 85
0 70
36 165
152 199
41 184
15 30
142 167
68 173
19 110
80 147
42 119
88 100
119 192
37 175
164 179
43 53
43 49
75 85
27 160
36 97
18 69
36 112
132 160
71 162
61 152
23 151
56 191
75 175
112 136
102 115
76 146
125 169
44 141
102 163
72 199
141 151
63 170
43 196
100 153
57 105
75 113
48 151
88 184
63 142
92 100
69 88
169 182
65 132
36 89
84 187
54 182
50 112
136 198
90 155
12 98
147 174
125 195
77 165
32 108
148 184
53 154
82 118
38 118
74 160
105 142
80 108
106 114
59 157
6 126
4 83
153 160
85 169
29 52
69 189
122 178
60 95
133 193
131 153
36 160
40 95
96 102
57 155
16 116
64 94
74 147
20 59
65 111
49 135
52 179
9 147
2 192
33 123
107 193
3 111
33 160
43 57
25 67
131 159
71 186
78 170
137 166
31 142
0 143
53 118
123 128
67 152
82 185
142 190
5 178
145 164
2 117
7 184
118 179
50 115
104 145
70 172
34 114
54 187
58 172
40 133
52 192
135 152
46 130
77 108
22 51
72 121
31 176
105 155
21 150
54 157
118 130
77 153
131 196
6 140
55 132
60 91
43 76
6 147
24 41
45 67
139 198
166 174
71 171
73 81
38 44
127 163
120 156
69 116
8 39
47 75
119 140
16 107
6 114
156 175
30 42
1 28
133 167
56 154
38 187
83 129
9 177
98 198
114 165
119 157
74 194
4 14
180 182
109 117
99 136
137 151
37 79
56 185
45 94
129 149
127 136
53 199
118 193
10 67
14 65
33 130
77 168
110 146
77 198
181 197
76 135
18 143
13 15
185 190
119 190
78 87
86 199
132 144
5 142
22 164
109 149
15 117
85 147
13 82
128 149
98 159
44 124
34 113
56 110
149 154
86 105
18 35
1 192
113 117
14 174
67 119
136 160
45 134
35 147
80 163
39 48
13 93
79 115
25 127
33 87
126 173
90 162
92 144
9 106
121 161
28 183
95 192
117 126
93 152
25 173
68 74
33 164
79 119
46 112
57 151
32 183
122 125
69 97
4 166
30 128
13 77
69 108
108 177
1 147
82 172
126 150
90 198
117 135
48 170
116 179
148 151
76 162
22 60
97 141
64 127
21 93
92 129
1 162
59 61
141 154
81 185
43 184
123 178
45 53
169 178
24 130
69 187
6 44
56 199
15 185
6 135
28 108
22 87
29 98
35 135
20 39
82 168
4 92
13 58
137 191
162 179
1 121
80 101
52 197
134 136
23 67
127 140
51 179
32 101
30 136
21 168
88 156
104 113
69 180
118 123
54 60
32 182
7 85
4 62
137 150
4 138
30 173
83 177
136 162
9 192
72 129
13 180
45 198
138 168
68 199
100 175
133 182
185 195
74 187
77 97
22 30
108 113
70 199
1 9
14 25
27 90
6 108
3 49
59 187
79 172
99 138
71 132
69 81
18 20
67 144
6 90
40 89
28 41
42 50
67 141
1 70
12 28
10 152
24 51
93 142
37 153
3 10
100 164
4 9
141 189
45 192
31 64
5 85
38 89
70 75
37 51
22 143
74 138
62 119
12 159
64 156
2 166
68 166
18 29
122 160
19 167
2 104
141 184
7 25
35 179
95 182
77 162
144 196
103 176
133 161
119 163
51 139
22 129
3 169
140 182
38 122
106 142
102 131
62 132
27 137
45 161
97 122
41 76
52 71
32 96
137 168
189 195
76 107
11 28
79 145
1 168
63 135
60 66
165 192
54 128
125 171
15 69
48 91
33 103
79 98
174 186
126 137
157 167
34 87
158 169
150 170
67 187
68 162
41 193
132 169
112 180
80 167
159 166
17 140
98 143
65 78
64 100
11 152
34 55
173 181
74 96
41 148
35 134
28 73
10 93
43 54
60 172
78 154
52 112
142 173
26 69
7 22
189 193
29 122
103 118
18 160
3 104
147 192
145 175
18 108
20 24
33 151
57 196
60 63
36 62
3 131
62 162
3 105
107 134
25 126
96 190
185 193
1 132
138 146
60 108
6 32
109 132
65 80
128 167
29 140
95 117
112 131
18 57
116 135
94 142
79 157
40 158
130 164
57 176
38 63
8 122
74 173
2 92
142 154
23 121
33 38
47 155
3 90
108 116
10 103
12 154
89 146
5 123
76 180
114 181
190 195
120 188
16 190
12 122
85 146
71 75
53 122
134 190
0 198
10 41
90 187
47 133
64 65
29 130
13 171
119 133
109 139
13 98
135 194
21 159
6 164
33 144
59 86
57 119
87 160
20 129
148 153
164 176
5 171
94 184
13 128
19 117
75 167
21 33
103 144
43 61
94 168
25 166
64 178
78 198
26 193
103 170
74 190
37 127
8 58
2 128
27 77
47 60
51 150
46 157
12 66
58 185
162 186
24 164
27 55
20 162
18 81
24 142
22 92
61 103
57 183
30 93
70 96
179 181
142 145
79 197
3 183
41 180
20 100
14 35
68 193
32 135
44 125
57 157
139 180
73 163
149 166
19 145
14 126
156 198
23 147
27 35
28 130
30 159
49 146
42 45
14 77
59 129
39 154
116 134
178 189
49 127
107 195
98 121
48 73
29 49
64 195
76 126
93 187
94 108
105 133
65 135
27 104
83 128
168 177
28 162
61 124
149 150
109 131
105 199
27 195
40 183
14 43
99 134
22 149
36 198
88 109
77 144
5 88
56 179
135 142
59 84
3 186
64 161
117 160
64 121
56 187
57 153
100 143
1 52
3 166
6 189
64 66
104 150
24 82
112 159
170 179
87 132
156 195
20 32
29 125
25 137
125 142
43 178
97 167
49 161
151 186
10 17
33 129
9 121
43 78
140 165
121 172
5 94
130 156
75 93
108 152
86 187
84 195
6 196
14 148
106 133
144 179
95 174
22 35
92 102
165 171
26 128
27 167
15 39
5 187
99 163
97 183
83 107
13 111
7 169
64 192
134 167
26 51
23 69
95 143
103 155
29 162
56 194
129 185
23 87
50 156
158 172
35 39
8 171
116 195
24 129
76 83
107 152
50 51
47 154
5 76
117 199
84 198
108 185
85 109
88 183
65 107
46 57
142 169
17 137
37 42
18 120
118 125
24 169
23 176
123 133
51 192
133 136
70 191
28 196
38 197
54 114
36 180
70 71
73 113
88 194
14 183
18 152
42 190
28 75
93 172
8 181
30 163
129 144
10 60
98 127
36 149
102 189
85 182
3 153
145 190
18 195
21 40
142 181
106 174
2 174
14 164
93 98
8 93
134 194
36 45
179 184
64 132
85 127
34 58
120 176
39 46
3 34
65 177
3 62
80 96
160 173
102 168
35 152
81 109
14 91
128 173
7 93
165 186
26 184
11 18
29 113
7 159
10 178
10 21
58 134
104 181
17 168
51 56
78 99
17 51
28 110
11 14
28 195
39 192
104 124
35 133
134 154
45 145
29 88
21 60
30 133
141 190
33 68
50 193
71 173
82 112
139 140
29 132
147 180
36 106
39 71
71 158
117 193
67 98
97 197
82 125
17 70
43 197
75 183
57 137
67 69
4 173
27 106
12 177
40 94
108 151
157 177
54 100
70 192
111 120
73 186
11 55
43 122
80 199
47 138
27 59
116 164
162 169
64 157
17 107
15 84
68 126
91 118
49 195
40 68
48 187
79 183
112 170
18 182
9 50
29 118
81 83
15 188
30 100
50 68
97 188
92 188
28 189
112 177
76 144
160 199
56 142
58 169
30 129
10 101
65 116
117 150
95 149
192 195
89 183
36 79
149 164
56 192
16 93
101 191
110 112
111 166
40 63
148 164
2 13
32 153
28 31
159 163
0 127
8 108
120 153
24 63
6 86
117 128
53 191
110 153
107 112
1 17
21 50
53 179
78 102
41 126
61 126
86 121
8 110
32 148
101 136
127 153
11 107
124 186
27 93
143 147
7 152
61 173
78 167
74 156
40 147
33 42
104 173
5 41
4 130
58 158
9 70
17 196
43 146
39 121
20 70
29 135
108 172
2 42
27 116
67 110
63 152
8 46
13 193
4 176
123 185
20 133
55 183
5 11
27 146
0 187
7 29
154 186
65 146
54 161
106 169
150 178
95 104
80 143
18 99
18 173
151 158
93 145
157 158
98 186
37 55
14 138
67 92
1 165
55 109
76 113
9 18
152 172
50 71
20 170
80 197
142 172
82 173
23 51
61 158
73 128
3 74
64 93
19 81
48 152
20 117
56 119
40 140
58 112
135 183
7 167
20 197
23 77
49 193
83 97
164 192
12 182
99 145
153 184
18 180
132 158
20 142
121 126
85 198
88 147
105 117
5 170
150 172
47 198
55 114
37 39
79 136
15 88
42 58
126 195
168 169
68 191
75 146
73 112
152 183
21 88
70 143
20 45
115 195
19 122
10 110
111 141
99 199
141 156
58 152
27 67
87 120
147 170
35 186
21 169
187 194
9 58
55 89
29 157
0 51
79 161
163 191
14 102
10 142
152 155
162 174
34 131
13 102
182 199
137 155
76 169
101 179
86 190
34 67
20 179
183 198
100 122
16 197
63 104
25 169
43 60
154 194
43 91
12 149
50 120
6 143
177 192
73 92
63 93
13 23
28 145
113 129
81 82
63 154
135 166
89 107
150 160
61 181
53 114
9 63
56 59
84 186
1 100
123 130
15 158
20 81
88 133
10 169
116 168
103 185
35 92
125 194
9 60
72 178
37 69
55 80
74 180
24 55
75 114
2 57
19 161
124 129
87 109
32 122
1 24
70 195
31 150
7 128
55 76
118 136
83 192
68 92
124 148
62 68
77 151
65 112
96 189
136 193
25 98
50 80
152 198
5 111
32 167
81 102
55 116
94 123
29 199
57 103
107 122
155 167
63 161
91 113
150 186
164 188
30 162
92 94
119 125
77 191
20 143
77 107
46 166
13 151
14 121
13 174
113 127
43 115
97 101
146 157
76 191
4 71
28 50
72 97
64 76
97 126
159 185
5 126
78 151
73 170
44 97
86 172
1 10
63 167
98 125
9 42
1 32
30 46
35 119
79 111
5 135
94 160
87 191
51 94
117 173
161 167
5 70
80 85
