300 300
63
116
84
95
33
66
31
49
32
78
20
38
34
54
107
74
39
49
50
117
38
79
105
75
76
25
39
113
100
77
33
43
25
97
71
38
95
34
67
107
93
119
77
107
105
64
113
24
93
95
74
111
55
59
66
63
117
86
108
97
95
74
20
52
103
23
70
79
38
69
66
63
20
24
102
105
68
95
110
94
22
64
37
109
103
84
104
100
102
93
77
29
47
30
61
30
33
63
89
103
64
88
46
64
92
28
49
92
55
39
118
58
35
36
99
119
52
84
51
34
57
109
95
36
71
36
98
36
31
20
72
75
88
98
119
112
59
100
36
94
72
35
84
87
51
64
86
83
80
70
49
117
111
76
85
62
44
115
30
55
115
82
110
35
61
61
79
52
93
48
78
45
63
95
113
46
91
31
61
51
81
42
100
72
98
117
66
22
112
77
57
108
39
99
75
32
92
87
116
65
115
75
43
58
50
88
36
21
99
77
104
113
51
84
117
29
81
116
83
73
25
72
113
44
103
21
109
75
88
105
72
83
112
95
73
94
115
89
47
95
98
31
40
29
95
89
90
108
85
105
114
90
57
107
67
40
60
108
47
28
45
99
43
38
27
96
112
22
117
40
49
47
103
21
56
79
91
78
119
108
115
113
31
52
53
78
24
93
118
51
54
43
83
29
61
42
106
106
96
55
183 189
99 127
179 190
98 165
167 284
233 258
146 190
19 233
21 156
99 229
95 296
79 278
24 157
16 230
60 134
2 76
17 227
129 248
117 294
98 101
56 214
87 104
106 202
37 276
14 188
63 205
183 283
142 193
72 259
71 209
258 285
27 73
202 212
27 82
125 249
163 235
74 181
19 136
56 232
112 247
17 297
62 280
204 252
173 263
28 82
34 286
108 119
13 84
40 62
63 166
101 217
98 278
228 297
160 286
98 106
103 159
167 221
135 171
61 125
134 153
195 221
15 191
81 256
99 143
17 48
259 265
170 237
98 116
102 235
11 93
170 201
120 196
31 92
269 292
92 178
175 288
66 99
55 180
23 206
71 76
35 223
89 93
24 205
244 259
7 255
104 260
0 177
81 269
84 125
228 291
3 166
155 268
23 284
59 87
163 229
152 183
250 272
275 298
177 294
184 286
91 249
126 197
143 278
148 227
155 191
158 208
109 176
65 93
153 200
129 205
68 88
34 71
60 84
98 237
78 84
79 173
70 227
123 257
100 105
102 255
10 48
157 166
187 231
3 87
136 208
257 268
54 296
28 56
126 138
45 268
218 262
99 242
41 57
65 141
167 214
149 263
15 230
117 120
123 298
187 204
31 224
27 144
224 279
135 169
102 180
64 138
151 237
58 244
46 175
137 261
95 286
25 224
44 53
52 142
98 220
239 251
22 135
1 31
59 218
161 223
113 151
2 277
36 102
149 298
135 263
58 110
34 122
83 227
130 277
50 279
75 270
54 98
137 157
151 216
55 126
129 206
107 239
42 260
195 258
158 191
53 146
217 268
52 87
195 269
30 227
72 105
126 249
107 255
15 159
70 75
205 285
29 277
41 64
19 259
0 262
117 146
15 86
154 166
113 191
123 221
92 247
78 94
73 86
140 201
28 297
34 211
233 292
11 297
30 33
8 33
44 178
59 231
16 149
207 213
15 89
159 180
11 36
162 253
97 154
54 146
183 265
168 180
192 257
218 291
226 274
19 76
60 104
121 130
96 261
28 276
185 261
136 273
89 272
121 187
242 296
231 267
147 259
151 269
69 91
12 66
88 296
137 152
200 267
162 273
54 63
0 190
67 78
26 39
220 265
160 268
127 207
199 219
26 50
118 188
172 200
220 236
40 73
72 293
40 98
155 156
97 204
156 271
176 182
10 148
148 222
107 116
67 101
26 127
169 266
41 297
218 233
259 261
6 86
99 252
159 184
88 255
8 163
111 184
46 173
84 246
95 200
105 248
184 267
75 189
73 150
121 230
65 132
30 136
164 266
171 295
3 106
34 217
132 240
24 90
78 237
236 277
237 296
12 120
22 185
137 168
