100 500
53
105
51
30
65
20
75
33
79
110
35
24
77
75
103
29
67
100
30
101
53
55
68
93
64
95
94
61
98
49
37
31
34
21
42
32
21
49
45
32
39
60
36
96
67
71
57
114
103
119
95
89
55
95
114
51
22
88
93
53
69
62
64
84
63
38
96
116
68
21
29
39
113
97
68
61
49
105
107
32
57
83
53
44
110
47
75
65
115
100
98
65
95
42
81
38
113
109
35
61
42 71
43 81
24 26
7 53
55 77
56 85
16 43
0 49
4 50
13 64
7 64
3 22
0 44
61 97
49 72
21 43
2 15
70 91
29 55
84 98
54 66
28 82
4 80
8 84
45 98
4 24
20 27
5 73
18 23
22 25
43 90
57 68
90 97
1 5
19 99
86 89
54 69
10 20
5 50
70 95
55 94
51 75
56 74
48 49
27 71
69 74
66 95
27 64
28 85
21 57
10 79
85 95
15 80
30 95
17 72
27 77
64 80
3 38
3 37
16 39
26 66
85 93
12 61
9 98
30 92
55 72
40 50
9 72
18 57
54 90
74 83
38 70
64 73
28 53
28 68
55 69
34 54
0 47
9 19
45 63
53 91
83 87
55 97
25 56
10 54
16 28
38 46
10 19
47 63
15 91
15 84
1 46
46 90
9 48
7 46
25 98
12 51
6 82
9 90
32 63
0 52
44 98
38 63
1 60
62 75
30 44
11 91
2 31
32 89
49 63
78 88
29 99
1 33
10 87
23 71
26 28
22 71
61 78
37 39
14 99
14 59
29 78
2 61
43 80
43 45
23 92
32 92
4 33
25 43
1 95
15 73
29 38
7 95
32 52
66 98
65 84
13 77
31 43
23 26
71 75
18 19
46 50
2 63
35 41
46 83
13 94
56 75
4 51
3 82
33 36
22 72
51 98
41 86
64 83
10 16
34 36
34 81
37 97
24 37
35 38
7 84
48 64
51 59
68 93
7 56
26 29
24 29
32 67
17 67
83 85
19 77
11 20
6 9
8 95
33 98
30 41
78 82
41 57
29 77
13 85
17 66
2 37
7 85
69 92
40 99
10 64
25 46
41 70
59 68
52 71
1 2
61 95
38 83
19 29
42 75
42 89
32 91
27 91
48 60
11 35
52 89
21 35
43 77
29 88
11 52
40 65
1 54
37 60
42 91
8 67
36 97
9 20
40 88
11 53
37 99
64 78
38 51
13 80
81 94
45 69
47 61
10 53
15 23
6 42
50 65
1 73
0 34
22 92
75 85
45 64
10 84
42 87
0 7
68 81
1 26
50 89
54 65
12 96
72 77
97 98
30 98
4 84
11 43
88 90
26 75
50 69
14 50
76 82
30 84
10 71
21 31
37 51
63 87
11 85
36 92
8 75
86 92
29 79
21 55
18 30
20 48
62 99
28 71
55 96
58 67
17 42
69 88
31 75
69 84
5 47
56 91
35 91
21 47
9 91
29 57
11 29
34 71
57 67
67 89
34 59
9 74
80 93
2 16
40 62
45 67
53 87
31 58
31 89
50 78
22 59
59 86
30 88
20 97
49 62
17 35
21 78
1 9
11 71
33 69
15 52
52 91
63 68
9 22
52 94
11 69
12 70
52 55
27 52
19 89
36 62
15 21
9 85
13 54
7 52
5 20
22 79
16 82
45 84
37 48
16 92
0 20
54 72
22 61
10 73
23 24
60 91
44 70
50 76
28 35
9 92
1 31
24 35
8 48
37 80
48 56
8 30
15 40
14 63
59 83
11 36
19 40
16 41
40 51
51 76
0 8
8 88
57 70
16 26
76 83
22 24
35 87
70 88
24 47
9 82
48 74
16 80
15 83
43 56
56 86
8 64
32 97
34 74
3 16
18 92
5 78
66 79
28 78
10 43
39 43
20 84
11 51
3 67
90 94
75 97
17 91
6 66
75 92
43 92
10 48
26 35
67 68
44 96
39 97
37 58
34 94
45 57
12 45
12 91
39 54
71 88
46 82
10 38
30 39
41 93
13 65
8 9
5 9
1 19
35 94
3 13
58 81
16 45
1 70
85 89
19 94
32 36
27 29
14 35
31 76
24 36
33 40
4 93
10 27
55 59
28 30
12 76
6 8
33 93
74 80
86 99
30 56
10 44
22 96
16 38
0 26
18 45
7 69
45 81
26 62
11 55
44 87
2 19
47 64
35 73
45 86
22 68
90 98
36 70
58 70
14 55
35 40
38 62
16 77
64 79
60 84
18 55
17 62
19 49
16 91
35 54
3 70
21 56
22 63
13 57
51 78
26 55
5 67
39 79
46 76
65 93
36 42
29 82
4 91
19 84
72 82
70 80
38 91
2 53
4 11
8 31
37 86
27 95
7 77
0 16
41 95
53 75
24 96
9 31
37 43
35 81
34 37
0 18
45 90
34 85
8 83
9 84
2 24
29 31
25 60
15 59
34 50
15 92
52 92
49 97
53 82
25 67
9 87
27 49
45 51
3 76
