50 250
49
77
31
49
91
54
77
87
109
87
54
79
29
94
100
113
22
36
82
60
65
87
107
73
78
51
109
51
98
70
42
79
79
106
108
50
40
117
69
82
37
55
41
98
29
21
91
31
89
53
21 42
31 43
24 26
3 7
5 27
6 35
16 43
0 49
0 4
13 14
7 14
3 22
0 44
11 47
22 49
21 43
2 15
20 41
5 29
34 48
4 16
28 32
4 30
8 34
45 48
4 24
20 27
5 23
18 23
22 25
40 43
7 18
40 47
1 5
19 49
36 39
4 19
10 20
0 5
20 45
5 44
1 25
6 24
48 49
21 27
19 24
16 45
14 27
28 35
7 21
10 29
35 45
15 30
30 45
17 22
3 30
37 38
3 39
16 26
16 35
11 43
9 12
42 48
5 30
22 40
0 9
18 22
4 7
24 40
20 33
14 38
23 28
3 28
18 19
5 34
19 47
9 45
13 41
3 37
5 33
6 47
4 25
10 16
28 46
19 38
10 13
15 47
15 41
34 46
1 40
46 48
7 9
25 46
1 48
12 32
6 9
32 40
2 13
38 48
1 12
25 44
11 30
31 41
2 39
13 32
28 49
38 49
1 29
33 37
10 23
21 26
21 28
22 28
11 37
14 39
14 49
9 29
2 28
43 45
42 43
23 32
4 42
25 33
1 15
23 29
38 45
2 7
32 48
16 34
15 27
13 43
26 31
23 25
18 21
19 46
0 13
2 35
41 46
33 44
6 13
4 32
3 36
22 33
22 48
1 36
33 41
14 16
10 36
31 34
34 37
37 47
24 38
7 35
9 14
1 18
7 43
6 26
24 29
17 32
17 33
27 35
19 20
6 11
8 9
33 45
30 48
32 41
7 28
29 41
27 34
35 36
13 17
16 37
7 19
19 42
40 49
10 14
9 18
2 21
1 2
11 45
33 38
19 29
25 42
39 42
27 41
10 48
11 35
21 35
27 43
29 38
2 11
15 40
1 4
10 37
41 42
8 17
36 47
9 20
38 40
3 11
37 49
14 28
1 38
13 30
31 44
19 45
3 10
15 23
6 42
0 15
1 23
0 34
22 42
25 35
14 45
10 34
37 42
0 7
18 31
2 37
1 26
0 39
4 15
12 46
22 27
47 48
4 34
25 26
0 19
0 14
26 32
30 34
10 21
21 31
1 37
13 37
36 42
8 25
20 49
12 21
5 8
17 42
25 31
19 34
5 47
6 41
35 41
21 47
9 41
