100 500
93
33
86
106
65
95
79
71
76
28
46
119
110
104
83
115
40
109
90
47
63
46
83
67
35
104
111
101
37
64
100
62
30
66
100
75
94
60
78
50
20
104
49
110
88
64
57
60
53
27
40
48
54
103
47
21
40
39
102
57
35
83
99
45
81
79
52
107
71
63
37
71
47
118
62
68
63
51
60
48
59
80
29
45
64
56
46
84
27
28
21
43
43
52
20
105
63
105
92
115
67 84
0 88
8 18
73 86
29 76
42 52
0 82
27 76
44 78
15 95
29 55
21 93
27 58
12 57
10 36
77 96
37 95
10 35
23 64
63 66
15 65
41 48
42 79
9 38
74 93
47 90
0 86
74 95
13 36
61 84
13 61
2 10
45 56
65 80
9 28
26 98
43 98
37 68
58 77
51 98
41 51
37 98
25 41
6 84
61 68
27 68
29 78
38 81
23 46
70 84
26 68
11 69
31 66
44 58
9 89
40 47
2 98
29 43
13 75
36 50
70 82
15 63
48 97
1 23
43 71
7 22
18 91
43 58
2 49
38 54
1 63
30 65
51 59
26 60
62 73
7 15
30 32
32 70
24 79
55 75
47 63
39 97
33 40
49 83
3 94
57 73
4 56
8 74
15 87
40 86
1 49
34 47
18 63
46 74
38 93
35 89
32 74
76 81
9 22
36 83
80 93
6 39
6 53
39 93
47 95
46 93
29 77
47 68
14 40
73 79
8 14
66 92
89 94
74 98
10 17
33 49
55 72
55 60
31 49
52 78
44 45
25 76
22 45
62 72
11 98
19 41
8 12
1 12
2 38
0 71
33 48
20 56
58 76
16 89
68 77
19 73
65 95
50 87
74 92
4 50
43 72
75 85
3 39
58 86
38 77
2 24
34 82
2 78
7 23
23 42
32 88
37 82
76 82
56 78
29 86
21 61
66 77
1 4
30 35
16 43
8 67
18 94
1 48
24 49
7 72
39 66
21 36
37 78
66 75
59 88
25 89
17 42
29 52
24 72
20 33
39 43
27 44
39 76
61 86
60 94
16 90
11 49
0 56
25 26
7 42
29 66
32 49
75 99
40 79
72 80
7 40
8 27
65 79
21 25
22 25
15 60
71 90
16 98
42 71
23 65
50 52
32 34
2 31
9 94
33 62
70 74
53 74
5 30
3 19
82 96
25 42
12 16
14 80
14 37
23 38
3 25
35 42
11 96
18 72
33 91
6 17
3 32
71 85
42 89
71 88
13 90
13 54
29 79
35 96
72 86
28 87
7 98
25 77
16 70
10 76
65 85
8 56
2 97
50 90
20 93
56 86
37 47
34 65
33 34
19 44
6 31
48 65
25 81
52 95
57 93
78 80
23 41
25 87
89 90
11 68
24 82
30 97
14 61
47 64
1 61
7 66
20 43
36 78
10 77
15 52
2 51
30 94
91 98
5 74
54 74
56 87
20 72
21 34
33 53
78 81
6 71
4 15
34 78
7 51
18 96
0 60
42 72
16 94
51 92
42 66
5 98
5 77
22 40
56 99
64 86
42 86
16 31
35 76
23 72
35 53
72 78
18 77
69 94
36 69
26 87
34 93
4 8
3 85
30 64
35 50
21 94
78 92
20 89
12 13
18 45
48 69
88 90
57 99
26 86
12 84
31 88
21 68
37 43
78 98
40 93
51 84
23 40
5 36
2 52
52 54
51 71
11 30
29 93
20 69
5 67
5 45
19 88
18 43
18 83
21 63
67 86
24 61
22 65
26 28
18 50
0 31
25 61
29 30
96 97
81 87
32 47
39 67
72 82
37 42
0 17
36 63
76 86
60 61
39 42
12 40
72 89
12 51
49 93
33 98
73 89
31 89
5 70
8 30
4 45
21 24
88 97
10 83
64 71
58 95
35 62
52 70
59 82
75 88
17 58
61 90
19 58
12 18
1 17
15 77
12 90
0 65
47 82
86 92
29 63
38 89
45 97
1 25
33 60
47 94
2 4
14 18
22 71
48 74
53 66
0 74
0 98
92 94
23 84
55 74
5 64
19 66
4 30
76 78
21 80
46 54
30 44
43 93
4 96
59 78
48 59
28 94
3 12
59 69
38 86
57 64
46 52
14 82
17 22
2 14
12 39
35 56
42 51
28 98
39 99
29 99
50 57
54 93
62 70
60 65
48 81
18 52
27 32
1 34
0 1
55 92
13 63
7 28
14 56
6 65
35 48
64 98
57 92
4 14
69 71
72 75
2 45
30 82
37 63
23 76
51 52
36 66
42 59
7 83
47 77
21 58
56 62
36 80
63 84
52 86
8 80
2 43
7 67
42 92
35 44
71 93
53 63
46 65
42 60
46 70
16 54
4 33
34 69
38 67
7 27
19 27
62 64
30 83
21 22
26 57
18 71
80 81
24 46
37 80
26 40
7 56
32 92
60 67
13 79
21 57
6 28
22 48
30 43
58 64
4 36
23 73
7 54
56 84
36 52
21 44
1 47
