100 100
22
35
53
49
85
118
117
33
22
93
69
31
96
74
93
91
85
104
58
40
58
55
25
61
56
66
82
40
24
73
38
27
41
71
56
106
21
105
71
75
78
21
86
106
27
59
29
92
96
68
65
34
55
22
27
43
68
89
63
72
95
81
31
116
84
119
54
37
104
106
93
115
107
59
101
66
51
111
38
27
111
83
93
46
85
101
70
85
22
65
90
49
79
53
97
95
53
32
113
37
5 73
30 91
14 88
50 52
73 97
4 17
33 37
18 68
6 68
21 86
32 68
10 75
12 21
76 87
41 72
14 33
15 64
3 81
33 66
53 91
2 57
28 39
49 91
9 11
7 30
91 97
51 59
24 66
54 72
1 13
34 78
46 79
50 60
1 16
54 93
7 48
12 88
55 87
89 97
66 96
15 79
40 82
6 75
7 99
12 60
43 64
43 46
41 97
4 42
49 65
25 97
9 97
37 65
16 54
82 86
2 17
42 97
0 72
1 59
65 71
19 87
8 65
1 31
14 87
44 80
36 93
57 86
22 54
23 70
28 61
30 52
1 78
30 73
74 89
8 37
26 52
53 68
40 55
49 72
42 43
29 96
3 4
31 66
65 70
62 96
72 87
26 98
13 16
4 47
76 84
2 56
4 10
43 59
15 59
54 55
84 97
0 50
69 89
6 32
46 91
