150 500
104
72
56
41
64
34
100
21
67
93
33
86
106
65
95
79
71
76
28
46
119
110
104
83
115
40
109
90
47
63
46
83
67
35
104
111
101
37
64
100
62
30
66
100
75
94
60
78
50
20
104
49
110
88
64
57
60
53
27
40
48
54
103
47
21
40
39
102
57
35
83
99
45
81
79
52
107
71
63
37
71
47
118
62
68
63
51
60
48
59
80
29
45
64
56
46
84
27
28
21
43
43
52
20
105
63
105
92
115
48
62
66
27
60
60
27
55
92
68
36
31
80
45
108
24
81
34
40
41
94
93
64
118
25
116
103
69
101
27
116
29
69
62
89
62
55
96
97
27
44
17 34
38 50
58 118
123 136
26 79
42 52
0 50
76 82
127 128
115 144
45 105
29 121
58 93
27 107
10 62
86 96
27 146
137 145
35 110
73 114
13 116
48 115
41 92
79 88
109 124
40 43
136 147
0 24
63 145
86 134
61 113
11 110
2 6
15 145
80 109
28 98
126 143
18 48
127 137
8 148
51 101
91 98
37 91
25 84
56 111
68 118
79 127
31 78
73 138
46 120
84 126
61 68
116 119
8 131
94 139
59 97
40 52
98 129
25 143
50 63
132 136
15 70
113 148
47 101
93 123
57 71
41 122
118 143
8 99
2 4
88 113
30 101
15 101
9 60
73 126
12 15
82 107
30 70
129 132
74 105
47 125
13 97
33 89
90 149
133 144
3 123
6 107
4 24
65 108
136 137
40 149
1 147
32 134
18 120
63 96
38 124
39 143
82 135
76 124
9 81
122 136
80 133
3 6
6 143
47 139
43 45
29 96
118 127
40 47
64 73
58 79
14 116
42 139
94 124
67 148
33 110
5 49
55 72
60 131
49 102
28 94
26 145
25 122
72 145
12 111
48 91
19 62
58 62
2 51
50 88
48 121
20 83
58 106
16 76
27 39
118 119
15 23
100 145
42 137
0 74
4 122
75 143
35 103
39 86
8 127
38 129
24 78
34 52
82 128
23 102
57 123
132 142
137 138
82 126
6 82
28 86
21 129
11 66
27 51
35 54
80 93
8 66
117 118
94 101
99 148
107 124
72 116
60 89
5 21
36 87
28 116
59 75
138 139
67 125
29 92
22 102
24 70
43 83
89 144
118 126
47 100
11 136
44 60
33 99
66 140
11 49
0 106
75 76
7 92
16 79
32 149
75 99
29 90
30 122
57 90
8 77
115 129
71 75
25 72
10 15
21 40
48 116
21 42
15 123
50 52
52 131
44 59
62 83
74 120
24 53
30 55
3 19
32 96
42 75
112 116
64 130
14 137
23 138
3 125
35 92
11 46
68 122
33 91
56 67
3 132
85 121
42 89
88 121
13 40
13 54
35 129
46 117
86 110
22 137
28 57
75 148
27 120
16 60
26 135
8 115
102 106
50 97
40 120
106 143
36 47
15 137
33 134
34 94
56 119
81 148
15 131
95 125
43 102
30 57
23 28
90 125
68 139
61 132
24 97
11 30
14 97
11 101
7 66
92 116
75 126
20 143
36 78
10 77
2 65
101 102
30 94
5 74
6 87
70 72
21 34
3 83
78 81
6 21
15 54
34 78
51 57
18 96
60 100
22 142
16 44
101 142
16 142
105 148
5 77
40 122
56 99
30 43
36 64
36 142
16 131
26 85
73 122
28 72
18 27
19 44
36 119
87 126
34 93
54 58
3 35
114 130
0 85
44 121
78 142
39 70
13 112
18 95
69 148
46 77
88 90
57 149
86 126
34 62
81 88
18 121
137 143
78 148
84 101
23 140
5 36
2 102
2 54
71 101
61 80
79 93
70 119
55 67
34 51
5 45
38 69
68 143
18 33
13 21
36 117
11 24
15 72
26 28
0 18
0 31
61 125
30 79
97 146
131 137
32 47
39 117
32 122
42 87
100 117
63 136
126 136
89 142
40 62
72 89
1 62
43 99
83 98
39 123
131 139
5 20
8 30
95 104
71 124
38 97
83 110
14 121
58 95
112 135
52 120
32 109
105 110
38 75
17 58
11 40
58 69
112 118
1 67
27 115
0 65
47 132
23 142
92 136
29 63
38 139
45 147
1 125
60 83
44 147
114 118
21 122
31 139
48 124
16 103
0 124
50 148
44 142
73 134
55 74
105 114
80 104
26 78
30 121
54 96
30 44
43 93
4 146
109 128
9 48
28 144
12 53
109 119
136 138
64 107
46 102
82 114
72 117
64 102
62 89
6 35
92 101
128 148
139 149
29 99
50 57
93 104
62 70
110 115
48 81
52 68
32 127
101 134
51 100
42 105
13 78
7 114
6 56
15 98
35 114
92 148
4 57
21 64
25 119
102 122
76 145
79 131
82 113
63 130
23 37
76 102
101 136
59 66
133 142
7 27
58 97
21 56
62 86
84 130
13 102
8 36
18 80
43 87
2 67
92 107
85 142
44 93
13 71
3 115
10 146
142 146
66 120
33 104
54 84
19 67
88 107
19 127
27 64
30 62
33 71
26 122
7 68
21 130
24 81
96 130
87 140
57 126
56 132
110 142
63 67
57 79
48 128
22 93
108 130
4 14
36 73
57 73
54 56
