150 250
85
101
45
115
72
113
77
100
98
43
61
107
45
110
109
88
31
102
44
117
50
81
34
84
67
21
81
86
27
112
86
45
46
63
40
98
56
97
30
35
72
71
22
50
114
111
118
25
94
94
74
76
107
40
92
54
41
53
73
101
98
91
26
24
35
98
54
71
27
116
38
80
20
92
62
114
36
112
71
62
86
25
118
25
97
42
60
119
76
113
100
106
84
106
62
51
36
96
55
43
92
73
55
92
98
97
38
114
89
89
56
107
46
54
113
24
28
105
23
84
50
55
70
114
41
112
98
109
40
33
32
65
38
68
89
116
97
108
110
119
77
46
106
104
32
51
108
41
88
63
17 34
38 50
58 118
123 136
26 79
42 52
0 50
76 82
127 128
115 144
45 105
29 121
58 93
27 107
10 62
86 96
27 146
137 145
35 110
73 114
13 116
48 115
41 92
79 88
109 124
40 43
136 147
0 24
63 145
86 134
61 113
11 110
2 6
15 145
80 109
28 98
126 143
18 48
127 137
8 148
51 101
91 98
37 91
25 84
56 111
68 118
79 127
31 78
73 138
46 120
84 126
61 68
116 119
8 131
94 139
59 97
40 52
98 129
25 143
50 63
132 136
15 70
113 148
47 101
93 123
57 71
41 122
118 143
8 99
2 4
88 113
30 101
15 101
9 60
73 126
12 15
82 107
30 70
129 132
74 105
47 125
13 97
33 89
90 149
133 144
3 123
6 107
4 24
65 108
136 137
40 149
1 147
32 134
18 120
63 96
38 124
39 143
82 135
76 124
9 81
122 136
80 133
3 6
6 143
47 139
43 45
29 96
118 127
40 47
64 73
58 79
14 116
42 139
94 124
67 148
33 110
5 49
55 72
60 131
49 102
28 94
26 145
25 122
72 145
12 111
48 91
19 62
58 62
2 51
50 88
48 121
20 83
58 106
16 76
27 39
118 119
15 23
100 145
42 137
0 74
4 122
75 143
35 103
39 86
8 127
38 129
24 78
34 52
82 128
23 102
57 123
132 142
137 138
82 126
6 82
28 86
21 129
11 66
27 51
35 54
80 93
8 66
117 118
94 101
99 148
107 124
72 116
60 89
5 21
36 87
28 116
59 75
138 139
67 125
29 92
22 102
24 70
43 83
89 144
118 126
47 100
11 136
44 60
33 99
66 140
11 49
0 106
75 76
7 92
16 79
32 149
75 99
29 90
30 122
57 90
8 77
115 129
71 75
25 72
10 15
21 40
48 116
21 42
15 123
50 52
52 131
44 59
62 83
74 120
24 53
30 55
3 19
32 96
42 75
112 116
64 130
14 137
23 138
3 125
35 92
11 46
68 122
33 91
56 67
3 132
85 121
42 89
88 121
13 40
13 54
35 129
46 117
86 110
22 137
28 57
75 148
27 120
16 60
26 135
8 115
102 106
50 97
40 120
106 143
36 47
15 137
33 134
34 94
56 119
81 148
