100 2000
62
118
27
67
37
113
80
106
87
75
90
38
73
83
75
66
102
34
100
25
59
33
94
37
90
94
45
55
40
25
44
82
75
103
29
92
96
41
30
115
96
100
85
101
115
41
47
49
107
79
106
46
45
81
115
115
107
40
102
27
97
78
41
52
113
50
24
89
23
34
84
52
66
102
33
62
23
113
43
62
24
30
40
49
43
35
96
30
107
30
90
84
88
111
116
81
94
72
102
49
3 83
47 63
46 56
2 54
78 85
31 35
28 31
1 77
43 84
26 48
81 82
52 54
9 31
6 46
12 33
15 71
69 70
25 31
68 85
27 46
14 22
6 29
42 58
26 59
2 59
5 36
40 59
49 88
43 94
47 55
70 80
23 49
40 54
26 60
5 91
13 58
20 88
14 71
30 98
0 41
46 89
30 89
57 77
0 31
24 31
4 8
1 31
5 94
31 37
54 80
13 36
8 45
17 53
23 51
16 47
4 37
62 93
19 71
2 22
24 46
32 33
2 87
15 59
4 81
35 90
79 84
0 81
5 87
62 98
46 57
13 78
35 92
6 64
8 80
79 88
72 94
39 81
35 95
49 79
2 14
54 60
7 11
9 16
29 95
44 87
3 68
10 91
4 47
15 80
37 54
51 73
9 49
1 80
55 75
29 93
4 62
31 46
13 93
9 60
0 32
11 36
68 73
27 67
30 95
47 67
49 73
19 51
72 82
57 83
27 76
39 41
32 37
72 97
30 85
14 58
69 85
5 50
30 43
24 25
25 71
26 92
44 63
29 78
13 35
14 88
41 79
26 56
16 80
23 98
17 82
12 54
3 63
59 98
83 93
23 70
7 68
3 96
26 31
19 34
22 91
1 41
58 69
34 74
67 91
16 31
19 46
57 94
39 70
41 93
0 9
58 61
3 93
36 89
27 64
11 97
59 64
70 91
33 65
4 52
20 56
2 84
30 91
60 61
22 53
7 31
5 68
41 60
13 77
50 77
4 13
16 27
18 78
63 86
16 43
52 62
5 98
58 82
4 19
26 63
68 88
81 94
28 60
11 30
15 37
16 44
22 83
21 86
21 37
5 11
25 65
57 63
31 92
50 73
48 88
76 88
8 22
70 88
19 72
48 63
84 88
37 75
5 74
48 69
13 32
41 94
28 77
33 53
27 34
55 93
1 22
30 44
12 42
61 77
78 84
25 76
14 65
0 19
48 91
23 40
14 87
65 94
50 64
0 44
84 93
59 99
47 81
55 89
85 94
2 30
15 30
29 55
55 95
0 86
41 56
10 22
27 28
16 77
40 62
9 73
21 80
50 67
52 65
80 98
53 82
29 61
61 62
15 69
25 55
35 91
52 59
79 82
20 76
90 96
60 69
33 51
1 19
5 99
39 51
17 68
27 83
34 86
13 69
0 89
17 95
20 43
32 59
10 64
11 66
67 85
18 68
7 36
27 92
10 28
14 30
60 71
35 37
1 36
70 84
29 41
39 44
7 10
2 26
47 70
44 84
18 29
56 85
10 66
41 66
32 90
53 68
54 79
4 15
24 64
53 95
5 40
44 64
2 46
50 90
16 86
45 86
5 23
1 15
19 89
42 61
40 67
8 98
62 91
20 95
40 84
86 98
0 27
13 54
86 99
9 18
52 86
51 72
25 94
33 56
26 67
23 65
34 67
27 89
15 47
8 37
84 87
11 46
1 87
73 76
47 52
34 57
33 85
29 79
10 14
29 35
11 92
78 94
30 74
20 45
21 57
5 57
44 52
68 83
53 97
8 57
42 44
14 29
28 95
8 90
62 96
20 54
7 14
85 89
62 86
14 92
10 19
40 44
49 93
1 89
6 85
21 43
14 23
22 68
70 86
29 37
22 52
18 93
5 79
7 93
78 97
18 48
42 59
1 48
21 44
20 58
33 90
72 86
3 72
9 33
24 83
3 17
60 62
7 24
3 57
2 62
62 73
44 85
45 63
29 60
18 40
32 60
18 25
28 33
42 90
13 14
69 78
0 39
14 15
41 89
38 77
74 92
55 83
4 53
36 95
14 20
54 99
1 44
66 93
11 71
35 47
12 65
7 64
56 75
16 55
35 42
0 70
4 97
45 76
41 90
18 89
82 92
37 55
24 54
2 18
41 61
82 97
36 60
4 95
68 82
46 68
5 44
72 81
65 89
58 71
12 13
5 29
46 66
52 60
14 90
22 32
27 56
16 81
69 76
20 37
11 67
16 57
63 81
47 68
32 91
17 78
29 57
0 83
5 43
22 84
62 65
31 38
11 94
5 20
77 78
21 41
10 18
9 97
38 59
38 51
0 60
35 67
41 96
55 85
62 75
56 86
58 86
13 64
34 87
57 97
4 54
7 42
14 28
17 64
16 67
34 77
52 90
45 97
38 56
69 96
60 83
55 70
39 76
53 90
59 87
37 86
21 38
70 79
35 65
4 35
18 66
25 74
21 62
74 96
3 56
44 88
21 63
68 80
38 75
24 87
8 64
14 43
31 49
60 87
36 78
53 61
5 15
34 53
30 71
10 11
10 30
2 97
6 66
61 89
21 28
52 57
70 82
49 57
46 91
42 76
39 93
20 34
16 49
22 99
22 88
49 98
15 23
24 26
27 60
46 84
10 50
53 98
48 68
62 81
15 48
1 65
38 64
64 73
32 66
71 99
41 97
68 75
21 58
4 20
2 23
13 22
48 85
46 63
33 47
50 80
23 96
40 88
69 73
6 40
24 99
0 90
0 67
23 73
20 49
25 97
20 47
20 62
8 84
36 70
8 16
20 31
13 60
34 71
29 85
10 75
65 80
62 99
22 37
84 99
57 86
1 47
29 83
9 65
53 69
25 82
24 86
71 81
6 8
33 86
25 95
42 86
8 83
19 31
8 18
7 76
6 19
42 80
3 73
4 59
38 79
83 85
16 46
62 66
66 98
30 68
89 95
53 87
19 84
76 80
21 34
5 24
65 90
4 28
27 68
51 65
27 84
31 69
32 50
35 97
22 74
2 58
30 46
67 90
16 95
7 44
12 48
12 87
14 89
7 33
17 34
6 84
17 51
0 94
68 91
49 54
66 84
34 39
1 34
60 78
47 78
11 47
14 19
26 44
14 83
61 70
15 97
23 66
43 72
8 10
49 96
36 61
21 26
21 98
23 87
50 95
9 70
63 93
24 60
22 42
79 97
12 88
36 40
2 99
6 98
75 79
0 80
56 74
39 69
10 58
30 73
6 55
29 33
48 64
12 26
18 53
0 4
4 71
2 93
34 48
34 94
36 74
36 45
19 43
5 51
50 69
63 74
15 68
78 89
12 83
14 61
28 61
0 96
35 41
6 61
49 76
52 96
3 92
1 16
7 70
22 66
34 45
50 76
58 89
17 50
4 26
17 21
50 84
66 88
10 46
44 47
26 51
69 92
66 73
11 78
42 54
13 52
39 45
47 74
3 37
10 52
60 86
58 77
21 48
57 74
27 72
18 97
45 96
39 61
51 74
46 92
4 83
9 81
26 91
4 49
64 78
12 62
72 99
23 38
56 99
73 96
36 56
60 80
2 17
63 94
20 72
19 85
74 75
12 92
9 86
51 97
77 97
28 92
1 43
16 19
89 90
39 65
4 63
16 73
65 79
12 80
82 89
38 97
67 96
59 90
26 75
28 51
68 99
63 68
22 24
17 49
66 71
48 60
12 63
30 61
7 18
30 55
33 97
57 58
43 86
5 82
4 74
32 94
22 98
17 83
82 99
84 98
11 33
3 14
19 21
33 68
6 91
29 40
49 70
69 74
1 24
20 46
51 81
72 80
57 87
2 91
75 98
82 83
62 89
31 70
23 54
57 76
26 73
23 80
32 43
35 89
22 57
0 98
10 76
52 63
34 49
60 65
28 41
7 45
63 87
6 20
71 85
58 83
24 32
9 93
8 87
13 47
6 47
18 49
20 64
5 84
1 27
8 71
34 73
45 47
70 93
31 76
9 28
21 60
14 86
21 25
22 34
21 33
94 98
34 55
62 95
55 79
13 87
32 54
6 24
15 35
4 77
56 64
22 63
38 88
44 72
12 24
8 74
15 27
22 94
34 61
8 88
66 94
61 64
61 90
53 84
79 93
29 92
24 65
38 80
51 60
75 85
35 74
25 68
55 81
9 24
16 93
52 77
23 68
31 67
81 87
16 41
6 49
21 52
19 48
89 93
13 85
46 55
64 92
60 70
12 29
48 56
81 99
65 82
39 58
22 71
8 44
52 81
12 21
3 27
16 28
45 59
17 98
32 84
95 96
3 55
37 92
4 7
71 89
25 93
48 80
72 73
55 84
12 81
41 71
10 94
12 18
60 81
18 27
8 59
50 85
51 52
24 66
31 58
14 54
13 27
17 32
70 87
48 96
52 56
29 72
47 60
20 51
54 58
10 57
81 86
25 69
75 91
15 42
2 8
34 84
72 78
30 78
38 76
1 7
6 50
52 70
26 27
45 64
80 85
24 36
31 60
30 99
28 48
33 66
30 40
20 40
9 55
25 75
0 55
11 89
31 71
22 72
50 86
49 84
17 84
77 85
44 58
10 56
92 96
84 92
1 68
39 43
79 92
51 90
33 82
5 13
20 55
7 56
34 41
36 47
39 49
17 20
60 93
61 72
12 52
14 85
46 79
42 51
14 31
6 21
63 70
63 80
24 49
0 93
47 77
26 82
32 95
8 62
56 66
70 72
3 19
45 49
32 70
29 59
45 93
46 62
38 39
12 23
16 37
21 72
4 93
59 94
5 35
60 98
71 96
5 33
42 43
24 39
24 91
27 80
36 65
59 72
37 96
1 55
24 84
40 69
68 70
5 64
58 79
0 3
49 68
45 73
51 59
14 40
78 79
2 76
72 90
15 25
7 52
7 15
31 97
64 76
17 41
80 90
64 97
28 30
61 65
19 79
27 62
31 77
3 8
20 89
40 57
46 54
86 95
47 56
61 69
3 98
70 92
27 33
58 62
23 92
13 49
24 85
16 91
9 42
49 72
56 58
12 44
33 57
8 12
6 56
83 99
70 94
30 80
53 86
45 88
79 94
25 88
19 26
29 96
22 61
80 87
94 95
1 92
27 51
74 95
78 81
7 19
31 52
7 61
38 83
8 60
27 79
75 86
8 56
88 95
35 40
42 85
12 40
38 73
21 84
61 83
43 82
13 21
7 22
30 41
15 29
8 26
64 68
52 93
14 57
92 98
17 59
7 63
32 99
10 29
43 64
71 78
7 92
81 91
32 51
11 19
37 62
27 78
58 72
27 81
87 88
3 5
10 62
49 53
55 86
0 72
44 99
30 54
13 23
4 78
41 52
9 14
76 93
23 94
29 67
19 74
19 70
50 70
55 63
50 56
5 60
26 97
38 71
13 73
55 66
13 80
6 22
55 77
44 54
49 59
9 51
16 21
23 32
6 94
21 61
51 56
81 92
36 97
59 76
3 61
32 53
16 97
17 38
0 56
24 68
21 77
28 96
9 23
22 55
11 96
25 40
89 92
29 51
27 38
40 42
40 45
42 65
26 50
17 94
23 55
35 84
30 90
6 26
19 45
70 73
11 26
49 66
5 41
11 84
5 97
1 23
35 70
45 56
33 88
51 86
32 45
58 92
8 93
66 77
34 40
46 51
6 59
69 81
77 93
27 35
6 60
69 93
66 79
75 87
16 24
41 59
57 91
43 55
54 94
61 63
36 54
63 92
13 41
2 72
69 72
17 18
4 39
33 83
19 59
14 16
4 25
18 81
83 91
28 55
46 61
18 51
4 90
63 65
31 79
0 42
58 68
56 91
65 73
67 94
29 80
53 92
80 95
24 38
28 82
28 80
34 43
29 75
18 82
28 66
1 96
33 42
14 82
35 36
46 82
12 36
16 45
29 43
35 72
51 54
44 95
23 82
7 73
8 95
44 59
51 61
29 56
58 60
69 75
29 66
25 54
31 62
21 92
17 74
0 16
76 97
10 83
35 57
68 86
13 37
10 43
27 69
16 64
4 5
78 87
67 99
41 80
16 32
10 45
37 81
43 73
73 82
50 74
40 73
17 39
2 66
18 86
42 82
76 85
46 95
73 80
2 81
21 31
28 46
63 73
1 38
20 44
26 81
41 63
0 40
69 86
43 47
41 42
22 93
66 96
13 29
76 95
33 55
54 74
71 87
80 92
49 87
34 78
44 97
18 38
12 39
12 35
18 30
11 43
6 48
2 40
33 80
13 63
50 72
11 37
51 55
49 90
13 19
32 88
47 69
39 87
23 93
37 51
70 83
35 85
55 88
10 49
12 25
32 61
4 27
6 81
11 22
51 95
21 73
60 82
75 96
48 97
19 97
31 82
39 54
62 68
80 81
18 84
71 90
74 93
66 95
0 66
24 63
75 94
59 81
36 86
19 38
45 50
35 71
22 97
40 80
47 92
41 51
7 25
34 93
52 71
15 57
4 33
43 62
44 60
23 50
1 35
33 36
63 77
29 97
18 74
23 45
22 90
2 7
46 94
42 45
5 6
6 14
21 94
79 81
44 56
37 53
78 93
67 78
48 53
65 70
38 78
0 17
45 60
2 45
11 18
12 61
42 91
0 91
45 87
32 89
23 67
52 72
64 94
24 88
6 54
24 51
14 33
9 40
48 92
21 32
45 70
39 53
16 92
40 48
43 66
14 48
48 50
15 99
66 76
76 84
27 74
60 66
44 90
35 98
40 76
6 15
58 63
8 30
6 73
35 52
36 80
55 61
8 40
23 84
26 41
61 91
66 87
28 72
45 91
33 52
41 74
77 80
29 45
15 81
9 76
1 88
86 92
72 76
75 99
30 65
63 76
16 40
56 61
83 94
41 85
23 46
23 33
65 95
54 81
66 83
10 68
56 79
91 96
90 91
13 71
39 88
5 85
55 62
45 57
39 84
25 61
43 57
0 69
65 88
3 33
87 98
14 56
73 99
22 36
91 98
48 78
14 44
0 48
57 95
43 98
15 55
71 93
60 91
64 79
38 50
10 51
31 63
41 91
0 22
18 88
53 57
29 68
57 61
0 52
33 64
65 83
71 86
27 54
25 90
59 83
68 71
23 86
72 91
3 11
33 95
37 66
20 78
25 47
10 38
20 61
15 34
1 93
90 99
5 93
13 26
60 85
7 96
26 69
12 57
30 39
51 78
40 64
50 55
50 51
1 40
53 85
10 98
31 47
43 59
14 80
92 95
15 17
18 24
19 30
6 70
32 39
35 96
60 92
57 72
52 74
17 97
39 92
24 56
59 67
75 82
60 94
15 88
47 72
16 56
12 79
2 55
22 96
83 96
54 90
27 98
8 99
58 94
24 50
32 47
59 73
67 79
87 89
75 83
17 24
6 37
32 74
5 73
23 59
1 17
25 70
39 99
54 62
29 88
34 75
61 71
47 58
47 79
5 53
11 80
40 78
1 4
18 21
37 82
36 51
6 80
3 51
61 67
3 46
0 8
19 88
32 80
75 88
16 38
18 37
25 27
19 98
46 74
54 83
42 69
56 70
21 91
62 92
77 98
15 82
25 28
3 99
31 33
17 75
79 80
2 37
9 52
19 66
67 70
86 96
47 89
23 53
81 96
12 98
21 65
68 74
35 63
59 68
48 81
86 88
75 77
14 50
30 31
47 98
56 73
11 56
42 84
18 87
1 13
15 32
33 41
16 36
15 22
19 20
1 14
5 77
44 61
18 57
12 59
42 46
3 47
3 43
4 32
43 99
44 55
43 88
69 97
39 95
54 55
49 51
0 34
37 60
7 84
23 79
11 34
6 63
8 77
21 29
37 61
21 56
77 79
15 65
76 96
54 57
39 63
12 86
81 84
44 75
60 90
41 76
27 95
22 79
9 91
10 85
46 47
0 61
23 63
60 99
4 56
11 49
31 53
9 72
36 81
3 20
46 77
14 38
48 84
97 99
63 89
1 20
14 76
26 57
31 86
13 65
42 68
54 86
28 84
10 37
1 94
19 75
47 49
62 88
3 54
43 53
42 70
20 48
37 49
1 6
10 16
21 49
48 77
5 28
49 77
20 63
28 50
56 57
86 94
23 56
52 91
53 67
9 13
7 20
91 97
12 75
47 73
35 60
46 97
41 92
39 59
4 91
15 44
11 85
56 82
46 69
39 50
10 78
11 21
22 27
18 85
57 99
11 61
65 92
1 70
0 18
17 36
56 83
38 93
35 99
11 50
26 90
4 42
17 44
38 45
8 17
15 38
3 25
42 67
41 69
27 29
56 94
2 56
44 51
7 94
46 96
40 74
63 64
32 85
0 73
22 50
84 97
21 95
67 93
46 52
3 78
7 43
39 40
68 92
18 61
58 96
45 55
60 74
38 90
71 94
40 81
1 84
64 82
43 85
33 35
27 30
2 67
35 51
29 44
38 49
0 82
23 78
14 78
76 82
5 25
27 87
64 89
88 97
68 69
46 65
1 78
6 78
36 83
14 53
51 82
8 96
7 75
31 39
71 91
39 68
12 66
77 94
57 84
23 72
40 97
11 12
32 40
51 53
7 98
40 66
64 95
13 75
8 42
24 81
36 76
61 85
28 78
31 45
31 43
27 71
3 69
37 93
36 48
25 34
96 99
48 87
25 64
3 6
1 66
32 73
55 90
1 10
5 46
1 91
69 71
22 33
7 83
62 78
5 89
43 48
9 71
6 44
49 94
58 99
3 82
11 62
6 53
6 68
2 68
36 62
51 87
12 72
8 29
39 78
45 94
31 81
21 66
32 76
34 80
0 37
61 92
39 75
27 77
5 21
5 81
8 15
8 38
30 42
21 30
10 96
25 43
62 79
53 89
10 47
11 13
70 97
25 73
46 60
28 43
1 53
64 67
69 80
57 80
36 92
33 84
15 76
97 98
18 23
21 78
43 58
71 97
29 31
8 54
44 50
34 99
22 38
17 30
25 45
39 74
16 71
56 59
17 77
42 89
21 27
47 53
9 19
24 71
0 95
9 27
6 96
26 38
30 33
9 84
54 89
56 80
81 93
29 90
12 69
8 27
3 53
31 54
58 98
15 56
53 55
70 74
13 97
17 93
30 62
21 75
44 74
3 97
3 66
53 76
71 83
11 44
18 41
25 41
6 90
23 90
21 36
55 94
4 46
49 64
2 60
4 41
14 47
23 30
8 78
41 72
48 72
18 70
13 34
40 85
19 93
34 58
17 81
65 93
37 80
