200 750
84
58
22
37
28
91
99
108
47
111
72
34
85
66
85
78
110
50
102
37
72
103
106
63
21
47
59
81
44
62
67
60
100
69
29
60
92
109
100
119
100
105
85
117
51
50
75
93
32
57
111
84
92
49
80
93
76
119
106
52
113
53
93
93
54
102
85
26
43
65
77
23
102
42
20
33
24
27
59
37
117
102
101
89
31
113
115
39
64
101
72
57
35
97
82
21
31
47
28
55
45
37
110
27
60
111
93
64
118
32
81
115
114
115
37
77
60
32
96
105
65
100
94
32
77
57
34
41
36
94
76
113
111
66
21
51
109
46
48
60
58
109
107
104
56
24
61
49
88
89
34
34
70
60
98
79
49
112
100
66
86
108
111
78
107
112
61
96
38
89
36
28
31
24
112
119
80
105
48
49
75
114
115
25
55
93
36
84
86
117
82
104
105
74
114
44
118
56
21
89
82 94
32 61
63 176
87 182
25 29
137 171
80 139
36 188
54 61
31 48
35 70
58 59
89 139
137 155
44 143
10 177
42 90
18 190
58 78
1 35
59 124
172 198
8 157
18 186
18 62
18 49
30 40
108 129
15 121
18 64
11 29
102 194
23 184
33 120
14 73
68 73
192 198
72 155
0 10
14 125
95 180
21 64
124 125
47 102
121 139
63 151
57 102
5 77
125 194
8 63
83 151
82 101
76 106
8 76
85 116
43 97
107 180
58 70
31 172
57 122
93 120
25 147
30 130
124 177
40 108
59 132
123 166
112 199
72 120
28 189
5 71
38 137
108 130
113 195
52 80
35 126
61 125
25 55
2 91
131 151
63 194
118 162
30 74
69 102
49 194
43 199
33 72
2 89
84 141
67 174
89 103
14 52
77 116
69 159
32 152
26 111
15 73
96 197
118 148
52 94
47 167
40 46
81 135
22 194
19 62
108 148
0 117
33 74
78 143
110 192
47 55
63 88
129 185
12 29
16 103
22 123
64 121
62 145
9 56
28 119
23 68
88 140
68 163
98 125
58 117
8 106
49 125
6 121
34 133
35 89
110 150
14 111
32 126
40 111
30 87
68 110
98 109
50 119
72 127
17 130
178 196
36 121
27 157
13 127
43 114
102 193
165 177
159 161
43 70
1 130
22 52
40 151
42 131
3 22
39 169
85 166
17 74
39 44
167 183
26 57
81 111
58 171
29 82
19 72
104 173
3 157
43 195
60 126
38 82
7 81
118 121
91 125
165 192
135 176
84 145
154 165
8 126
37 176
147 160
65 110
113 120
22 67
82 108
98 193
26 116
58 189
145 183
80 89
100 168
65 184
20 65
73 102
78 98
58 63
173 177
98 123
38 97
98 165
111 131
47 197
55 89
34 37
69 190
91 124
37 141
27 102
113 129
11 176
39 159
22 137
97 164
2 187
152 195
52 126
15 49
105 126
56 163
47 91
32 167
22 90
109 117
22 124
47 100
158 186
8 91
7 95
82 105
52 161
14 187
2 179
15 57
72 107
20 151
4 119
9 118
27 178
78 103
2 125
155 188
36 47
83 148
5 6
166 168
58 105
182 189
59 197
46 167
18 69
118 140
174 188
101 153
16 180
56 170
57 163
93 110
58 162
129 169
15 47
73 137
119 152
11 14
12 68
90 130
0 30
157 182
84 189
110 157
16 118
25 127
37 81
71 196
0 47
62 165
88 199
102 173
41 162
45 67
97 131
45 114
6 186
116 150
118 143
22 186
20 143
59 166
16 58
166 181
13 121
35 161
8 164
15 79
49 82
124 133
121 132
138 199
101 108
7 51
19 145
74 114
85 165
81 133
96 199
66 169
101 165
81 130
97 109
111 160
36 180
64 196
147 158
2 66
48 161
19 69
95 107
24 85
133 166
29 158
24 166
131 198
78 80
12 139
125 177
2 109
161 198
119 173
97 176
97 137
89 159
116 196
2 54
21 187
120 131
38 168
155 166
169 185
46 134
125 176
11 127
85 172
59 78
44 175
133 187
73 76
92 141
25 99
46 95
16 38
7 129
54 84
62 147
73 100
26 137
104 197
193 196
32 183
57 127
12 171
37 150
46 70
35 61
62 164
0 68
44 145
22 69
58 121
121 131
59 148
52 129
7 74
36 143
1 93
125 155
144 196
42 195
56 179
95 104
76 124
95 174
179 195
39 117
111 139
128 192
87 144
66 180
20 30
22 145
81 92
12 64
101 120
107 129
3 196
103 117
73 99
64 97
160 168
4 48
100 152
135 170
80 166
58 142
39 103
32 137
96 132
149 185
57 168
114 117
12 170
21 131
53 141
57 91
189 195
76 109
118 190
60 194
0 98
33 100
184 187
81 88
50 121
97 187
109 119
109 153
98 130
85 152
71 128
12 161
71 76
89 194
13 83
6 13
58 133
46 120
42 128
115 161
58 130
49 103
12 120
2 18
39 95
166 170
84 120
131 196
20 155
168 190
55 196
141 181
55 180
13 49
108 174
165 190
20 33
39 153
184 193
79 171
33 94
153 198
129 178
85 149
91 101
5 108
87 138
49 94
63 118
96 178
37 61
70 168
7 33
17 175
1 147
97 186
47 193
91 123
8 29
83 165
122 137
103 139
22 169
2 65
0 39
78 169
62 111
37 128
80 129
129 136
67 129
158 176
4 104
12 102
85 137
175 177
12 33
114 181
55 116
7 198
76 107
169 176
105 187
7 19
95 186
6 149
25 125
29 116
19 182
67 194
108 123
42 120
108 156
101 163
99 176
84 171
99 127
53 66
12 156
86 143
35 108
85 101
17 112
66 94
12 188
97 162
136 156
44 169
17 23
8 193
122 131
2 77
30 83
68 187
47 154
82 155
141 183
54 192
11 152
93 148
23 62
111 142
111 171
108 188
116 134
9 181
11 47
31 94
16 141
98 186
49 79
33 193
133 186
4 34
31 180
96 173
67 91
84 199
7 171
67 141
143 152
96 198
64 174
91 112
115 140
148 192
86 125
42 86
117 159
8 22
42 66
27 127
17 187
50 85
30 128
32 103
151 173
30 147
121 168
60 83
31 100
118 129
41 142
117 187
1 30
28 183
0 109
15 159
37 95
127 141
44 114
13 157
12 31
73 95
45 77
79 97
149 159
152 191
60 136
118 153
43 133
27 44
101 138
33 196
79 126
124 145
33 171
135 159
64 184
31 61
14 110
110 125
54 59
77 147
114 182
66 158
45 115
16 154
136 187
15 165
41 114
37 113
72 74
91 172
8 155
152 174
15 17
28 99
69 128
176 183
110 194
93 178
39 199
146 175
111 187
53 143
8 152
27 42
14 32
40 70
22 170
139 167
66 189
58 168
144 147
57 194
87 90
81 187
87 134
9 26
45 152
31 198
73 112
144 177
87 199
9 184
103 173
149 163
117 170
21 69
13 167
55 78
55 66
94 136
0 145
45 120
49 151
161 195
24 124
63 105
42 123
73 97
145 174
60 67
33 43
8 136
1 15
81 199
81 102
97 174
78 146
26 77
150 165
7 141
75 105
87 115
110 172
61 72
25 118
76 133
33 109
87 133
30 142
20 61
90 128
188 198
101 191
60 154
113 127
1 154
69 170
41 143
113 179
50 156
32 139
124 183
68 93
35 164
25 50
7 179
6 116
59 119
25 107
71 186
73 91
61 92
94 133
4 25
160 198
75 89
11 144
37 166
79 130
24 82
107 184
13 175
132 190
35 49
58 158
49 187
79 131
110 177
67 164
3 162
78 179
4 76
41 170
65 73
42 100
7 155
26 168
16 183
100 170
10 17
156 180
11 112
35 74
41 151
44 141
65 72
69 75
100 116
166 191
43 141
8 96
3 34
