150 1000
74
103
91
76
47
29
105
26
36
52
48
62
92
101
80
63
113
45
116
56
42
39
118
91
106
84
44
21
58
58
61
112
93
33
20
20
42
105
26
110
89
54
104
113
87
65
108
81
90
105
69
112
76
67
35
114
31
60
116
69
98
57
113
71
22
114
24
96
51
30
38
73
117
23
66
84
20
55
97
90
92
47
34
48
46
50
42
58
42
90
59
72
80
53
75
34
99
79
63
30
90
81
83
39
84
82
103
84
117
33
106
89
112
21
69
38
103
91
76
77
114
116
29
26
101
84
40
80
96
83
42
66
45
106
37
61
68
72
26
117
85
112
86
29
65
87
48
100
110
104
72 123
18 83
94 117
34 102
31 35
30 139
4 74
101 124
22 33
11 71
27 65
75 135
59 121
26 147
79 99
73 90
11 104
49 58
11 128
65 135
26 94
0 147
3 122
36 101
14 144
74 107
79 144
51 102
53 78
2 54
59 92
29 66
87 103
17 133
0 54
101 146
80 98
83 146
122 149
21 117
13 128
93 144
24 46
77 97
26 99
33 138
62 93
54 99
52 123
104 134
27 85
3 107
86 149
58 93
51 114
64 77
20 145
19 59
58 67
145 149
7 32
100 133
37 147
49 101
10 86
55 89
21 58
99 107
94 110
11 16
105 127
16 36
27 135
26 146
3 130
110 114
6 107
9 53
58 116
16 95
55 117
56 74
86 126
0 44
111 149
40 127
56 66
65 93
73 119
117 132
25 89
45 89
35 50
11 32
66 118
140 149
25 28
77 129
72 128
38 112
7 105
70 125
13 100
37 122
56 139
104 130
43 134
25 71
88 93
61 103
5 57
52 134
83 85
7 61
100 113
22 121
107 144
57 148
60 87
29 49
35 143
29 81
107 131
2 126
45 106
4 38
13 142
98 138
50 75
7 90
29 52
9 113
24 111
84 118
48 50
35 94
18 85
66 123
125 126
43 73
81 134
77 147
66 73
50 147
4 18
70 140
34 104
110 131
65 99
96 114
33 149
85 110
51 83
1 79
96 111
2 147
27 79
2 46
43 47
52 65
48 95
37 134
18 49
16 94
92 118
32 117
125 142
26 104
8 128
105 141
9 104
34 139
35 89
36 38
131 141
6 29
43 138
13 37
9 62
82 105
101 138
76 101
32 56
4 10
12 64
18 54
21 43
12 104
130 141
13 51
34 57
42 74
2 107
13 64
116 118
48 119
0 8
41 45
56 102
103 120
7 114
37 40
102 145
50 135
38 101
124 148
60 93
48 62
50 61
29 69
77 81
38 90
129 136
35 131
136 140
57 104
0 144
43 96
47 93
85 133
96 132
6 111
9 127
79 121
52 122
53 148
31 89
11 143
26 127
98 117
13 58
59 123
16 58
5 7
12 41
92 108
75 105
17 52
16 138
131 138
32 92
93 123
121 139
0 36
15 135
80 117
43 142
3 139
47 60
10 72
4 88
13 31
11 100
98 140
67 82
10 130
3 55
51 144
3 119
22 129
49 74
66 91
127 129
138 139
49 128
45 132
56 141
82 108
72 135
52 108
4 141
112 114
16 144
50 106
37 137
86 124
41 61
27 92
18 67
81 119
28 45
88 102
84 86
69 98
9 57
23 65
48 137
79 94
35 55
92 144
74 119
37 81
10 62
129 132
78 112
25 101
105 140
114 126
42 62
51 97
21 120
18 121
10 98
66 117
35 112
60 110
43 133
97 147
29 53
33 79
31 141
59 132
23 136
28 108
108 137
61 131
52 78
32 140
0 108
15 35
47 70
50 113
97 148
68 126
77 102
10 19
1 11
86 147
12 77
73 120
36 111
69 91
65 121
2 101
21 38
50 89
36 49
104 139
66 77
96 108
77 119
0 126
55 64
31 53
34 66
36 67
38 131
46 127
62 78
49 100
1 91
37 102
44 80
29 147
2 27
24 126
27 102
131 143
12 57
27 124
116 132
7 20
54 93
74 82
85 103
6 75
15 26
9 108
39 59
58 113
137 146
38 119
95 139
69 131
15 121
35 129
30 36
20 33
38 104
7 82
44 86
54 149
58 95
3 93
9 21
37 61
57 127
30 99
63 72
18 96
53 79
17 75
10 135
37 90
97 100
46 74
33 73
100 128
33 43
106 131
70 104
17 64
13 99
21 65
19 31
136 144
63 94
6 121
99 106
54 89
12 132
4 110
97 99
54 143
106 115
64 73
85 138
18 138
7 34
27 97
10 99
19 43
49 132
31 73
47 130
44 144
37 79
87 100
3 74
9 119
49 94
37 107
14 115
70 123
70 119
0 129
43 71
50 120
77 124
26 54
98 104
21 85
37 121
23 40
32 97
62 146
19 29
43 85
36 58
5 16
16 30
87 111
38 124
28 113
67 117
28 138
55 66
11 130
8 11
64 70
7 93
142 145
28 39
105 107
34 136
71 123
60 114
24 76
43 45
125 143
48 83
41 95
50 80
8 145
22 67
14 140
62 81
18 43
38 77
56 63
46 50
49 110
62 126
9 36
19 30
103 135
26 130
61 100
10 128
1 56
46 77
15 140
58 128
60 68
37 116
87 132
12 31
100 126
7 136
79 136
16 121
84 147
110 126
16 96
23 127
44 114
65 144
103 125
63 140
45 91
5 130
80 128
38 132
83 117
103 141
132 138
39 92
16 37
10 45
26 112
28 90
21 95
55 84
49 137
31 117
9 54
47 88
47 114
66 108
19 99
81 140
75 110
6 137
12 13
92 96
34 93
20 147
46 80
48 103
3 113
95 143
62 111
102 129
60 103
43 50
63 145
54 118
105 112
60 124
58 119
1 116
128 133
12 81
31 67
29 44
9 61
65 140
51 138
18 90
14 94
3 115
18 120
30 70
91 142
111 140
43 49
27 77
26 141
58 108
55 59
22 87
87 104
105 128
44 125
21 100
90 141
62 118
12 21
25 105
4 106
34 133
142 146
41 107
30 47
111 129
66 107
117 138
12 73
15 95
14 105
34 86
10 69
98 125
73 124
30 132
26 65
9 106
108 133
14 136
70 145
80 89
56 133
101 148
1 17
5 139
75 103
52 149
50 125
33 78
57 108
101 122
37 110
20 130
18 69
41 87
13 69
49 130
125 134
28 47
53 105
7 18
30 69
39 96
55 67
19 147
27 86
31 59
77 96
43 91
15 76
140 141
89 112
15 71
89 96
22 28
61 133
7 63
74 130
63 124
51 142
60 135
52 69
129 137
15 83
31 122
9 14
74 121
47 104
38 102
113 137
100 131
44 96
76 124
107 117
27 54
42 102
127 137
48 125
101 141
110 149
38 100
73 81
71 138
27 49
92 103
24 41
50 149
26 114
105 118
92 120
95 148
43 139
99 114
98 136
74 138
38 147
26 69
69 148
63 76
2 102
105 137
45 104
38 61
32 45
29 54
27 39
52 82
2 68
47 54
2 121
41 43
14 21
90 119
65 97
17 55
62 99
56 144
68 94
55 100
41 137
5 81
57 66
13 134
111 112
90 114
35 84
7 57
26 102
17 149
54 124
34 125
90 117
35 120
77 87
38 128
95 116
32 111
16 68
9 139
32 125
44 89
132 146
17 131
65 141
1 88
92 139
44 81
66 82
85 111
79 125
19 134
2 88
52 141
84 149
19 95
53 75
35 59
25 84
55 132
26 144
38 60
11 149
47 90
26 67
28 126
28 57
56 72
14 91
1 89
47 144
32 81
18 107
8 18
23 140
17 125
80 129
27 64
72 91
49 146
53 119
93 129
11 144
34 64
81 135
17 112
64 69
73 87
12 139
114 115
29 34
29 61
16 93
89 140
56 138
91 117
4 149
86 111
68 97
16 35
1 6
10 42
70 126
2 6
62 87
63 79
31 105
18 117
58 91
23 84
25 75
39 88
6 63
89 106
69 142
14 80
35 85
93 108
20 87
31 52
7 19
0 81
7 77
84 103
74 134
44 47
82 132
29 123
0 90
105 116
1 80
38 40
94 127
27 59
60 81
88 141
125 132
59 88
74 132
64 116
50 108
32 65
92 146
6 33
24 146
40 77
25 80
21 115
76 109
40 101
21 128
67 118
80 101
42 47
92 119
26 52
30 84
27 108
6 35
107 121
66 109
60 100
8 41
2 136
62 122
6 44
73 100
51 94
120 129
10 103
90 107
65 89
95 117
3 126
112 118
42 120
74 102
73 88
2 146
20 76
13 96
40 73
52 116
62 69
19 114
53 61
80 137
140 148
19 56
0 4
130 139
1 102
111 126
48 88
34 89
12 62
80 126
39 116
52 81
45 134
35 44
2 87
54 91
3 95
71 105
82 96
38 43
23 34
73 137
46 49
12 68
88 120
49 145
32 135
81 94
67 84
25 87
118 149
133 142
78 92
31 115
6 112
5 60
73 107
98 124
95 120
132 147
2 143
64 121
50 77
5 46
66 137
33 39
27 126
59 117
45 131
50 117
41 126
25 67
22 74
37 123
4 91
19 68
10 118
3 7
59 77
12 141
0 19
40 117
130 137
0 149
89 93
114 125
11 50
100 136
42 75
42 94
6 13
93 131
69 96
41 146
6 84
58 60
2 103
26 135
78 139
78 134
22 109
33 94
61 132
39 133
25 77
38 133
76 84
3 71
14 75
51 81
98 111
41 103
114 119
5 140
48 124
70 136
80 136
99 103
115 138
42 138
24 66
52 132
100 105
25 107
8 120
21 50
126 135
19 116
43 119
29 143
39 129
11 44
126 130
33 119
1 70
52 143
53 145
8 10
30 73
70 133
0 91
28 85
7 129
22 145
40 126
16 51
62 71
51 112
47 91
11 72
48 117
64 101
113 124
13 88
