250 1000
106
99
118
67
102
67
103
55
45
69
70
67
65
116
100
84
111
105
54
56
44
46
75
80
22
95
90
30
22
47
85
61
26
83
60
108
31
95
43
108
45
93
55
90
90
35
106
33
73
92
21
97
118
28
57
20
55
79
82
58
107
47
51
65
63
91
54
26
66
29
66
43
103
102
114
25
69
52
90
74
25
44
104
23
52
41
76
88
53
90
78
92
118
61
37
113
32
71
119
30
81
117
54
116
51
100
73
101
32
95
107
37
119
91
93
104
65
101
24
98
71
34
70
21
75
87
66
39
91
65
49
52
63
35
100
94
115
53
27
28
80
115
97
80
38
22
116
83
55
72
61
107
86
63
60
93
83
107
112
54
104
93
38
99
109
118
26
104
103
33
64
115
80
94
75
51
48
23
114
84
75
108
23
93
51
63
66
114
50
110
100
87
84
118
66
25
68
72
61
51
38
58
47
50
32
54
81
60
110
28
24
65
116
79
91
47
23
37
94
105
28
74
72
44
25
71
101
73
23
42
57
93
80
36
24
92
22
37
85
112
45
41
110
93
101
81
73
104
50
47
67 95
28 95
70 86
48 61
107 126
44 55
136 215
117 237
190 244
17 176
137 189
122 208
39 166
140 162
68 233
152 203
150 163
33 249
72 94
48 198
201 205
94 189
81 170
56 212
73 76
117 139
113 210
76 228
68 152
135 243
136 196
49 139
172 198
20 151
51 118
69 70
17 108
9 29
98 167
26 241
93 130
155 246
95 174
134 247
127 242
231 234
175 226
123 132
33 148
17 245
167 186
45 188
49 184
135 176
69 167
13 162
9 150
67 245
53 183
32 79
9 207
55 141
56 182
27 177
65 175
95 113
110 131
15 36
16 84
30 56
98 206
17 141
53 177
0 71
103 205
66 80
163 237
59 95
86 145
70 125
72 152
36 114
153 203
72 151
89 207
187 204
15 95
170 204
124 127
79 171
83 103
145 246
192 205
190 193
143 170
112 147
0 242
12 48
153 163
120 242
176 222
89 179
123 236
111 248
32 215
48 77
75 237
32 146
132 192
127 222
84 112
25 207
37 85
5 90
52 227
24 83
5 114
128 215
76 202
126 168
204 211
68 198
67 131
82 115
9 54
223 242
17 241
178 180
37 156
18 208
101 116
84 121
49 68
0 122
126 228
40 189
182 211
165 239
28 72
30 37
23 228
112 219
43 142
49 147
80 166
49 109
119 194
39 170
95 170
73 162
47 54
81 114
15 206
145 247
27 130
34 108
147 152
147 180
179 190
48 122
157 197
23 169
194 203
49 208
114 222
13 224
129 191
197 246
147 194
27 142
73 176
78 237
19 175
217 225
23 199
146 192
167 236
159 228
35 126
111 200
181 241
52 188
178 199
132 172
58 78
168 200
126 136
187 213
93 238
88 137
120 135
103 154
12 106
132 141
83 240
3 232
14 157
44 170
155 209
37 216
167 213
43 245
164 238
2 233
126 220
224 229
81 125
7 93
74 84
179 192
59 168
87 190
46 103
70 95
160 185
141 237
30 213
229 238
120 221
231 246
44 206
169 225
139 171
28 213
107 221
25 143
30 230
133 215
128 163
63 203
42 73
37 56
44 174
45 118
118 202
41 162
119 158
149 183
40 211
34 107
24 64
87 239
67 198
3 152
78 131
46 187
217 220
84 85
15 202
37 159
47 216
1 28
68 196
161 212
67 247
18 91
163 208
182 213
25 187
156 217
15 115
84 196
132 187
55 169
59 186
66 152
94 208
5 155
14 217
168 183
66 186
24 230
58 246
22 45
114 245
10 30
78 229
19 94
116 210
146 176
27 242
150 235
86 155
202 242
123 160
41 135
11 199
123 195
69 169
65 217
33 100
115 177
22 178
139 236
162 240
17 35
154 186
92 104
91 97
44 66
7 31
58 210
42 83
4 111
73 104
28 240
173 206
102 105
80 91
172 241
3 128
9 189
43 166
101 110
242 247
0 28
130 238
58 172
164 174
28 135
16 238
18 161
222 225
115 154
66 208
76 171
15 87
32 105
133 160
153 215
232 244
5 112
84 165
8 136
80 124
68 139
9 140
81 214
197 235
118 153
155 194
177 242
61 209
200 221
165 195
177 226
11 231
96 142
130 249
79 104
4 243
246 249
80 105
90 210
78 129
35 95
22 124
129 185
79 232
157 177
235 245
6 104
69 98
68 204
59 229
85 249
100 154
9 82
144 180
162 201
47 75
197 199
69 76
51 135
8 144
37 129
198 213
135 168
118 216
117 227
52 233
69 236
95 102
46 232
14 57
195 211
7 15
139 142
147 168
36 249
2 165
36 68
23 216
186 236
65 240
144 156
48 225
232 245
77 214
42 91
22 237
29 52
44 104
23 125
59 191
46 226
76 114
114 144
137 202
81 229
17 237
167 225
207 212
142 163
24 57
46 233
138 146
103 177
182 200
225 228
56 111
123 187
89 170
57 82
15 41
139 160
104 114
66 180
93 174
60 198
2 44
0 244
23 34
103 216
183 223
84 191
167 239
11 123
6 57
48 171
60 72
176 208
26 138
95 200
83 155
148 187
51 244
40 85
17 143
92 153
179 197
20 28
114 152
32 120
55 209
134 168
115 229
141 162
109 219
92 155
15 92
168 194
87 234
106 206
9 230
49 159
77 206
31 70
81 165
143 191
211 220
129 187
41 42
114 181
125 151
18 121
38 156
50 144
113 132
14 154
143 212
174 193
25 33
76 192
14 20
139 149
34 202
133 190
148 193
8 121
77 211
0 186
88 234
97 246
150 220
113 213
113 156
140 248
33 82
53 176
65 96
150 202
201 245
99 135
188 245
2 220
9 73
104 159
97 100
108 170
1 71
33 216
25 227
11 214
107 242
56 64
57 119
9 58
46 114
52 210
33 41
54 216
10 144
227 241
85 111
13 214
47 156
180 236
72 246
32 247
163 238
147 190
32 100
8 146
71 146
40 51
104 207
6 248
86 218
79 91
105 171
78 145
4 75
64 178
163 173
13 62
2 76
160 211
21 103
101 209
10 92
141 196
0 70
46 140
86 239
7 71
196 216
187 200
103 143
66 231
16 43
79 195
91 148
103 156
112 115
56 204
198 228
104 150
150 198
34 40
111 140
86 143
81 179
72 139
36 120
155 240
15 171
15 100
12 108
118 227
75 175
33 155
123 138
55 71
140 197
132 207
58 100
71 89
33 62
70 161
3 34
49 225
174 177
39 167
35 137
16 212
151 210
118 185
141 173
6 134
65 121
31 118
166 189
51 223
103 236
137 223
50 240
39 164
206 227
114 203
71 241
54 179
68 91
72 200
45 202
15 173
179 181
112 152
68 85
58 138
128 205
109 244
43 188
200 246
44 53
170 232
200 245
41 131
118 241
101 109
30 41
5 40
182 227
70 73
36 131
51 145
94 125
83 178
192 238
74 214
24 72
203 209
125 167
9 11
95 110
120 238
12 242
169 240
96 128
23 27
93 208
57 138
131 197
19 102
7 164
27 75
141 186
140 236
10 148
76 140
124 171
64 216
12 192
12 94
219 224
105 178
31 95
15 227
50 98
22 214
25 49
207 211
45 189
51 109
101 121
28 42
17 96
30 235
43 181
12 42
155 249
39 42
121 197
54 247
76 220
63 245
20 228
19 207
65 168
173 186
20 53
37 80
149 167
169 192
63 99
57 106
63 201
10 145
73 199
7 43
128 172
106 140
192 199
7 227
118 150
193 240
23 203
129 205
49 191
142 249
56 214
27 248
110 144
139 183
195 248
73 78
170 218
31 112
9 168
138 221
11 16
67 128
109 142
22 83
10 21
77 225
75 180
104 142
71 244
17 75
94 153
15 192
223 224
141 229
201 233
29 96
9 217
109 163
185 221
44 231
59 223
91 206
61 151
222 233
58 157
1 91
34 63
118 138
98 110
30 195
151 161
41 220
23 205
182 244
226 242
51 225
34 52
142 203
125 197
27 104
35 119
105 200
5 224
89 115
174 221
75 162
203 234
7 147
10 79
3 103
158 181
54 210
49 215
14 163
174 190
62 118
75 161
12 18
49 203
75 133
45 174
2 159
101 150
18 111
114 239
21 155
199 222
70 214
96 236
7 206
10 20
23 31
39 183
78 172
3 8
11 70
14 23
13 32
94 134
6 101
13 84
135 224
87 146
73 202
209 242
29 105
163 229
18 128
58 96
43 104
61 215
75 217
82 238
210 224
68 177
113 177
82 151
21 100
52 149
95 142
113 226
93 247
139 227
213 235
35 108
11 73
126 163
86 94
123 240
7 19
191 236
23 86
172 212
57 241
104 166
15 136
49 127
13 242
130 215
121 157
47 181
57 168
62 114
52 246
3 237
75 174
194 197
156 162
119 153
36 66
109 202
51 159
146 181
146 172
128 145
53 59
44 74
107 218
40 214
11 28
69 185
13 103
117 234
22 206
88 122
94 232
142 145
73 141
143 165
123 220
125 162
34 207
3 51
92 166
29 69
139 222
75 215
4 51
26 45
7 167
101 216
1 108
99 244
34 94
106 159
72 218
83 104
131 237
47 107
29 79
76 153
143 168
24 80
47 125
51 54
119 145
80 209
114 141
53 152
72 123
76 155
207 228
142 187
73 106
183 216
226 236
57 178
11 225
34 164
132 179
33 140
113 178
99 171
4 79
73 151
128 150
57 208
51 107
145 214
112 125
203 249
98 177
10 211
5 147
125 137
76 159
106 129
27 204
84 101
64 105
1 162
124 210
20 214
26 191
127 234
144 184
7 157
146 162
21 154
151 230
30 32
157 189
212 216
111 148
67 216
65 170
189 231
47 233
9 209
45 238
234 239
146 230
126 241
58 145
61 249
32 228
91 167
155 189
133 152
53 220
75 118
53 58
119 170
17 190
11 27
157 247
18 225
16 215
26 224
108 244
13 219
149 226
51 248
29 153
0 124
177 229
130 131
161 172
148 172
199 247
70 79
146 222
49 86
95 157
57 195
71 193
203 210
84 97
178 203
113 114
96 169
81 96
18 245
70 105
37 94
67 140
35 226
60 218
158 227
103 155
