50 750
52
49
20
71
86
21
58
66
37
71
35
97
112
92
93
35
31
90
36
68
31
103
24
80
39
79
33
46
23
112
27
107
93
80
59
111
81
97
109
51
101
25
28
93
49
53
60
60
24
76
5 23
30 41
14 38
0 2
23 47
4 17
33 37
6 18
21 36
18 32
10 25
12 21
26 37
22 41
14 33
14 15
3 31
16 33
3 41
2 7
28 39
41 49
9 11
7 30
41 47
1 9
16 24
4 22
1 13
28 34
29 46
0 10
1 16
4 43
7 48
12 38
5 37
39 47
16 46
15 29
32 40
6 25
7 49
10 12
14 43
43 46
4 42
15 49
25 47
9 47
15 37
4 16
32 36
2 17
42 47
0 22
15 21
19 37
8 15
1 31
14 37
30 44
36 43
7 36
20 23
11 28
2 30
1 28
23 30
24 39
8 37
2 26
3 18
5 40
22 49
42 43
3 4
16 31
15 20
12 46
22 37
26 48
13 16
4 47
26 34
2 6
4 10
9 43
9 15
4 5
34 47
0 39
19 32
6 41
2 46
15 33
47 48
2 13
23 49
11 26
4 23
34 38
20 38
5 35
36 41
4 20
7 21
1 36
1 35
5 8
9 39
22 26
45 48
14 35
23 48
19 43
2 25
11 46
14 49
17 34
34 36
23 45
37 39
31 46
31 41
7 18
13 41
23 26
15 31
0 15
2 45
20 29
9 33
25 27
12 33
17 43
0 16
7 46
33 38
3 39
32 47
19 21
8 36
4 8
6 24
15 38
40 42
29 35
12 29
1 26
9 18
3 22
13 49
7 47
28 45
6 20
14 24
16 18
24 32
20 44
4 39
32 38
17 48
10 17
21 47
11 30
21 31
27 28
24 28
8 48
22 30
7 43
23 39
17 45
44 47
16 35
6 34
37 43
1 19
7 22
1 34
2 31
8 10
4 35
30 40
11 13
19 41
17 28
10 27
13 47
19 46
31 35
15 35
8 9
8 14
18 41
21 24
39 41
13 17
32 43
25 45
23 40
8 29
11 15
3 20
11 25
17 36
13 32
40 41
18 24
18 45
33 44
36 37
10 30
9 24
6 17
9 35
13 39
5 32
22 39
15 46
33 43
3 5
18 49
3 37
13 20
25 33
26 44
20 35
33 35
8 11
13 15
2 40
12 20
3 40
13 24
30 39
7 28
1 33
31 49
39 45
5 17
10 22
24 47
32 42
30 47
22 45
11 21
25 29
10 40
32 39
5 9
16 42
4 36
40 46
36 42
12 37
43 48
34 42
22 28
4 24
27 48
11 49
26 30
11 40
25 40
10 38
18 25
34 45
33 46
10 47
42 49
45 46
7 13
35 38
6 46
0 19
14 40
29 41
8 17
3 9
1 4
21 33
2 20
0 27
17 41
4 7
13 31
29 39
2 10
0 18
10 13
37 49
2 19
24 46
3 19
7 9
36 39
6 7
16 29
5 22
2 22
3 21
11 16
27 41
20 32
16 28
2 44
8 26
13 44
21 39
28 43
31 43
48 49
6 42
5 27
10 18
5 39
4 19
1 44
15 48
12 42
25 42
10 45
12 40
21 44
11 42
0 7
6 29
7 34
12 28
15 30
28 44
27 38
33 48
1 32
27 44
7 15
21 43
2 33
31 40
3 16
30 46
20 26
4 14
6 32
0 42
15 44
12 39
12 32
12 48
37 38
23 37
19 29
15 36
10 29
0 12
9 31
23 41
22 35
19 28
6 33
21 26
44 46
11 33
22 36
35 44
30 48
12 13
3 13
6 9
29 44
28 48
24 36
0 34
10 15
37 40
24 48
15 34
13 43
21 46
27 32
4 28
1 10
13 40
11 20
6 38
2 16
7 42
6 39
10 24
28 37
30 42
27 45
33 47
3 35
29 34
32 34
38 44
38 48
18 34
5 47
5 45
34 35
20 40
32 49
21 35
18 35
15 16
2 49
37 48
10 35
22 47
28 32
14 45
41 42
25 49
21 32
9 32
43 47
11 19
12 35
12 15
0 43
9 29
0 48
0 23
6 28
21 37
9 34
27 49
11 31
10 16
4 9
12 16
2 42
3 28
9 20
8 13
22 40
30 32
15 45
3 44
22 43
8 38
23 43
33 40
8 43
27 46
15 18
8 46
4 41
11 17
0 8
32 37
12 43
26 35
18 19
13 28
15 41
19 31
34 46
12 25
39 40
5 25
5 29
3 25
7 24
36 45
7 44
6 8
15 24
29 32
2 43
3 24
25 34
29 43
14 42
11 39
19 49
28 36
9 41
18 48
16 25
18 40
6 45
12 49
1 6
5 12
7 45
11 44
8 28
17 22
29 38
31 45
9 23
17 19
12 44
10 26
18 33
29 47
35 47
24 35
16 47
25 39
11 37
31 39
5 21
0 14
20 36
5 48
35 43
9 17
35 37
1 39
38 46
42 46
18 28
3 30
24 45
16 43
38 41
5 24
0 11
29 42
5 43
37 44
34 37
39 43
27 36
5 19
3 12
7 12
18 26
23 46
25 44
32 44
19 23
24 40
4 29
6 13
11 29
3 38
32 41
8 40
41 44
3 27
1 48
22 46
0 30
2 24
27 37
33 34
24 26
16 38
14 44
21 23
16 17
15 40
16 41
0 28
18 23
24 34
14 18
34 44
8 16
19 39
25 37
29 40
20 33
8 18
1 8
0 44
13 38
8 12
37 42
17 18
32 35
2 12
9 26
3 42
27 43
8 39
1 38
13 36
6 15
11 27
28 35
40 49
23 35
7 14
37 47
11 32
7 23
21 38
20 27
14 30
22 23
8 47
16 21
40 43
2 27
6 19
13 29
23 28
10 42
1 49
20 39
17 44
3 8
8 33
18 44
42 48
18 30
23 38
36 46
7 25
40 45
0 32
18 43
16 39
11 47
41 46
22 48
1 11
13 35
1 22
0 41
0 17
37 41
5 10
10 21
1 5
5 20
25 35
22 34
16 32
5 36
5 30
44 49
26 29
17 32
0 9
24 49
27 47
15 25
2 3
10 31
3 6
1 14
9 30
28 47
9 48
21 48
5 31
1 25
25 30
17 26
17 42
2 4
2 39
0 35
0 33
22 32
38 47
40 44
24 42
44 48
15 32
17 24
1 20
4 46
41 43
20 42
3 34
15 19
7 16
25 26
0 49
17 20
11 18
38 49
19 30
1 18
14 36
24 29
36 47
6 47
11 38
0 5
18 22
18 36
3 17
33 36
1 46
43 44
0 4
7 39
10 33
0 25
14 23
29 36
20 24
5 44
2 18
27 35
2 37
12 36
39 42
38 45
4 21
9 44
4 40
10 11
10 34
4 6
20 22
19 26
8 32
19 40
27 40
6 37
19 36
6 48
12 26
35 42
9 14
5 28
7 17
34 43
6 22
31 33
17 40
13 18
10 39
29 37
7 37
6 44
1 12
27 39
30 37
1 23
24 38
0 21
35 49
16 30
23 36
1 45
34 49
27 29
