100 100
111
117
46
63
98
68
47
75
111
28
78
29
96
85
113
20
73
25
49
88
108
54
91
80
104
118
57
98
104
93
99
47
90
77
43
20
25
22
75
68
30
86
77
107
51
23
107
56
28
88
77
116
74
48
76
58
46
65
88
82
38
119
62
61
77
85
61
34
87
69
83
50
35
40
37
118
43
24
107
51
44
64
47
99
44
55
89
22
100
58
84
71
57
78
64
66
95
57
81
115
83 89
27 99
79 90
65 98
67 84
33 58
46 90
19 33
21 56
29 99
95 96
78 79
24 57
16 30
34 60
2 76
17 27
29 48
17 94
1 98
14 56
4 87
2 6
37 76
14 88
5 63
42 83
59 93
9 72
58 71
73 85
12 27
2 27
49 82
25 35
63 81
19 74
32 36
12 56
47 97
17 62
52 80
4 73
28 63
34 82
19 86
8 13
62 84
40 66
17 63
1 78
28 98
86 97
6 60
59 98
3 67
21 35
25 71
34 61
53 95
21 91
15 81
56 99
43 48
17 59
65 70
16 37
35 98
2 11
1 93
70 96
20 92
31 92
69 92
75 78
88 99
55 66
23 80
6 76
23 71
35 89
24 93
5 44
7 59
4 55
60 77
0 81
69 84
25 91
3 28
66 68
55 84
23 87
29 59
63 83
50 52
72 98
75 77
86 94
49 84
