300 500
63
57
55
101
100
57
54
57
20
38
65
110
24
44
105
54
103
28
29
104
44
22
51
49
49
75
45
80
36
65
35
79
54
70
112
35
59
99
72
112
117
69
102
73
45
87
107
29
47
69
65
71
23
96
53
105
51
30
65
20
75
33
79
110
35
24
77
75
103
29
67
100
30
101
53
55
68
93
64
95
94
61
98
49
37
31
34
21
42
32
21
49
45
32
39
60
36
96
67
71
57
114
103
119
95
89
55
95
114
51
22
88
93
53
69
62
64
84
63
38
96
116
68
21
29
39
113
97
68
61
49
105
107
32
57
83
53
44
110
47
75
65
115
100
98
65
95
42
81
38
113
109
35
61
110
96
80
55
25
28
96
54
66
84
119
103
99
52
27
89
32
34
34
27
67
112
24
42
87
37
112
80
26
79
73
68
55
85
104
61
46
80
47
92
96
98
27
75
83
86
45
95
100
111
54
99
56
111
73
75
28
118
87
87
77
40
87
65
105
71
58
83
84
85
55
60
116
114
116
31
80
93
106
113
36
92
44
24
35
98
79
96
96
46
63
105
118
30
50
56
34
88
119
98
106
107
90
54
101
86
65
114
111
103
107
80
75
31
84
43
61
44
119
89
22
62
27
21
24
57
57
38
78
108
116
116
95
39
50
77
105
47
71
49
30
110
109
37
73
73
42 71
43 281
224 226
7 153
77 255
256 285
216 243
0 149
50 104
13 264
64 107
103 222
100 200
44 61
249 297
72 121
43 115
102 270
91 255
29 98
66 84
28 54
204 282
80 84
8 45
98 124
20 204
5 227
23 273
22 118
25 190
68 143
57 297
90 201
5 119
89 299
54 186
169 220
10 250
5 70
155 295
194 251
174 175
148 256
127 249
171 274
66 69
95 127
64 185
28 121
57 79
210 295
80 185
195 215
30 272
17 77
127 264
3 80
37 138
139 203
126 216
166 285
193 261
9 112
192 198
130 255
40 272
209 250
172 218
157 254
174 190
70 83
138 164
28 73
28 253
168 169
34 155
100 154
19 47
109 245
263 291
253 287
83 255
197 256
54 225
116 210
46 228
119 238
63 210
147 215
15 91
84 246
101 290
46 148
9 207
25 146
151 198
12 282
106 209
32 290
252 263
200 244
138 298
63 260
201 262
44 175
11 30
131 291
2 89
32 63
49 178
88 299
29 101
33 187
10 23
26 271
28 171
22 78
61 137
14 39
99 214
59 129
102 278
261 280
45 243
43 292
132 223
4 292
25 233
243 295
101 215
73 129
95 138
207 252
232 298
84 266
77 265
213 243
226 231
175 223
18 271
219 246
150 263
2 135
41 246
183 194
213 256
51 75
104 282
3 36
22 33
172 298
86 151
83 241
64 216
10 36
234 281
34 137
37 297
24 38
35 207
248 284
59 164
51 268
93 107
56 126
129 229
32 124
67 117
167 183
85 177
20 219
6 211
208 209
95 233
130 298
141 282
57 78
41 129
77 134
185 236
13 117
137 166
202 285
7 69
92 169
140 299
164 210
125 146
170 241
59 168
71 252
201 202
61 295
83 138
19 129
75 142
189 242
32 91
91 227
148 160
211 235
152 289
121 135
43 277
88 129
211 252
40 165
101 154
160 237
42 291
8 67
197 236
9 20
40 288
111 253
99 137
164 178
38 251
13 280
81 194
45 69
147 161
53 210
15 123
6 42
50 165
73 101
0 134
92 122
175 285
45 64
84 210
87 242
0 7
68 81
137 202
101 126
50 89
65 154
196 212
72 77
197 298
230 298
84 104
11 143
90 188
75 226
69 150
14 150
76 82
30 284
110 271
21 131
37 251
87 163
211 285
36 292
108 275
86 192
79 229
221 255
30 118
20 148
99 162
171 228
155 296
258 267
17 142
269 288
75 231
184 269
38 229
5 147
91 256
35 91
21 47
9 191
129 157
211 229
71 134
67 157
167 289
34 59
9 74
80 293
16 202
240 262
245 267
87 253
58 231
131 289
50 278
22 159
259 286
30 88
120 297
149 162
217 235
221 278
1 9
211 271
69 233
15 152
252 291
63 268
9 222
194 252
111 269
70 112
252 255
127 152
1 2
219 289
236 262
15 221
85 209
113 154
107 152
105 120
79 222
116 182
45 84
137 248
92 116
20 200
254 272
22 261
10 173
123 224
60 291
44 270
76 250
135 228
109 292
31 101
35 124
148 208
37 80
156 248
108 130
154 269
115 291
40 115
53 91
114 163
83 259
136 211
210 271
19 140
16 241
51 140
251 276
100 108
8 288
57 170
26 116
76 283
69 192
24 122
35 187
170 288
124 147
82 109
148 274
180 216
215 283
56 243
156 286
51 275
108 164
32 197
134 274
16 203
92 218
5 78
66 279
178 228
10 243
39 143
220 284
111 251
167 203
190 194
75 297
217 291
106 166
75 292
143 192
110 248
26 235
168 267
96 144
139 197
158 237
34 194
145 157
112 145
12 91
54 139
88 271
182 246
10 138
30 239
153 187
141 193
113 265
108 109
5 209
1 119
35 294
13 203
158 181
16 245
1 70
85 89
19 94
36 232
27 29
14 235
214 259
76 231
124 236
33 40
93 293
204 288
129 217
10 191
127 259
128 255
30 92
176 218
6 112
108 193
33 174
180 299
186 256
10 230
22 244
96 238
0 116
226 245
169 218
7 45
181 262
211 226
55 144
87 219
202 247
164 235
45 173
111 286
53 268
122 298
270 290
158 236
214 270
155 240
135 162
16 38
177 264
279 284
118 160
62 255
117 119
49 291
35 216
154 270
3 28
45 268
256 298
21 256
163 222
13 57
51 78
126 255
67 105
239 279
246 276
65 93
136 142
229 282
4 291
19 284
82 272
70 280
38 91
202 253
11 104
31 208
137 286
27 295
7 277
271 275
100 116
41 295
75 253
224 296
131 209
67 103
