50 500
107
73
104
39
96
100
41
54
25
44
110
85
24
48
20
61
47
88
85
71
104
47
89
51
70
87
70
52
55
117
42
94
22
78
66
50
110
87
36
115
64
27
32
68
107
32
109
34
53
27
3 33
13 47
6 46
2 4
28 35
31 35
28 31
1 27
34 43
26 48
31 32
9 31
12 33
15 21
19 20
25 31
18 35
27 46
14 22
6 29
8 42
9 26
2 9
5 36
9 40
38 49
43 44
5 47
20 30
23 49
4 40
10 26
5 41
8 13
20 38
14 21
30 48
0 41
39 46
30 39
7 27
0 31
24 31
4 8
1 31
5 44
31 37
4 30
13 36
8 45
3 17
1 23
16 47
4 37
12 43
19 21
2 22
24 46
32 33
2 37
9 15
4 31
35 40
29 34
5 37
12 48
7 46
13 28
35 42
6 14
8 30
29 38
22 44
31 39
35 45
29 49
2 14
4 10
7 11
9 16
29 45
37 44
3 18
10 41
4 47
15 30
9 49
1 30
5 25
29 43
4 12
31 46
13 43
9 10
0 32
11 36
18 23
17 27
30 45
17 47
1 19
22 32
7 33
26 27
39 41
32 37
22 47
30 35
8 14
19 35
0 5
30 43
24 25
21 25
26 42
13 44
28 29
13 35
14 38
29 41
6 26
16 30
23 48
17 32
3 13
9 48
33 43
20 23
7 18
3 46
26 31
19 34
22 41
1 41
8 19
24 34
17 41
16 31
19 46
7 44
20 39
41 43
0 9
8 11
3 43
36 39
14 27
11 47
9 14
20 41
15 33
6 20
2 34
30 41
10 11
3 22
7 31
5 18
13 27
0 27
4 13
16 27
18 28
16 43
2 12
5 48
8 32
4 19
13 26
18 38
31 44
10 28
11 30
15 37
16 44
22 33
21 36
21 37
5 11
15 25
7 13
31 42
0 23
38 48
26 38
8 22
19 22
13 48
34 38
25 37
5 24
19 48
13 32
41 44
27 28
27 34
5 43
1 22
30 44
12 42
11 27
28 34
25 26
14 15
0 19
41 48
23 40
14 37
15 44
0 14
0 44
31 47
5 39
35 44
2 30
5 29
5 45
0 36
6 41
10 22
12 40
9 23
21 30
0 17
2 15
3 32
11 29
11 12
15 19
35 41
29 32
20 26
40 46
10 19
1 33
5 49
1 39
17 18
27 33
34 36
13 19
0 39
17 45
20 43
9 32
10 14
11 16
17 35
18 36
7 22
28 42
10 30
10 35
1 37
8 20
29 30
7 39
2 10
26 47
20 44
6 10
16 41
32 40
4 29
4 15
14 24
3 45
5 40
14 44
2 46
0 40
16 36
36 45
5 23
1 15
19 39
11 42
17 40
8 48
12 41
20 45
34 40
36 48
36 49
9 18
2 36
25 44
6 33
17 26
15 23
17 34
27 39
15 47
8 37
34 37
11 46
23 26
2 47
7 34
33 35
10 29
14 35
29 42
11 44
28 30
20 24
21 45
5 7
2 18
8 47
14 42
20 46
4 7
39 40
12 14
19 42
10 44
40 43
39 49
1 6
35 43
36 37
2 29
18 22
43 47
5 28
18 43
42 48
1 9
44 48
21 44
33 40
22 36
9 33
24 33
10 12
7 24
3 7
12 23
13 45
18 40
10 32
18 25
28 33
40 42
13 14
19 28
27 38
24 42
5 33
3 4
14 20
4 49
1 44
11 21
35 47
12 15
7 14
6 25
28 47
5 16
0 20
26 45
40 41
18 39
32 42
4 24
11 41
32 47
10 36
4 45
18 32
18 46
22 31
15 39
8 21
12 13
16 46
14 40
6 27
19 26
20 37
11 17
7 16
13 31
18 47
32 41
17 28
7 29
0 33
22 34
31 38
5 20
21 41
10 18
9 47
9 38
1 38
0 10
41 46
5 35
12 25
6 36
8 36
7 47
14 28
16 17
2 40
45 47
6 38
10 33
26 39
3 40
9 37
21 38
20 29
15 35
4 35
16 18
12 21
3 6
38 44
13 21
18 30
25 38
24 37
14 43
31 49
10 37
28 36
3 11
5 15
3 34
27 42
6 16
11 39
21 28
2 7
20 32
7 49
39 43
20 34
16 49
22 49
22 38
48 49
24 26
10 27
34 46
3 48
18 48
12 31
15 48
14 23
16 32
21 49
41 47
4 20
2 23
13 22
35 48
13 46
33 47
0 30
23 46
38 40
19 23
6 40
24 49
25 49
20 47
12 47
16 20
10 21
34 35
25 29
15 49
22 35
1 29
3 15
19 32
1 25
36 47
6 21
8 33
25 36
33 42
8 31
18 26
7 19
6 42
23 30
0 46
9 29
33 38
35 46
16 24
12 16
16 48
39 45
