100 500
111
23
52
108
59
62
36
57
80
65
32
46
110
48
41
65
25
104
57
69
51
37
24
29
67
58
117
34
28
36
119
119
39
51
60
30
45
28
119
57
26
32
83
116
112
104
113
117
40
50
66
23
68
23
33
115
113
82
81
22
99
80
73
70
63
65
33
88
74
32
25
80
44
89
28
36
25
21
86
98
103
32
101
51
87
114
99
81
29
60
35
108
21
88
110
64
34
23
85
40
22 23
18 83
44 67
2 84
35 81
80 89
24 54
1 24
72 83
11 71
15 27
75 85
9 21
26 97
29 49
23 40
4 11
49 58
61 78
65 85
26 94
0 97
3 22
1 86
64 94
57 74
79 94
1 52
3 28
2 4
9 42
66 79
37 53
67 83
4 50
1 96
30 98
33 96
49 72
67 71
13 28
44 93
46 74
77 97
26 99
33 88
12 93
54 99
2 73
4 34
35 77
7 53
49 86
58 93
51 64
64 77
45 70
9 19
17 58
49 95
57 82
50 83
37 47
1 49
10 36
5 39
58 71
57 99
44 60
11 16
8 93
5 27
16 36
77 85
26 46
3 80
60 64
6 7
53 59
8 16
66 95
55 67
6 24
36 76
44 50
11 99
27 90
6 16
15 93
43 62
19 23
17 32
39 75
39 45
0 35
61 82
66 68
49 90
75 78
77 79
22 78
12 88
5 57
25 70
13 50
22 87
56 89
54 80
84 93
25 71
38 93
11 53
7 55
2 34
33 85
7 11
0 63
21 72
57 94
7 98
37 60
35 93
29 81
7 81
26 52
6 45
4 38
13 92
38 98
25 50
40 57
2 29
13 59
11 24
18 84
0 48
85 94
18 35
16 23
25 76
23 43
34 81
27 47
66 73
50 97
54 68
70 90
4 84
60 81
15 99
64 96
33 99
10 35
33 51
29 51
46 61
47 52
27 79
46 52
43 97
2 65
45 98
34 87
49 68
16 94
42 68
32 67
42 75
26 54
28 58
41 55
4 59
84 89
35 39
36 88
31 91
6 29
88 93
37 63
9 62
5 82
38 51
1 26
32 56
4 60
12 14
18 54
43 71
54 62
30 91
13 51
34 57
42 74
2 57
63 64
69 98
0 58
91 95
52 56
3 70
57 64
40 87
52 95
35 50
1 38
24 48
10 43
12 98
0 61
19 29
27 81
40 88
36 79
31 35
40 86
4 57
43 96
93 97
35 83
32 46
11 56
9 27
21 79
2 22
3 98
39 81
43 61
26 27
48 67
13 58
9 23
8 66
12 41
58 92
25 55
52 67
16 88
31 38
42 82
23 93
21 89
0 36
15 85
67 80
42 43
3 89
47 60
60 72
4 88
13 31
11 50
27 65
48 90
10 30
3 55
44 51
3 19
22 29
24 99
16 41
39 88
28 49
32 95
6 41
58 82
72 85
2 58
4 41
12 64
16 44
0 56
37 87
74 86
61 91
27 92
67 68
31 69
78 95
2 88
36 84
9 57
23 65
87 98
29 94
55 85
42 94
69 74
81 87
12 60
32 79
28 62
1 75
40 55
64 76
62 92
1 97
20 71
18 21
48 60
16 67
62 85
10 60
43 83
3 47
79 83
41 81
59 82
23 36
8 37
61 81
28 52
40 82
0 50
8 85
65 70
13 97
48 68
27 76
52 69
11 60
51 97
62 86
23 77
11 70
36 50
19 63
15 91
21 51
38 52
21 50
39 86
39 99
27 54
58 66
27 96
0 69
55 76
14 53
31 84
31 86
38 77
12 46
28 99
1 50
1 41
52 87
80 94
47 79
27 52
26 74
2 27
81 93
7 12
24 77
16 32
7 70
54 93
74 82
53 85
6 75
15 26
58 59
9 89
16 84
87 96
38 69
45 89
19 81
21 65
29 35
36 80
70 83
54 88
7 82
86 94
4 49
45 58
3 93
9 71
11 87
57 77
80 99
13 22
18 96
53 79
25 67
60 85
37 40
23 83
28 50
33 43
31 56
4 70
14 67
13 99
36 44
63 94
6 21
0 13
6 49
4 39
32 62
54 60
47 49
4 43
6 65
23 72
23 64
38 85
68 88
7 84
2 56
47 77
60 99
19 43
49 82
23 81
30 97
44 94
37 79
0 37
3 24
94 99
57 87
14 65
23 70
19 70
0 79
21 43
50 70
74 77
4 26
4 98
35 71
71 87
73 90
47 82
46 62
43 85
8 36
55 66
30 66
37 61
38 74
63 78
17 67
28 88
16 55
11 80
11 58
14 20
43 57
92 95
28 39
55 57
84 86
23 71
36 90
24 26
43 95
43 75
83 98
30 50
22 67
14 40
31 62
18 43
27 88
56 63
46 50
10 99
26 62
9 86
30 69
76 80
0 11
10 78
1 56
77 96
15 40
10 68
37 66
32 87
12 31
26 50
36 57
21 66
47 84
36 97
10 76
46 66
14 44
15 94
3 25
40 63
55 80
30 78
82 88
18 66
33 67
