200 500
107
32
51
70
46
77
56
56
99
86
41
104
67
117
56
30
96
66
86
97
43
34
64
35
114
23
45
83
60
111
115
100
75
98
50
102
108
86
38
87
53
111
23
52
108
59
62
36
57
80
65
32
46
110
48
41
65
25
104
57
69
51
37
24
29
67
58
117
34
28
36
119
119
39
51
60
30
45
28
119
57
26
32
83
116
112
104
113
117
40
50
66
23
68
23
33
115
113
82
81
22
99
80
73
70
63
65
33
88
74
32
25
80
44
89
28
36
25
21
86
98
103
32
101
51
87
114
99
81
29
60
35
108
21
88
110
64
34
23
85
40
88
90
100
112
111
60
81
69
113
47
47
96
111
28
28
79
75
107
92
84
47
107
24
48
75
114
45
41
70
110
61
38
32
41
82
76
33
95
25
26
74
104
103
66
112
111
77
67
50
49
31
77
36
87
58
43
82
35
65
122 123
83 118
67 144
2 184
81 135
80 189
24 154
101 124
72 83
11 171
115 127
175 185
9 21
126 197
49 129
123 140
4 11
149 158
78 161
85 165
26 194
100 197
3 122
1 86
164 194
57 74
79 194
1 52
3 128
2 4
9 142
79 166
37 153
67 183
104 150
96 101
98 130
133 196
149 172
167 171
28 113
144 193
146 174
177 197
26 199
133 188
12 93
154 199
2 173
104 134
35 77
7 153
86 149
58 93
51 64
164 177
45 170
19 109
58 117
95 149
57 82
83 150
37 47
49 101
10 36
39 105
58 71
157 199
44 160
11 16
108 193
105 127
36 116
77 185
26 46
80 103
60 164
6 107
59 153
108 116
95 166
155 167
24 106
76 136
44 150
11 99
27 190
106 116
15 193
43 62
19 123
32 117
39 75
139 145
0 135
61 182
166 168
149 190
75 178
79 177
22 178
12 188
105 157
70 125
50 113
22 187
56 189
54 180
84 193
125 171
138 193
111 153
55 107
102 134
133 185
7 111
63 100
21 172
157 194
7 98
37 60
29 49
35 93
129 181
107 181
52 126
6 45
38 104
13 92
38 198
25 150
40 157
2 129
13 159
111 124
118 184
100 148
185 194
118 135
116 123
25 176
23 43
81 134
127 147
166 173
97 150
54 68
70 190
4 184
60 181
99 115
64 196
133 199
10 135
51 133
29 51
46 61
52 147
127 179
46 52
97 143
2 165
145 198
134 187
149 168
16 194
68 142
32 67
42 75
126 154
128 158
141 155
4 159
84 89
135 139
136 188
31 91
29 106
93 188
137 163
62 109
82 105
51 138
101 126
56 132
4 60
14 112
18 154
43 71
54 162
130 191
113 151
34 57
142 174
57 102
63 164
169 198
58 100
95 191
52 156
3 170
157 164
140 187
152 195
35 150
101 138
124 148
43 110
12 98
100 161
19 129
81 127
140 188
36 179
131 135
40 86
4 57
143 196
93 97
35 183
132 146
56 111
9 127
21 179
102 122
3 198
139 181
143 161
26 127
48 167
58 113
109 123
8 66
57 105
41 112
58 92
125 155
52 67
88 116
31 38
142 182
123 193
89 121
0 36
85 115
167 180
42 143
89 103
60 147
160 172
4 188
31 113
50 111
27 165
90 148
17 32
10 130
3 155
51 144
3 119
29 122
99 124
116 141
177 179
88 139
28 149
95 132
6 141
58 182
72 185
2 158
41 104
12 164
16 44
0 156
87 137
74 186
61 191
127 192
167 168
69 131
178 195
2 88
136 184
98 169
9 57
65 123
87 98
29 94
55 185
94 142
74 169
81 87
112 160
32 79
128 162
75 101
55 140
76 164
62 192
1 197
71 120
18 121
48 160
16 167
62 185
60 110
143 183
47 147
103 179
79 183
141 181
59 82
23 36
28 158
37 108
61 181
28 152
140 182
0 150
108 185
165 170
97 113
148 168
27 76
152 169
11 160
51 197
162 186
23 177
70 111
36 50
19 63
15 191
51 121
38 152
21 150
86 139
39 199
27 54
66 158
27 196
0 169
155 176
114 153
131 184
31 186
138 177
12 46
28 199
1 50
101 141
52 87
94 180
47 79
27 52
26 174
2 27
81 93
12 107
77 124
16 132
70 107
154 193
82 174
85 153
6 175
15 26
58 159
89 109
113 158
116 184
87 96
138 169
45 189
19 181
65 121
29 35
136 180
170 183
88 154
7 82
94 186
49 104
145 158
103 193
71 109
87 111
157 177
80 99
13 22
96 118
79 153
125 167
60 85
40 137
97 100
74 146
83 123
28 50
33 43
56 131
104 170
14 167
99 199
113 121
31 165
44 169
94 136
21 163
100 106
6 13
39 149
32 104
154 162
143 149
4 6
164 172
85 123
38 88
7 68
84 156
47 102
160 177
99 143
49 119
23 182
81 97
94 130
44 79
0 37
37 103
9 124
19 199
57 94
87 114
70 119
0 170
21 79
143 150
70 77
104 174
104 126
171 198
135 187
171 173
47 90
62 182
29 46
85 119
136 143
8 166
55 130
87 166
61 152
37 174
138 163
17 78
28 67
155 188
16 111
58 80
14 111
120 157
43 192
139 195
128 155
57 184
23 86
71 190
36 60
126 164
24 195
43 143
83 175
191 198
30 195
50 58
45 122
40 167
114 162
43 131
118 188
27 156
50 163
146 199
62 110
86 126
9 69
130 185
80 153
100 176
111 178
110 156
77 101
15 196
40 128
58 110
37 68
32 66
