150 3000
97
21
97
60
25
69
67
79
81
88
55
30
33
81
55
46
36
32
31
23
55
102
31
22
42
76
27
95
38
47
31
67
49
108
107
106
110
107
65
23
75
101
33
40
114
20
66
30
33
29
85
20
111
97
74
34
105
82
109
76
109
73
75
90
113
63
76
103
102
22
106
57
55
20
77
101
20
76
63
85
85
28
38
29
57
92
43
95
54
84
103
96
89
58
66
83
53
75
66
35
29
105
24
116
57
34
97
109
90
40
27
107
100
45
68
90
69
91
65
104
108
48
32
77
38
30
40
72
85
39
87
46
76
44
42
113
58
119
54
28
91
61
67
72
86
116
42
36
39
39
48 105
27 99
137 145
51 134
73 74
60 90
108 132
121 132
89 132
57 100
96 148
6 25
77 110
21 77
124 126
31 74
58 81
75 128
97 127
22 112
50 75
14 84
85 135
118 119
74 78
69 72
88 97
55 118
16 81
99 146
5 130
60 80
7 10
109 123
62 81
95 100
48 87
69 132
57 109
126 147
31 125
104 129
9 115
33 149
90 146
133 147
28 43
38 129
89 102
11 34
13 53
101 129
14 101
8 72
69 123
4 36
96 140
35 114
35 149
141 147
83 130
111 138
75 118
28 149
63 109
62 64
76 93
67 79
107 140
87 132
111 124
58 137
74 114
16 22
71 109
7 94
48 52
29 55
68 107
27 57
20 21
91 148
8 115
124 130
50 67
12 107
93 146
110 122
46 70
28 82
87 117
19 26
134 135
49 53
8 143
65 132
30 125
47 115
36 95
73 86
30 65
8 98
70 78
20 149
100 116
133 136
38 61
5 75
97 106
90 129
13 17
5 99
41 121
77 146
69 118
13 33
2 14
80 94
114 136
5 131
114 117
5 141
26 48
80 123
57 111
74 116
27 121
23 68
71 144
113 145
42 60
44 146
126 142
27 113
8 107
118 126
11 123
51 131
59 113
76 116
42 75
92 102
66 115
60 72
67 88
75 131
29 124
6 77
104 116
119 125
113 139
101 138
0 82
39 111
98 115
23 130
27 126
90 99
28 36
14 68
61 97
138 139
6 103
93 124
15 83
67 96
37 68
16 29
55 61
91 115
118 133
91 125
29 119
4 37
43 65
83 134
54 140
50 90
16 72
8 32
7 57
1 27
82 96
1 95
36 143
18 29
11 56
4 77
8 41
1 126
70 82
10 141
34 59
43 134
93 143
102 145
23 48
118 129
102 123
22 57
2 15
34 58
93 127
57 119
95 113
33 110
3 79
95 114
63 131
56 59
11 75
0 103
83 111
115 118
77 108
12 138
74 93
36 70
39 51
66 145
8 36
2 116
11 97
74 80
131 139
33 108
38 52
65 108
23 128
31 131
56 71
45 149
47 116
0 87
5 134
66 94
68 142
4 60
42 68
101 130
65 83
59 135
6 69
29 102
35 47
5 63
106 108
55 56
74 143
55 132
24 30
74 76
38 144
78 114
80 111
13 65
26 78
50 84
2 95
16 45
38 79
46 50
89 107
66 102
2 59
48 84
26 135
9 130
116 139
46 146
100 114
81 111
11 140
67 138
85 103
64 135
4 52
56 144
49 70
20 115
3 133
98 142
64 133
31 132
110 134
123 145
65 136
35 134
26 49
111 118
33 55
107 148
45 89
9 65
30 94
77 81
29 33
68 122
6 145
7 100
95 140
108 130
114 133
61 143
22 46
31 73
37 118
96 98
29 114
29 93
62 110
33 65
71 105
35 112
32 114
72 144
16 108
77 117
76 130
2 98
79 127
32 116
95 128
65 111
7 146
54 122
107 120
5 114
40 93
57 129
123 124
129 140
134 148
60 120
24 129
60 110
1 92
128 148
71 95
11 130
65 92
101 102
87 107
31 65
49 96
24 88
70 120
54 66
88 118
16 149
14 76
11 67
71 140
44 65
85 128
24 79
44 127
30 131
136 148
12 88
3 94
14 112
25 80
45 120
71 136
45 85
56 63
3 36
98 120
34 80
99 104
15 45
46 81
26 120
91 96
40 58
72 146
21 107
2 77
66 73
13 64
29 61
64 122
65 70
86 145
6 87
1 22
83 132
9 120
53 66
2 111
106 148
33 115
19 87
43 137
9 63
1 26
38 123
5 90
43 78
0 102
1 16
124 148
94 136
59 91
10 113
18 104
32 134
29 79
72 92
73 88
46 110
33 141
33 90
8 145
86 119
7 125
27 118
82 125
95 98
14 134
30 95
63 102
1 37
25 57
29 123
62 69
16 62
12 147
70 135
33 129
51 110
98 131
78 82
78 106
27 120
62 109
66 125
5 61
86 126
57 115
86 111
119 128
50 116
42 121
102 127
2 114
28 100
9 147
84 103
14 87
52 126
94 123
27 35
1 56
18 23
37 113
105 135
15 57
101 109
28 105
31 86
17 122
33 119
20 26
15 125
34 101
59 67
45 147
20 53
16 65
57 72
1 124
5 129
60 135
12 123
78 140
58 68
33 98
34 136
53 134
81 94
50 142
5 29
12 146
22 121
68 75
100 147
62 132
47 106
55 83
133 148
67 141
76 134
18 53
8 112
14 43
7 111
73 116
69 71
40 43
18 40
40 42
52 75
9 83
81 85
44 128
28 50
5 55
17 99
14 15
22 36
94 143
7 34
39 99
104 131
6 141
95 108
41 106
6 93
103 123
71 75
28 33
81 132
46 147
9 148
24 72
17 97
68 104
9 103
54 109
45 141
99 116
43 124
43 101
16 67
40 54
88 143
69 74
115 122
22 71
26 95
95 123
13 15
20 129
23 85
66 130
33 148
67 76
27 91
28 134
22 131
50 72
44 148
15 70
67 93
64 67
66 134
98 129
54 57
33 37
66 120
87 90
59 142
72 102
0 33
56 131
30 55
53 84
25 95
95 145
129 139
11 36
43 45
13 62
23 58
10 130
43 75
88 109
0 20
43 106
92 131
28 139
3 53
8 142
96 116
63 88
56 124
77 88
114 135
26 112
17 37
105 122
122 146
27 39
14 136
17 125
21 42
80 102
13 47
3 49
12 75
59 89
13 23
74 125
102 143
65 74
0 61
27 98
51 139
68 93
16 135
89 149
5 88
39 46
8 58
114 120
50 127
26 45
5 147
20 70
20 71
20 33
48 88
1 77
94 121
131 146
20 121
10 93
53 80
26 50
56 103
96 130
61 93
52 131
67 124
66 139
5 22
75 140
82 136
99 130
62 117
89 125
68 82
1 12
28 122
115 127
61 84
9 47
56 61
36 146
14 110
88 136
37 42
62 116
1 144
1 135
54 62
49 86
68 116
125 127
17 34
89 97
59 125
94 126
137 147
32 75
127 133
15 39
92 146
0 110
50 146
99 131
65 116
94 101
21 92
30 31
89 118
6 114
117 144
52 112
121 147
29 136
120 149
47 53
8 110
6 9
24 143
68 118
18 50
100 136
106 140
3 9
2 115
26 61
14 90
12 14
60 117
24 113
21 121
37 79
30 32
8 104
27 124
77 97
25 27
67 136
35 139
76 90
6 40
20 116
50 147
19 71
56 73
52 106
6 139
68 114
33 93
16 110
2 120
27 58
49 148
69 78
6 46
95 125
31 68
103 121
92 137
4 127
10 62
78 97
22 120
49 80
78 107
22 54
94 144
34 42
0 9
39 108
56 108
9 139
3 108
21 32
95 144
54 74
47 134
4 100
62 122
58 110
116 145
2 18
56 94
28 112
18 52
33 121
47 124
43 132
40 116
14 86
10 109
53 110
18 113
125 135
3 128
33 120
22 27
41 81
13 120
69 114
39 59
103 131
89 130
44 47
62 142
114 127
37 93
60 131
28 55
5 139
7 30
86 128
95 102
37 99
11 53
37 70
73 138
64 125
20 74
10 12
27 38
42 128
22 75
38 50
79 130
55 137
109 141
17 55
19 93
6 144
64 124
71 104
13 124
39 86
50 81
64 72
4 6
38 122
79 83
43 77
70 147
0 65
16 144
42 124
18 58
13 89
102 141
28 78
61 130
92 104
119 149
7 129
58 82
27 137
31 36
27 148
73 104
85 99
34 89
125 138
18 119
3 148
30 148
0 5
134 147
59 131
42 98
9 73
88 134
88 124
64 96
84 98
71 139
47 75
10 35
81 102
4 106
87 131
6 136
55 139
100 120
36 65
49 97
33 40
14 88
2 24
13 108
2 100
82 147
129 144
81 84
75 141
57 89
130 147
95 119
52 118
69 141
125 140
42 130
55 80
82 140
72 109
88 131
66 67
44 71
11 109
101 141
8 99
110 113
67 81
2 6
4 146
110 127
19 75
57 90
74 132
85 140
107 121
23 24
89 147
48 120
39 68
51 73
83 140
35 89
39 142
21 86
63 149
93 141
69 120
12 25
5 132
58 73
25 29
24 85
3 115
56 76
17 139
52 66
110 131
119 143
33 142
32 126
35 54
46 60
51 67
43 103
101 131
26 59
50 130
35 144
16 102
85 111
79 92
39 73
32 91
42 125
76 126
13 101
73 149
18 100
4 82
22 31
54 141
37 133
51 90
51 140
134 136
77 131
1 11
99 139
29 51
76 100
13 103
17 146
18 35
78 100
73 84
7 135
24 116
43 149
2 3
15 124
3 73
56 84
98 127
37 111
33 132
30 69
27 147
66 117
4 92
58 126
19 80
84 110
22 84
12 34
110 116
3 63
45 123
3 89
43 114
13 36
3 70
64 79
8 55
88 122
75 134
74 149
68 127
35 76
53 100
75 109
22 73
48 129
38 143
15 51
19 63
32 127
79 88
1 69
64 144
106 121
42 84
33 58
14 96
73 133
73 95
88 133
66 103
24 119
5 8
61 109
75 76
99 121
42 108
84 144
42 105
117 139
3 119
92 114
67 112
55 133
105 132
74 137
37 116
42 114
39 85
136 147
70 132
39 87
80 90
56 93
45 50
7 55
7 117
62 140
16 44
95 142
29 48
5 68
36 141
18 65
7 114
7 54
63 87
132 147
104 113
41 132
46 111
75 82
0 36
22 34
106 142
21 147
3 56
92 142
46 109
19 116
54 116
15 82
21 130
79 132
63 78
115 132
102 107
100 140
31 46
5 23
103 139
1 34
21 132
5 107
50 97
71 103
77 84
57 106
50 66
15 126
48 78
90 123
28 56
85 136
79 125
25 89
107 139
112 123
61 102
62 149
38 135
14 85
116 137
25 47
11 43
24 132
21 39
92 120
108 128
68 72
36 81
20 96
13 45
75 89
44 126
58 113
61 132
98 138
29 43
11 52
91 120
62 85
113 115
35 72
18 143
71 114
65 85
57 61
7 62
78 85
49 118
60 66
37 141
11 89
2 131
82 139
45 95
18 105
40 132
1 28
85 100
1 17
79 87
110 149
97 138
106 129
39 146
34 74
30 86
25 85
108 119
65 126
3 81
135 136
13 24
39 109
15 56
12 102
24 37
4 26
122 133
118 132
57 75
2 7
28 45
14 144
38 121
41 131
79 128
32 118
47 140
16 52
27 108
94 149
129 143
117 120
22 88
128 133
24 102
49 140
31 47
54 83
13 147
32 81
22 33
12 31
77 135
29 104
93 123
86 103
102 122
40 109
46 87
75 148
13 125
40 61
6 124
55 115
39 49
124 137
18 124
51 137
3 68
57 148
41 62
46 136
34 95
133 138
64 84
39 74
26 100
2 41
41 127
15 101
54 111
16 54
111 122
14 66
23 53
110 112
50 100
135 145
28 66
46 102
104 124
9 145
3 50
7 63
64 117
61 80
75 90
6 147
12 118
7 39
36 37
24 44
40 122
51 145
60 148
2 140
12 105
9 76
73 122
13 59
47 108
71 100
91 112
112 114
61 120
0 56
58 132
45 98
105 148
93 103
58 136
7 70
16 91
49 66
10 139
38 132
53 143
55 96
54 75
107 133
37 54
133 142
52 129
110 147
17 57
10 83
34 73
77 114
44 58
53 64
111 143
44 98
23 113
71 99
30 80
73 79
40 90
25 136
100 112
27 59
5 76
31 138
77 115
7 25
10 121
11 101
9 94
49 69
26 51
60 144
18 99
19 119
61 131
39 48
56 123
50 89
73 97
127 135
78 120
64 146
97 140
35 145
78 87
74 139
81 92
51 113
12 133
22 142
100 115
40 130
15 53
39 45
9 91
123 139
10 87
11 15
85 149
56 132
27 46
135 141
20 97
55 90
42 57
74 107
25 149
30 38
70 121
95 99
74 110
99 111
122 137
38 115
21 109
21 38
6 68
78 136
23 59
17 44
95 97
42 127
112 134
0 135
13 109
70 112
99 112
77 94
53 137
1 60
69 144
66 75
38 47
98 114
8 70
5 17
47 111
73 139
27 47
32 60
23 140
2 99
3 90
49 124
58 124
13 105
13 140
25 148
30 43
56 141
45 90
39 116
50 124
100 113
25 107
103 109
27 133
14 31
115 125
33 57
122 141
132 139
66 135
32 67
11 88
3 110
36 128
10 43
81 143
38 124
18 129
97 147
14 63
30 139
80 88
23 72
60 64
98 106
130 138
67 142
77 80
15 47
58 90
25 41
51 135
31 83
3 97
33 95
25 87
12 23
136 149
105 128
108 136
53 146
2 125
50 133
94 140
67 140
28 135
21 117
83 104
138 149
51 146
40 74
82 135
80 121
77 95
51 60
41 47
56 90
11 42
61 103
60 136
89 92
15 32
7 136
1 121
24 87
14 64
61 101
64 65
9 11
101 120
20 64
52 121
74 126
88 90
29 68
99 136
55 138
75 123
79 89
31 141
52 109
63 147
19 118
40 66
84 89
92 112
32 66
102 134
77 121
25 84
72 79
52 80
9 50
43 93
92 95
52 89
20 61
109 127
60 95
54 119
35 109
61 138
71 102
15 94
81 99
10 119
49 74
114 124
53 67
4 120
45 65
42 56
5 95
1 64
110 111
1 100
72 73
88 104
69 87
38 90
14 97
113 140
40 101
49 129
74 92
89 105
8 131
55 92
56 118
84 100
24 40
36 38
30 149
78 131
21 88
48 135
87 119
42 95
94 131
76 103
36 71
123 144
2 70
46 117
83 97
35 119
2 144
105 131
82 104
21 48
54 91
102 132
30 101
2 147
104 147
94 95
37 115
34 141
117 145
46 119
27 139
71 126
9 33
49 54
57 104
48 61
51 138
43 91
48 141
44 49
86 87
10 20
44 147
64 114
92 110
81 136
14 39
55 72
75 104
28 132
76 110
1 43
37 127
77 96
28 145
16 122
34 134
33 88
2 130
88 112
102 111
28 125
4 117
62 78
8 80
45 77
37 125
61 124
79 147
128 142
42 82
50 96
106 130
65 87
29 129
48 89
124 134
27 63
2 27
12 24
57 82
2 66
99 105
12 132
64 113
19 83
40 136
67 139
7 85
18 43
55 123
0 19
57 84
41 76
131 141
107 142
22 86
45 86
126 132
35 95
8 34
51 147
22 52
106 124
66 74
0 58
49 107
65 131
41 67
68 87
19 23
52 99
10 54
100 105
10 89
42 86
61 146
70 108
84 120
80 136
85 145
73 112
36 49
43 107
58 125
10 79
20 59
61 133
28 124
70 71
35 113
118 123
7 89
45 58
19 143
40 51
3 111
69 104
58 131
29 121
60 141
95 141
52 71
26 70
33 43
12 61
3 116
22 113
3 11
25 125
53 58
13 74
24 35
106 144
6 107
104 149
24 121
66 77
109 138
18 78
56 81
6 48
33 127
35 73
49 87
13 48
84 95
90 119
66 104
42 58
13 118
45 135
60 86
14 44
43 51
49 116
1 93
74 135
30 72
123 131
85 110
55 76
50 82
23 144
43 140
41 89
77 122
38 101
121 144
87 141
96 142
81 82
113 118
42 146
56 97
23 56
46 51
66 110
57 74
1 98
106 136
95 147
28 74
35 43
37 39
77 141
13 77
47 121
98 100
17 68
59 143
28 60
64 91
65 130
18 62
15 136
98 145
29 141
30 118
82 107
109 147
20 36
7 37
7 118
35 83
76 81
48 99
22 56
66 118
40 81
40 105
36 76
31 106
68 115
52 64
84 127
37 140
23 147
8 57
84 138
34 85
88 141
4 108
12 50
19 137
63 90
23 107
14 71
37 90
4 83
131 140
13 149
22 63
97 107
36 149
64 92
59 80
83 149
41 143
22 117
107 112
4 40
18 145
3 8
28 54
7 74
111 148
59 123
7 24
59 147
19 109
65 145
0 69
10 32
32 88
102 135
7 13
21 87
75 137
46 134
70 144
33 105
104 123
79 100
39 44
11 95
14 91
3 43
103 106
77 105
3 105
39 138
71 73
78 93
75 98
44 80
16 77
9 56
1 91
13 92
45 53
63 134
12 117
0 67
79 145
47 79
122 127
124 138
30 54
47 50
31 63
118 139
84 86
9 149
17 32
102 149
45 81
58 133
14 137
31 61
38 93
44 92
31 59
25 143
20 99
19 113
48 108
89 112
7 60
56 74
47 87
16 136
24 90
36 109
19 134
91 92
19 144
20 100
77 148
97 143
53 149
106 128
114 142
122 135
40 133
21 59
19 54
13 22
17 145
33 80
53 83
19 82
130 148
79 148
85 138
53 63
94 98
66 79
83 120
101 104
81 120
56 134
23 69
38 106
24 120
11 28
26 102
31 43
76 128
20 130
16 42
23 78
63 135
86 143
17 127
78 109
81 145
6 134
22 64
94 142
1 94
23 44
23 99
79 117
59 116
3 42
36 122
42 89
120 146
6 43
9 54
68 80
0 72
1 65
68 88
98 147
23 37
19 149
17 42
84 130
20 103
22 109
17 60
5 135
39 75
5 15
10 15
75 129
68 99
13 68
91 147
69 133
14 50
34 120
55 142
80 106
96 111
7 28
17 101
95 132
7 81
79 82
76 109
91 111
33 81
28 140
92 108
75 95
13 82
16 124
47 148
79 135
54 120
8 66
46 137
7 147
30 79
107 141
72 117
66 83
15 127
52 81
110 146
37 136
12 90
10 108
93 138
94 141
51 63
10 11
62 89
29 63
14 81
110 129
29 60
12 41
56 101
80 120
38 42
32 82
33 75
26 149
10 68
81 96
88 140
19 45
33 131
114 138
53 93
52 57
4 137
22 98
55 77
30 111
57 130
9 110
22 146
92 129
6 119
82 103
49 127
14 34
16 132
65 144
26 127
122 139
20 88
63 67
14 69
37 97
23 77
57 83
53 102
44 131
11 64
79 93
32 45
18 79
48 64
77 144
18 90
53 148
35 101
0 124
14 135
67 83
87 116
14 53
107 127
52 139
109 114
69 82
9 39
37 62
39 139
1 24
88 108
122 140
20 44
26 80
0 131
9 97
25 103
74 108
108 148
72 83
62 137
64 78
56 92
86 100
11 29
10 39
63 100
9 16
28 118
38 142
18 76
7 110
69 90
74 77
6 29
23 124
65 90
6 133
16 83
36 66
53 54
115 131
33 72
9 42
123 130
47 147
21 146
63 86
59 115
1 89
6 66
39 134
20 66
59 126
22 25
55 89
24 140
10 34
57 81
7 53
5 122
42 120
32 33
0 23
39 62
30 134
4 17
128 149
73 130
3 121
45 128
8 146
30 129
18 36
77 111
18 142
50 86
134 139
64 119
61 134
29 118
91 98
56 77
27 44
23 28
7 52
44 119
49 88
1 137
24 28
37 143
21 93
41 48
70 117
40 49
23 106
32 51
0 60
82 119
24 65
51 125
3 38
27 127
62 73
88 127
118 149
74 140
4 102
71 80
104 138
39 137
10 129
70 98
77 143
62 67
22 148
57 149
15 120
96 126
3 57
9 72
132 145
8 21
86 139
64 118
0 134
29 144
53 86
23 46
3 22
60 119
85 121
95 104
103 132
69 125
39 93
37 145
66 111
54 112
58 135
36 104
20 62
48 142
49 143
31 96
123 149
2 92
39 65
42 139
97 113
16 101
58 64
1 116
2 8
38 64
30 108
3 15
28 47
2 54
49 146
21 141
0 88
60 123
35 115
127 137
34 35
87 103
53 105
91 95
72 105
11 104
13 134
29 62
25 99
15 93
55 100
40 135
17 21
24 107
104 127
44 59
42 83
53 57
77 147
31 129
38 65
121 142
59 87
22 99
52 123
29 148
14 33
40 86
71 90
90 126
11 14
55 114
2 132
114 141
4 64
18 83
105 108
43 113
1 96
39 147
15 98
11 139
127 142
146 147
46 132
1 14
91 113
36 105
54 128
12 68
63 65
49 105
46 58
91 127
137 142
11 58
41 51
102 109
44 115
31 77
26 43
96 127
23 148
108 121
57 127
25 49
78 148
18 37
76 89
0 27
37 51
17 24
100 125
18 102
46 79
27 89
66 93
44 84
91 134
11 24
16 21
110 140
28 147
59 93
45 110
16 61
85 105
28 88
6 51
78 79
58 62
2 128
75 121
14 107
127 148
44 141
16 43
53 90
65 80
7 124
85 132
53 101
4 87
31 62
116 121
85 131
78 83
10 122
48 126
73 102
28 123
91 94
117 143
72 88
10 27
9 109
37 75
122 130
108 110
107 118
83 135
18 68
65 141
22 91
72 116
32 83
58 128
71 72
52 133
39 143
20 136
5 36
70 139
12 28
2 63
0 85
63 146
58 120
12 37
39 103
96 128
19 78
108 116
11 136
68 79
23 120
41 103
104 132
40 102
5 25
89 126
67 82
62 124
86 96
54 105
106 117
87 91
88 114
58 129
67 92
7 87
21 140
97 110
48 138
12 93
24 57
6 17
55 125
19 50
82 118
91 140
84 106
30 73
37 56
36 68
49 130
28 37
19 25
69 77
49 75
6 146
8 103
55 98
28 30
22 23
65 102
73 144
31 110
31 48
39 97
15 148
40 144
73 143
3 21
31 100
53 56
14 145
46 47
48 107
107 110
53 126
68 124
108 120
43 118
3 23
103 116
54 70
17 29
76 78
32 42
90 93
28 102
17 50
26 56
122 124
0 92
21 134
37 137
44 55
99 142
28 120
10 57
138 140
25 52
63 132
15 29
42 111
115 147
10 134
28 57
11 137
21 149
12 80
97 111
65 101
24 66
82 98
41 124
54 69
34 68
34 52
88 96
47 117
35 107
30 116
42 61
18 41
65 135
32 115
62 141
18 101
37 112
70 146
9 27
74 144
28 101
109 144
91 131
51 76
54 85
8 20
20 122
23 64
26 140
61 112
0 63
46 52
68 97
24 128
68 148
24 46
3 135
12 45
75 84
7 9
15 121
120 141
110 144
59 75
46 130
85 120
61 145
93 113
96 149
21 45
62 135
11 144
78 122
17 144
83 139
35 53
64 105
23 76
16 71
85 130
14 20
12 32
72 130
94 96
49 113
99 102
54 132
39 98
61 121
137 149
16 145
110 132
2 80
38 126
112 124
34 57
70 138
49 123
58 98
90 133
14 32
50 63
76 149
32 47
87 102
63 142
17 149
101 139
126 137
115 137
55 57
22 72
45 148
95 138
91 128
44 87
18 117
82 87
6 62
69 145
34 140
68 105
62 148
52 100
0 4
107 131
120 124
139 140
24 51
48 106
130 146
62 106
24 26
109 130
26 129
4 41
38 74
48 148
8 51
42 147
49 141
16 74
1 87
119 123
35 49
73 127
81 113
94 99
92 125
17 147
37 67
119 140
10 95
33 35
116 135
93 122
60 76
29 71
6 70
2 107
74 100
90 97
48 59
67 143
16 64
82 90
1 62
25 111
4 50
47 84
4 143
58 89
82 88
6 50
51 130
84 107
47 129
32 68
45 62
0 21
43 127
24 101
19 28
40 46
73 135
5 98
36 55
4 111
46 107
1 136
8 10
27 103
90 100
35 130
27 73
53 125
130 141
23 30
35 58
59 134
92 103
105 136
23 101
114 140
24 122
29 52
88 129
26 67
53 68
22 29
14 59
45 72
29 146
23 139
27 40
4 12
17 88
69 126
16 97
66 86
56 96
109 125
25 86
83 98
130 137
7 35
24 31
143 146
5 143
55 59
5 18
28 96
83 122
79 99
65 86
59 88
15 67
46 123
143 149
7 41
47 142
106 135
63 105
0 97
115 116
5 46
88 113
12 74
0 28
68 130
95 103
16 140
4 24
49 84
40 123
78 86
33 103
79 121
17 112
51 99
68 143
72 96
93 114
78 130
82 83
56 69
109 120
108 114
3 37
76 102
16 53
25 104
46 85
83 123
26 47
12 120
26 31
65 81
41 56
15 35
5 38
91 104
30 92
80 141
15 55
28 38
59 99
18 27
8 138
39 91
14 121
6 123
41 64
69 138
132 144
62 126
8 77
92 106
23 135
93 105
8 147
15 75
120 139
59 90
23 57
119 134
8 83
98 121
54 127
111 115
40 100
107 149
33 116
31 58
49 142
51 106
20 68
1 142
80 142
59 66
133 135
32 100
48 70
20 142
75 87
38 131
38 104
34 39
30 64
77 91
11 106
29 38
133 140
39 125
66 98
110 139
118 128
36 99
6 16
10 33
5 58
130 139
96 113
31 50
59 79
141 146
7 33
8 125
11 44
28 127
62 102
48 90
41 102
25 34
22 83
124 141
24 139
55 87
68 91
83 114
23 116
18 125
29 149
28 71
24 109
90 102
8 45
67 120
114 144
37 101
83 117
47 102
14 123
52 122
11 38
15 44
13 139
21 60
29 109
8 17
0 91
41 43
14 125
0 38
1 90
14 25
36 98
63 103
58 79
80 87
90 128
81 90
74 122
122 136
34 76
43 68
104 148
51 65
120 130
68 101
106 120
101 132
66 114
7 90
45 94
31 102
118 136
9 19
35 77
4 136
8 132
12 16
79 109
102 131
123 137
36 102
112 122
91 123
31 88
12 110
114 121
97 98
85 87
8 44
42 69
27 130
46 103
79 86
31 78
129 131
117 141
96 117
105 146
20 105
70 85
15 91
1 6
85 93
33 68
0 101
55 94
16 103
133 144
49 71
46 56
2 119
39 76
5 80
6 41
86 102
74 145
97 115
9 98
62 94
67 78
51 94
20 23
2 96
59 85
27 64
68 120
56 122
19 73
5 20
18 115
49 120
56 80
119 132
100 117
9 134
63 104
22 125
34 149
79 107
71 111
29 108
73 113
67 135
25 96
23 54
23 79
44 135
113 137
18 49
11 76
40 45
21 76
54 147
35 135
7 38
22 35
4 14
8 39
83 101
64 130
20 82
38 100
43 47
25 135
91 116
1 74
14 92
6 106
14 19
22 145
140 149
48 115
119 121
43 143
14 54
61 111
139 149
116 142
63 117
47 69
59 136
62 79
31 119
103 104
59 133
18 59
77 85
11 51
44 132
6 98
53 118
25 73
6 94
134 143
69 79
90 138
116 125
71 106
4 59
15 33
110 130
110 148
18 38
96 139
51 102
44 83
64 138
15 23
105 129
54 81
67 86
3 113
3 125
53 133
73 85
52 124
70 86
40 41
26 74
63 136
54 142
121 138
9 52
119 142
13 102
46 80
83 94
30 127
18 93
18 122
96 108
60 74
75 81
33 66
71 124
65 68
25 117
118 140
19 89
84 148
22 37
4 133
131 137
33 63
21 138
16 139
50 129
50 55
24 84
54 92
0 112
23 41
4 34
92 101
14 111
62 70
11 86
10 80
41 99
49 103
92 118
102 129
19 125
20 106
31 101
7 130
91 137
5 144
50 73
66 97
76 91
28 86
3 44
34 113
43 76
0 117
81 122
96 147
59 137
121 136
77 113
32 120
136 145
15 62
15 133
81 89
53 61
7 72
97 145
24 75
10 53
33 125
121 137
45 103
103 112
68 86
