50 250
104
85
35
55
98
54
115
54
112
80
90
52
71
66
31
92
27
112
75
57
27
59
100
42
57
39
113
69
46
57
89
30
22
105
65
101
39
112
35
83
72
105
68
76
103
31
100
110
24
55
19 23
18 32
6 48
9 39
12 36
27 48
14 22
25 32
1 29
2 43
15 41
8 14
0 20
7 28
3 8
29 30
35 49
29 44
10 18
22 30
9 18
32 45
22 44
14 45
15 18
7 38
3 33
15 33
25 44
35 40
22 49
16 34
23 46
30 33
13 14
8 35
5 22
16 17
27 33
13 43
1 4
0 34
9 17
19 36
11 13
12 22
34 38
7 49
29 36
3 43
1 42
15 38
6 7
33 35
41 49
28 42
3 30
12 29
11 48
10 22
26 44
13 25
1 3
4 46
4 49
42 49
7 16
0 49
43 48
23 35
3 4
14 17
2 15
25 40
21 41
5 18
7 26
11 25
6 24
34 42
8 43
1 27
0 42
38 47
5 6
10 15
20 33
26 47
19 25
18 31
38 46
13 40
3 21
39 48
9 31
19 32
9 24
18 20
11 18
16 20
18 36
6 33
28 43
3 26
16 49
22 23
21 22
5 31
3 31
14 23
2 27
20 34
2 47
5 28
23 38
23 36
14 18
28 47
30 32
3 15
37 39
21 24
24 26
43 47
20 36
0 5
27 30
2 38
3 48
31 45
11 37
5 11
14 48
40 44
19 41
19 43
14 19
43 49
8 49
6 17
10 44
36 49
34 47
4 28
32 41
41 43
7 48
15 36
8 18
5 34
3 6
22 32
7 31
0 13
41 46
35 45
25 46
17 40
12 16
8 33
19 40
26 33
24 37
34 49
23 30
4 23
5 20
14 43
12 43
4 9
25 43
0 8
0 41
26 28
0 4
7 25
11 33
18 45
13 49
11 15
8 24
17 20
1 15
4 36
43 46
14 37
22 42
18 37
18 41
27 45
2 10
21 43
6 11
27 34
10 16
33 47
1 40
4 7
3 47
18 35
12 27
3 16
7 8
12 18
30 35
9 19
32 35
6 21
22 45
17 31
36 46
33 37
31 38
13 32
39 42
1 34
12 47
38 44
7 17
11 41
27 39
33 40
9 34
1 48
8 48
32 48
22 39
36 42
5 30
24 33
36 40
0 31
8 20
1 33
12 45
4 11
17 21
11 27
1 11
5 7
39 40
26 29
9 20
29 31
14 30
34 40
15 46
19 37
6 9
20 42
