250 250
59
42
116
35
63
63
103
73
25
38
69
35
103
57
23
113
89
83
90
95
103
46
114
40
55
105
103
28
31
35
83
22
110
32
90
105
75
73
110
33
44
59
100
27
48
103
21
117
118
91
44
101
69
90
74
104
76
109
65
87
25
80
42
67
44
112
52
100
117
42
65
41
81
45
49
110
80
102
59
79
25
36
112
74
106
66
110
62
56
107
82
113
68
104
112
92
48
44
24
97
118
69
119
31
46
100
73
107
34
113
66
39
81
110
45
67
57
35
110
45
23
24
38
23
108
30
95
88
106
52
65
104
53
116
67
80
48
21
119
62
66
65
33
27
55
58
74
44
26
116
69
81
20
39
84
60
49
111
28
87
95
26
23
29
74
71
41
103
72
40
97
70
37
111
77
24
101
83
49
59
80
50
72
80
70
88
73
51
80
33
119
107
39
22
116
94
73
89
29
77
109
106
27
26
49
36
31
83
100
60
22
60
42
75
72
92
43
25
24
55
91
23
43
110
77
91
36
31
61
97
40
102
36
48
109
65
64
72
28
96
64
83
36
86
38
41
59
113
98
63
23 105
30 91
38 64
100 152
23 97
204 217
87 187
18 183
206 218
86 171
118 232
10 125
162 221
37 176
141 222
133 164
164 165
81 203
116 233
153 241
52 107
78 239
41 199
59 111
7 230
91 197
59 201
24 216
4 222
113 201
78 84
96 129
100 210
151 216
54 193
98 207
138 162
55 87
147 189
166 196
215 229
32 140
25 106
57 99
110 212
64 143
46 193
91 147
154 242
199 215
25 47
47 209
15 237
116 204
32 236
2 67
142 247
22 100
9 101
121 165
37 119
58 165
1 231
164 237
130 244
143 186
7 86
22 204
70 73
78 161
80 102
201 228
180 223
74 224
189 197
58 91
2 87
68 76
3 240
55 99
93 222
229 242
179 196
103 104
16 181
15 220
12 96
87 172
26 248
13 216
47 104
126 134
106 202
54 110
109 193
165 209
54 55
234 247
0 100
89 119
32 206
146 191
52 215
79 233
65 98
113 147
23 202
99 161
154 226
21 123
115 184
38 170
35 238
91 155
96 136
20 62
3 154
18 207
1 71
36 136
35 201
5 101
58 201
136 166
39 207
9 72
48 76
64 95
102 185
7 173
69 198
102 193
175 211
161 246
49 64
117 234
84 86
123 245
37 39
96 131
141 181
7 168
13 41
173 226
115 181
150 165
102 195
120 129
9 133
175 227
183 212
17 43
150 166
114 187
57 246
33 238
53 239
97 132
21 169
108 136
8 154
24 56
65 138
9 115
192 240
135 179
62 79
51 176
109 118
3 172
13 199
47 57
78 145
106 170
214 224
118 216
124 232
120 244
4 189
32 88
17 48
110 167
71 97
37 215
61 180
71 231
128 177
28 174
58 198
22 30
99 172
7 243
89 223
15 229
67 195
47 244
66 85
34 206
137 243
101 169
157 172
84 151
31 152
8 210
141 230
4 85
180 240
11 213
19 241
67 228
127 160
97 163
46 119
35 131
85 215
57 122
109 208
58 114
91 168
71 74
11 59
151 178
189 191
63 217
32 47
193 232
145 175
40 73
14 24
108 229
165 211
70 203
11 225
36 67
32 213
91 240
168 224
18 95
62 210
94 183
109 165
37 136
60 180
74 209
56 170
17 156
85 109
163 189
223 226
5 82
