300 500
115
80
28
57
38
54
67
75
83
60
25
115
105
104
60
40
52
69
41
55
55
38
85
36
22
69
68
118
58
68
107
105
80
67
42
98
102
42
106
65
34
111
112
119
95
52
91
79
102
113
67
89
31
32
105
85
82
105
84
72
53
23
57
113
70
32
91
52
54
29
49
68
20
93
20
48
26
91
107
60
84
54
29
47
119
66
113
81
51
77
85
36
80
74
29
82
86
52
67
72
62
48
73
114
22
25
42
28
96
82
68
113
68
29
40
67
27
33
28
110
42
45
26
102
100
35
65
118
119
64
23
113
92
28
108
94
33
82
102
109
44
102
54
93
63
75
92
70
88
53
60
63
78
66
97
110
33
42
61
85
38
116
78
111
24
118
85
37
81
20
78
57
102
113
82
46
68
55
96
88
88
89
83
98
35
61
89
101
35
82
66
54
78
24
45
82
75
110
51
36
110
109
25
45
102
40
71
102
75
99
23
95
20
86
73
36
27
94
69
43
56
115
77
114
71
102
28
26
44
59
94
35
49
52
60
83
72
63
118
27
94
73
54
95
39
107
63
99
34
112
22
70
59
31
117
62
65
25
69
89
117
95
56
98
27
48
61
79
43
111
38
118
64
72
45
36
60
88
115
26
32
69
76
71
32
25
65
77
31
114
98
28
42
87
58
49
115
51
61
39
173 205
130 291
214 288
50 252
73 297
4 117
37 233
18 68
6 68
21 86
32 168
10 275
21 212
176 187
41 272
133 214
15 264
3 181
66 133
53 191
2 57
39 228
49 291
109 111
107 130
191 197
51 259
124 166
54 172
1 213
78 134
146 179
60 150
201 216
193 254
107 248
12 88
55 287
97 189
166 296
115 279
82 240
75 106
207 299
212 260
43 264
143 146
241 297
142 204
149 265
97 125
97 109
137 265
154 216
82 286
17 202
142 197
100 272
1 59
265 271
19 287
8 165
1 131
87 214
144 180
236 293
57 86
22 154
70 223
228 261
130 152
101 278
130 273
74 274
208 291
52 137
126 268
40 53
55 249
43 272
29 242
96 129
103 104
31 166
65 70
96 162
172 187
226 298
116 213
147 204
76 284
202 256
4 10
59 243
215 259
155 254
284 297
50 100
89 269
132 206
46 91
2 15
229 233
65 198
97 213
102 173
111 249
76 254
71 173
65 184
38 220
35 138
205 241
46 136
20 262
4 53
7 118
51 121
186 236
1 85
151 155
101 258
86 266
107 139
172 209
76 248
145 214
35 102
207 223
148 169
152 243
61 275
96 211
164 199
34 217
186 284
73 295
39 287
81 146
231 291
7 18
163 291
26 273
181 265
165 250
102 245
70 129
33 59
275 277
12 233
193 217
250 266
237 264
46 57
83 288
89 153
47 132
21 69
86 158
160 254
4 108
74 106
165 238
159 215
92 140
85 279
62 229
26 51
109 218
53 72
149 213
197 207
28 45
256 270
114 224
116 118
32 274
244 270
104 139
32 238
217 248
10 117
147 221
37 65
30 161
171 231
78 127
128 224
98 158
180 272
22 49
107 143
23 139
129 215
67 295
244 247
116 285
6 184
37 43
1 119
172 257
51 84
2 231
8 160
30 241
104 185
80 290
13 211
41 219
228 267
160 227
197 263
96 269
81 185
65 135
22 57
59 108
114 158
91 218
121 274
159 211
201 278
189 291
263 267
247 282
143 282
175 245
23 40
174 214
208 279
61 265
53 120
125 211
217 286
13 182
41 90
68 224
268 295
10 262
44 283
209 265
136 187
210 280
124 159
120 206
156 267
85 209
139 263
126 173
55 232
22 139
96 115
83 143
105 153
118 249
15 83
137 203
169 293
63 170
75 183
26 94
20 235
283 285
108 111
163 215
2 290
12 170
155 185
90 253
13 124
39 80
207 228
201 283
97 98
71 224
149 281
54 70
56 84
89 245
5 167
160 222
47 224
92 232
80 97
22 145
61 221
129 225
260 290
82 139
59 205
92 116
54 186
146 190
236 242
162 187
48 293
84 92
228 272
24 104
77 98
249 299
211 226
180 253
14 187
93 246
219 261
25 90
147 237
90 215
103 225
4 218
88 203
10 175
68 86
32 145
33 184
147 196
128 260
101 199
142 246
113 145
207 235
54 138
106 224
149 196
200 261
119 164
40 129
91 108
175 267
6 203
209 254
51 221
83 152
120 277
17 150
57 91
4 281
163 229
60 139
250 260
53 68
131 160
99 213
87 219
2 296
53 174
9 269
89 257
107 286
106 129
111 216
80 163
2 40
140 222
152 155
172 223
4 205
135 171
103 223
90 157
16 271
211 241
77 220
82 116
28 189
244 245
52 108
76 144
163 216
18 66
121 239
78 293
181 243
98 249
92 156
127 255
160 218
120 238
139 255
54 219
51 144
215 248
212 292
75 92
210 260
81 145
149 190
144 212
71 161
227 242
5 250
107 166
168 279
7 156
234 262
130 278
65 194
78 277
222 238
104 198
1 133
32 282
192 244
15 127
121 157
215 243
71 102
133 240
41 81
16 299
3 30
120 146
276 277
98 214
199 254
32 164
196 256
15 200
192 194
102 215
67 210
17 139
12 202
131 146
182 243
162 298
60 212
118 188
37 216
154 237
19 223
179 269
36 215
79 160
46 230
50 262
9 31
73 241
72 285
219 228
6 133
226 271
44 246
211 283
13 66
236 272
85 294
52 167
30 298
13 212
44 226
53 63
9 56
179 294
98 128
186 274
200 284
157 230
121 297
10 265
187 290
24 298
165 284
66 128
93 163
131 259
71 246
65 81
2 244
127 182
94 102
69 78
54 278
51 60
78 151
90 113
111 120
104 114
28 295
191 222
88 106
151 159
52 216
107 292
120 212
6 289
110 274
28 137
141 197
80 292
27 245
83 147
57 249
3 85
244 278
29 84
84 232
188 244
148 288
