250 2000
92
117
96
84
46
117
79
105
46
25
71
98
90
93
64
117
106
92
30
21
87
83
118
45
29
62
21
52
66
50
55
39
99
31
55
25
80
114
111
107
71
114
37
93
87
81
90
25
105
100
78
73
116
29
98
25
71
51
110
69
33
45
40
112
56
27
70
69
73
113
108
24
107
25
98
75
38
20
32
24
53
91
29
49
52
59
106
103
90
96
104
104
73
25
48
110
32
50
111
86
43
99
42
83
56
72
90
74
73
102
78
106
25
39
87
57
78
73
40
49
102
77
85
55
82
65
97
46
96
88
112
71
119
87
34
55
39
104
62
92
87
72
30
44
92
97
82
50
51
54
31
85
111
48
20
73
94
50
100
22
70
44
73
70
111
40
57
31
24
51
55
43
104
66
68
76
43
30
58
26
116
70
91
108
98
44
113
24
74
93
26
76
70
32
78
113
52
116
24
108
99
112
84
83
58
84
91
81
46
30
40
42
80
111
30
58
87
24
63
93
49
21
50
51
33
108
45
117
56
101
58
36
93
22
99
83
86
23
97
64
33
117
86
93
60
97
83
28
53
78
17 184
100 188
8 118
86 223
29 76
152 242
100 182
177 226
94 178
65 245
155 179
171 243
8 227
157 162
86 160
96 177
127 196
37 245
10 135
164 173
163 166
15 115
98 241
42 129
188 209
93 124
147 240
86 100
95 124
13 136
34 211
63 161
10 202
145 156
65 80
59 228
98 176
48 93
168 237
177 208
48 51
51 141
137 198
175 241
84 106
61 118
68 227
29 78
31 38
96 223
134 220
68 176
19 61
81 116
44 108
9 39
90 197
2 248
79 243
25 163
20 32
163 165
98 197
173 201
43 171
57 72
91 118
193 208
52 199
104 238
51 163
165 180
9 151
10 176
173 212
57 115
30 232
182 220
24 79
105 225
47 163
47 139
133 240
83 199
53 144
57 173
104 206
74 108
187 215
136 240
1 149
47 234
32 120
18 213
124 246
43 188
139 235
124 182
131 226
59 222
36 233
30 243
189 206
6 203
89 143
145 247
146 193
77 129
118 147
40 114
123 229
114 158
66 192
144 239
48 74
110 117
133 249
72 205
10 205
99 181
178 202
145 244
176 225
45 222
12 122
11 98
169 241
58 212
112 201
38 202
0 171
133 148
170 206
58 126
216 239
77 168
19 173
165 195
0 137
92 224
104 150
72 243
35 125
89 153
208 236
88 127
128 129
74 152
84 132
28 152
207 223
173 242
88 232
187 232
132 226
206 228
29 236
111 221
166 227
4 201
180 185
93 166
58 167
68 244
151 198
124 249
7 172
116 239
10 155
221 236
37 178
66 125
38 59
89 225
117 142
52 229
72 174
70 233
139 193
94 227
189 226
197 218
0 186
11 186
10 194
83 99
40 166
61 99
56 150
25 176
7 42
179 216
182 249
125 199
29 240
72 180
40 107
108 127
79 165
125 221
172 175
60 215
121 190
98 166
21 92
123 165
52 100
132 134
52 81
9 144
183 212
70 74
53 224
30 155
103 219
132 246
25 192
212 216
64 230
64 187
73 188
25 103
92 235
11 246
122 168
141 233
56 67
53 132
121 185
139 192
21 38
40 63
104 213
29 129
85 196
10 67
22 236
78 137
7 148
27 75
20 216
10 76
135 165
6 208
97 202
50 240
193 220
36 156
37 47
165 234
84 233
219 244
106 131
48 215
131 225
95 152
43 207
80 178
123 141
37 75
90 189
61 168
74 132
97 180
111 114
164 197
11 51
157 166
66 142
126 225
70 143
28 186
27 210
2 115
101 152
44 180
91 98
105 224
24 54
6 237
20 22
71 184
33 203
28 81
56 121
15 154
34 228
107 201
96 168
50 110
142 172
94 116
51 92
116 192
105 198
205 227
72 140
49 106
93 130
214 236
186 242
16 81
26 135
122 123
53 85
78 172
118 227
69 194
136 169
37 126
84 243
8 104
153 235
114 180
100 135
71 144
78 92
189 220
62 213
118 195
148 219
196 227
88 140
7 149
26 186
134 212
31 238
118 221
187 243
48 128
140 193
51 84
123 240
55 86
52 102
52 204
71 151
11 30
143 179
19 170
5 217
101 234
95 205
88 219
18 143
33 68
63 221
117 186
24 211
22 115
78 126
50 168
50 81
61 225
80 229
196 247
187 231
32 47
17 39
182 222
137 142
67 200
36 113
136 176
10 61
39 42
62 190
22 89
112 151
99 193
83 198
123 139
31 39
70 155
158 230
45 104
171 224
88 97
60 233
14 121
95 158
12 35
102 220
82 159
105 110
25 188
17 58
61 90
69 158
12 168
117 151
65 227
140 162
65 200
182 247
92 173
186 192
163 229
38 139
97 245
101 225
160 183
94 97
102 104
18 114
21 22
189 231
224 248
166 203
174 200
98 200
142 144
34 123
55 174
5 114
169 216
204 230
176 228
153 182
30 171
46 154
44 130
43 93
46 104
28 209
98 159
94 228
12 153
69 209
36 38
207 214
2 46
14 82
167 222
2 14
89 162
156 235
42 101
28 248
89 249
129 199
100 107
4 43
112 120
10 65
131 148
2 218
177 232
1 84
1 200
105 192
113 178
7 214
6 206
65 148
14 135
242 248
57 104
21 214
169 225
22 152
45 126
129 181
63 182
13 130
37 73
2 126
1 236
59 216
133 242
127 207
58 147
56 221
162 186
180 184
13 202
58 86
18 180
52 67
7 192
235 242
194 243
13 221
53 65
10 146
146 192
16 170
54 83
54 234
67 119
38 57
219 227
164 177
212 230
71 83
76 172
57 218
130 171
224 231
196 230
87 240
7 126
6 32
60 192
17 163
157 229
206 221
148 228
43 222
4 114
23 86
7 223
56 154
84 202
36 171
14 44
30 51
47 223
166 213
45 136
175 209
1 6
76 108
49 190
163 234
70 195
20 39
77 193
13 76
215 247
41 184
67 81
194 230
10 142
130 146
90 158
50 180
229 234
218 240
37 244
33 140
57 70
78 134
83 177
120 201
32 219
15 187
13 79
11 25
182 209
37 151
193 217
177 201
48 192
43 248
81 240
139 178
60 109
125 144
36 76
14 107
108 201
123 223
0 132
193 235
22 35
95 228
46 92
7 140
90 107
35 172
66 98
38 175
154 211
20 114
74 171
44 73
48 205
33 146
149 181
96 157
159 249
19 142
85 242
27 126
7 224
93 170
87 120
208 241
174 184
105 114
187 248
1 46
147 245
79 246
79 89
90 92
86 88
109 182
171 236
30 210
62 155
52 149
26 112
210 243
36 107
35 167
146 168
81 243
13 65
239 246
102 183
42 87
122 196
43 225
34 37
97 176
192 228
70 98
91 132
50 127
151 162
69 197
42 96
109 237
134 233
63 67
172 207
119 189
85 182
5 71
11 204
91 116
53 186
182 246
162 171
47 72
96 176
22 244
138 231
22 233
46 214
137 192
4 233
38 108
68 215
110 181
170 226
23 223
14 57
71 185
71 118
110 248
66 104
57 122
85 106
151 181
4 225
8 140
100 209
47 129
9 66
163 236
38 235
61 101
132 197
19 139
103 249
21 119
103 241
40 180
97 214
43 204
184 189
0 212
111 136
130 202
40 59
183 203
130 161
50 188
143 149
49 120
4 164
95 112
61 146
59 189
15 100
80 225
101 214
191 231
164 166
59 126
161 223
114 236
41 52
36 43
187 195
163 212
43 127
41 57
189 218
56 83
58 170
21 136
22 180
41 104
82 196
21 202
66 243
8 137
119 146
166 180
186 195
128 229
114 123
107 206
28 170
14 159
49 139
6 191
32 137
88 234
10 184
18 152
21 71
1 17
40 203
168 196
34 121
58 157
165 235
113 156
193 230
95 167
108 221
3 101
41 97
107 237
139 225
46 228
13 245
149 155
50 96
73 186
131 217
55 94
47 59
63 92
141 230
112 187
140 190
37 115
182 204
144 157
56 61
205 219
121 216
39 51
58 121
4 23
172 176
63 239
54 71
11 21
137 194
48 228
44 193
238 241
19 44
52 90
18 249
153 212
20 160
126 183
24 154
105 189
143 221
66 246
18 127
174 179
7 79
52 152
123 242
44 244
36 96
85 138
47 115
25 41
167 169
60 193
17 71
66 234
83 90
218 234
163 203
210 244
146 242
114 217
158 241
27 212
107 149
74 165
58 196
201 217
11 77
0 160
130 144
66 220
152 227
34 65
159 242
33 209
24 127
117 191
76 153
90 171
138 150
101 229
57 105
112 117
57 94
113 226
65 91
105 128
46 123
140 218
173 205
82 177
49 146
125 202
215 223
123 225
77 205
60 114
41 177
23 136
41 249
53 234
26 209
29 150
83 175
58 166
57 224
29 143
132 211
4 107
166 209
36 79
73 180
97 108
66 149
119 198
178 235
56 132
140 178
57 89
134 158
51 146
130 163
12 19
179 237
126 229
52 110
56 218
1 224
200 220
93 205
74 128
104 185
135 206
75 116
85 224
0 120
15 136
102 149
34 191
115 180
67 142
123 168
110 169
80 97
42 119
100 138
219 242
137 175
64 229
143 203
35 175
10 27
36 147
68 219
12 36
32 210
12 71
202 211
151 173
106 141
75 125
12 236
102 215
76 246
94 241
2 113
122 149
1 91
13 70
30 229
46 93
100 203
55 207
13 125
1 98
84 88
13 42
50 192
38 219
19 132
132 165
139 236
134 237
82 204
0 62
86 148
40 155
62 248
124 247
75 95
15 227
32 92
58 82
34 198
54 153
68 182
38 168
24 60
142 155
8 80
56 167
64 156
7 59
56 126
54 233
3 210
35 69
189 219
122 178
95 110
43 133
103 131
10 36
90 245
52 146
7 155
66 116
14 94
224 247
59 70
111 115
49 85
79 152
59 247
42 102
173 233
57 243
53 61
60 83
193 207
67 175
9 81
86 121
20 78
137 166
31 192
93 100
3 218
28 173
67 102
85 232
40 92
5 78
14 195
152 167
207 234
68 179
50 65
154 245
70 172
114 234
187 204
172 208
190 233
42 52
35 152
96 230
58 177
101 122
72 121
126 131
55 105
171 200
104 207
18 130
3 27
96 231
156 190
5 232
160 241
126 143
47 106
91 224
17 45
89 198
74 166
21 221
23 231
44 188
63 127
6 170
66 119
89 108
25 197
90 119
107 216
6 114
175 206
192 230
1 178
133 167
187 188
229 233
209 227
148 215
119 214
157 174
104 144
14 115
82 211
217 230
109 186
49 51
79 187
37 206
35 95
144 222
75 229
136 199
127 199
193 203
68 110
65 117
214 233
27 180
160 168
27 96
198 247
135 181
76 218
193 213
165 190
185 240
169 237
149 228
182 186
5 194
42 164
109 172
102 249
136 167
85 115
47 63
82 228
159 199
48 244
213 224
160 184
56 104
136 249
105 185
68 151
42 213
167 214
167 174
60 169
34 186
85 145
63 148
213 239
65 143
29 77
187 225
33 76
73 240
12 244
142 156
59 161
121 233
78 142
117 145
143 176
118 223
24 64
19 183
129 212
96 207
1 232
33 75
147 222
69 216
54 230
27 128
58 213
108 169
27 197
1 82
72 76
198 200
140 235
20 217
166 198
51 79
112 148
126 222
10 47
41 64
21 27
92 193
79 112
201 209
54 161
41 85
93 131
78 103
128 245
19 74
19 180
56 187
49 94
85 215
156 158
87 178
122 129
135 148
35 189
18 220
4 32
142 213
108 137
91 229
21 212
1 101
47 180
136 152
34 117
73 190
1 127
101 129
130 232
18 236
171 206
138 204
30 63
19 23
110 168
104 232
57 132
62 85
104 237
50 138
104 123
83 180
162 227
36 209
22 42
79 213
80 218
19 245
38 248
18 149
0 225
32 133
85 195
137 174
97 127
72 130
49 220
9 101
114 225
77 190
56 158
153 199
9 237
129 172
238 249
121 232
31 169
20 168
94 117
148 224
190 206
40 239
28 141
100 142
41 117
25 71
20 51
162 178
110 202
42 200
24 201
72 233
3 37
114 150
154 209
89 241
45 92
14 231
155 235
39 138
70 175
51 137
22 93
88 224
12 219
59 162
164 206
52 166
166 168
168 229
160 172
69 217
104 152
84 191
57 225
79 85
45 232
68 222
162 177
144 146
26 203
161 233
213 219
1 239
22 129
153 219
140 182
138 222
42 56
181 202
32 112
37 77
95 111
22 247
126 141
21 152
182 196
18 237
145 239
11 78
29 45
1 218
35 113
160 216
65 192
78 204
25 121
65 119
48 191
69 112
161 196
103 183
179 248
24 186
137 226
107 117
34 187
69 108
50 120
137 217
62 68
23 36
93 191
7 243
119 132
62 180
17 30
209 216
117 240
93 248
115 128
14 200
52 161
84 205
31 73
24 196
48 141
84 235
91 239
223 228
143 210
93 154
160 222
28 154
152 212
192 223
26 119
39 143
172 229
3 68
118 210
47 142
25 145
208 218
20 224
33 51
57 196
10 163
62 136
181 203
12 162
53 205
7 184
75 226
40 196
35 193
146 188
8 210
82 206
109 232
30 115
28 167
40 229
17 95
12 31
107 218
85 216
4 61
42 44
7 179
8 90
114 130
7 176
138 213
8 222
73 124
2 92
4 42
71 123
83 138
97 155
153 240
158 166
60 153
12 54
123 205
126 130
14 131
140 195
88 120
90 116
212 222
135 235
96 225
71 103
90 93
98 234
141 150
110 140
137 233
14 197
79 215
71 219
39 133
59 198
44 113
185 209
6 121
164 194
83 109
37 207
60 170
29 198
153 226
64 221
55 194
228 234
117 163
75 119
167 233
103 221
44 93
209 211
44 139
25 68
66 128
164 228
48 193
53 176
170 240
24 77
8 37
52 158
27 228
127 247
10 201
100 157
62 146
35 116
36 208
24 162
77 164
105 212
20 31
42 118
124 142
161 222
3 130
65 83
157 193
20 80
181 246
29 142
95 247
29 53
33 191
35 120
114 243
168 232
35 144
7 125
157 230
223 239
63 249
166 245
14 19
48 176
123 156
147 185
177 180
209 228
99 230
95 96
14 92
77 229
54 159
66 89
34 78
39 199
57 77
195 198
71 223
79 98
199 245
14 126
176 243
8 187
33 194
36 205
135 149
15 58
178 227
118 183
112 127
28 174
0 159
31 199
45 155
177 183
114 140
43 84
222 249
148 236
59 238
27 194
138 205
6 229
92 185
34 109
153 236
164 211
17 160
164 171
87 206
53 157
0 93
52 101
53 66
156 189
214 216
100 204
24 182
62 209
24 199
29 170
37 132
45 156
144 217
70 232
25 79
25 137
25 42
193 228
167 197
99 161
51 236
10 217
29 233
71 109
93 228
15 240
36 77
171 222
94 105
56 130
25 193
8 152
87 236
34 95
6 46
94 195
14 98
183 206
44 129
124 145
135 222
15 171
128 226
32 211
17 77
139 165
87 105
199 213
133 247
57 83
11 13
119 157
14 142
134 217
1 126
119 173
95 243
153 205
162 229
44 56
35 179
73 137
23 122
6 100
122 158
89 235
171 208
74 129
76 133
2 107
100 101
4 97
55 76
99 167
198 234
58 135
85 109
38 183
115 157
142 219
117 137
192 237
118 120
18 225
119 224
76 173
123 233
101 142
83 86
70 91
28 246
66 179
147 188
114 204
80 186
70 71
13 173
133 164
2 18
192 240
75 228
158 231
63 80
79 194
10 110
9 112
48 227
129 213
136 163
86 199
2 239
135 232
103 153
240 245
45 218
71 190
42 81
24 106
103 162
24 152
14 214
12 33
93 98
108 243
44 234
195 236
29 34
187 224
132 214
35 177
34 208
76 220
39 96
34 53
186 199
15 77
53 212
60 123
5 147
52 168
202 235
81 209
214 241
128 173
207 243
65 86
34 126
68 161
179 213
107 109
160 228
71 210
158 234
15 84
104 131
67 218
1 56
149 178
67 101
28 60
114 161
195 228
92 139
74 204
35 233
38 245
10 79
21 183
180 240
33 91
93 168
100 121
12 223
32 189
79 240
32 130
47 156
121 186
139 221
55 217
84 148
167 207
97 184
217 232
82 220
191 193
75 197
133 187
7 17
54 169
106 173
27 62
77 235
44 107
40 43
50 157
4 242
77 120
61 176
20 123
5 136
61 143
22 230
47 49
77 188
16 109
69 164
57 162
117 215
84 126
118 191
118 238
18 45
49 140
37 168
229 248
20 33
62 82
0 68
29 159
118 176
31 200
165 233
100 238
130 175
100 226
88 242
228 239
12 27
94 226
60 99
8 19
150 154
10 101
16 165
100 117
127 248
99 195
95 142
39 183
14 249
56 92
93 116
101 191
62 110
116 211
190 213
48 64
52 213
180 182
30 128
131 228
122 171
13 109
27 200
108 120
6 163
78 186
53 217
10 41
203 207
62 167
67 139
171 201
79 200
53 178
76 202
61 191
26 71
21 236
43 176
58 210
182 248
1 136
153 177
11 107
74 236
125 126
77 243
47 193
157 202
211 223
17 28
124 156
190 247
142 233
173 204
41 105
30 54
59 208
167 220
46 146
120 139
70 185
158 192
27 152
66 160
63 217
52 236
108 196
163 193
4 226
35 223
140 224
120 183
105 183
111 155
27 46
50 137
57 79
54 186
146 215
61 154
119 206
150 228
4 195
230 243
68 199
118 173
51 208
145 243
7 8
36 148
137 155
64 188
217 242
1 215
59 155
26 179
176 213
9 218
2 122
50 71
20 70
97 130
72 242
123 182
101 123
70 109
8 11
173 228
103 174
14 193
181 219
193 247
202 248
67 120
56 219
43 228
140 240
62 108
83 235
96 188
47 70
27 73
48 232
93 99
162 232
49 245
134 153
18 30
8 132
92 170
121 176
48 235
38 197
55 167
20 205
150 222
48 147
64 105
87 189
65 238
42 108
26 95
118 219
118 141
125 146
12 173
152 233
38 121
70 243
95 220
215 245
172 219
10 60
111 241
99 149
56 191
152 208
177 217
20 187
170 247
35 186
169 171
144 187
109 208
155 239
150 151
211 229
13 91
14 202
42 110
102 205
12 24
131 134
52 63
132 249
87 155
126 169
151 229
140 236
134 167
35 197
98 183
50 222
116 197
4 13
25 219
100 130
160 193
4 144
91 193
49 112
70 200
56 193
77 192
223 242
113 143
63 123
95 178
216 227
63 229
32 231
4 213
16 235
157 239
100 160
61 81
3 64
109 113
56 59
134 186
23 130
58 215
181 220
33 138
119 160
16 168
153 185
92 135
142 147
44 75
209 210
72 78
69 137
5 230
124 130
4 9
5 224
164 225
7 52
19 111
24 29
137 209
22 182
51 74
95 170
150 231
157 228
155 226
136 218
83 92
92 118
124 198
112 168
27 201
62 165
46 189
36 193
125 148
51 58
80 200
61 155
32 217
102 131
66 205
73 194
159 244
49 179
103 107
22 207
17 105
63 211
63 141
86 200
114 138
30 112
192 194
119 225
102 161
77 116
124 168
41 77
7 77
46 66
63 201
14 171
24 63
77 213
43 115
101 247
7 146
126 191
121 204
50 228
