50 100
67
115
113
66
49
97
88
67
60
34
93
99
28
34
86
112
109
114
94
118
37
30
53
69
75
92
75
80
51
69
72
98
64
65
96
45
42
65
92
82
31
118
61
39
32
28
32
21
22
58
17 34
0 38
8 18
23 36
26 29
2 42
0 32
26 27
28 44
15 45
5 29
21 43
8 27
7 12
10 36
27 46
37 45
10 35
14 23
13 16
15 48
41 42
29 38
9 24
40 43
36 47
0 24
13 45
34 36
11 13
10 11
2 6
9 30
28 48
26 43
18 48
27 37
8 48
1 41
37 48
25 41
6 34
11 18
18 27
28 29
31 38
23 46
20 34
18 26
11 19
16 31
8 44
9 39
40 47
2 48
29 43
13 25
0 36
20 32
13 15
47 48
1 23
7 22
18 41
8 43
2 49
4 38
1 13
15 30
1 9
10 26
12 23
7 15
30 32
24 29
5 25
13 47
39 47
33 40
33 49
3 44
7 23
4 6
8 24
15 37
36 40
1 49
34 47
13 18
24 46
38 43
35 39
24 32
26 31
9 22
33 36
30 43
6 39
3 6
39 43
