150 250
68
78
68
102
42
59
44
28
62
106
25
100
103
94
60
106
101
101
70
78
40
53
21
28
20
82
65
24
81
87
41
81
97
41
63
71
81
39
79
75
77
85
56
60
59
96
99
40
29
49
51
50
34
104
110
35
66
107
39
79
26
112
40
104
85
35
55
98
54
115
54
112
80
90
52
71
66
31
92
27
112
75
57
27
59
100
42
57
39
113
69
46
57
89
30
22
105
65
101
39
112
35
83
72
105
68
76
103
31
100
110
24
55
100
31
46
32
105
35
51
50
84
77
87
54
39
89
91
37
70
62
29
85
26
34
22
74
90
105
37
70
48
41
57
28
104
83
40
89
98
69 73
18 82
6 148
9 139
12 136
27 48
14 72
125 132
51 79
52 93
41 91
65 114
0 8
20 78
8 107
30 53
129 135
29 49
44 110
18 30
118 122
45 109
132 144
72 114
15 45
38 68
57 133
3 65
75 133
90 144
99 135
16 22
84 123
30 46
64 83
108 113
72 85
55 67
66 127
13 83
1 143
50 104
9 134
17 19
63 136
11 122
12 34
138 149
7 86
29 143
53 142
101 138
6 65
33 107
35 41
28 99
42 53
79 130
62 148
48 98
61 110
72 126
113 144
53 125
4 101
4 46
49 142
16 107
49 100
43 143
73 148
85 103
14 54
52 67
15 18
15 125
90 141
21 105
18 126
57 75
61 75
106 124
42 134
108 143
1 127
50 142
138 147
6 55
65 110
70 83
97 126
19 75
31 118
38 146
113 140
71 103
98 139
31 59
69 82
24 59
68 70
11 111
70 118
16 33
30 86
6 18
33 93
53 78
26 116
49 68
23 131
22 121
81 105
31 53
14 123
2 77
84 120
2 147
28 55
73 88
23 86
14 68
128 147
32 80
65 103
87 139
71 74
29 94
124 126
43 97
22 30
0 84
20 86
55 100
30 77
2 88
98 103
95 131
37 61
5 11
14 98
140 144
19 141
19 143
19 114
49 143
129 136
49 58
6 117
44 60
36 149
47 134
4 28
41 132
141 143
57 98
93 143
47 65
118 136
5 58
103 134
22 106
57 82
50 81
63 141
99 146
42 95
46 135
25 117
16 140
12 88
58 73
22 83
69 123
83 140
37 134
21 49
41 130
104 123
23 120
66 105
117 143
14 143
4 12
9 25
93 135
78 83
7 108
41 50
26 76
63 78
100 125
7 104
111 125
83 95
118 149
63 111
65 108
70 124
51 117
4 65
36 143
46 64
43 114
87 122
68 92
68 87
18 41
45 127
2 60
43 121
106 111
27 134
10 116
83 97
64 113
51 140
54 57
3 97
18 35
12 27
16 103
23 80
57 58
68 112
111 118
80 135
9 119
32 85
71 106
72 145
99 113
17 31
46 86
87 133
31 138
63 82
42 89
34 51
47 62
44 88
17 57
4 53
61 141
39 127
90 133
15 138
9 34
101 148
70 117
