300 2000
112
50
39
87
90
39
28
112
82
50
80
82
27
73
116
45
111
30
91
76
47
28
107
68
111
74
63
54
97
108
90
41
38
61
61
60
32
69
52
94
52
64
108
111
117
56
88
60
119
59
116
46
67
104
94
110
110
90
45
39
30
67
112
101
60
53
41
72
55
26
98
87
70
86
30
20
74
98
60
25
38
57
52
37
93
78
80
35
100
57
54
111
104
46
92
44
80
65
96
67
71
74
86
74
92
96
26
98
74
66
104
44
55
88
114
80
98
74
95
31
111
29
22
47
108
46
23
20
43
51
67
47
57
33
101
81
109
107
59
115
105
95
40
93
115
86
53
94
40
81
105
83
42
59
62
30
37
65
30
60
96
77
87
85
42
20
46
31
59
85
27
97
113
99
70
108
65
55
34
37
116
71
52
39
62
94
49
79
91
60
72
67
69
91
32
92
44
110
55
83
27
114
112
20
93
62
61
90
98
75
107
46
79
39
65
21
65
47
33
36
39
85
35
88
108
99
112
32
89
48
48
97
94
40
97
68
35
90
90
65
46
78
91
105
49
89
58
95
116
71
63
35
88
79
103
77
58
48
89
28
28
69
57
102
42
86
102
57
57
73
54
35
83
77
20
64
46
58
91
42
62
35
57
30
94
93
87
84
73
109
92
81
110
81
63
32
48
98
21
37
183 189
99 127
179 190
98 165
167 284
233 258
146 190
19 233
21 156
99 229
95 296
79 278
24 157
16 230
60 134
2 76
17 227
129 248
117 294
98 101
56 214
87 104
106 202
37 276
14 188
63 205
183 283
142 193
72 259
71 209
258 285
27 73
202 212
27 82
125 249
163 235
74 181
19 136
56 232
112 247
17 297
62 280
204 252
173 263
28 82
34 286
108 119
13 84
40 62
63 166
101 217
98 278
228 297
160 286
98 106
103 159
167 221
135 171
61 125
134 153
195 221
15 191
81 256
99 143
17 48
259 265
170 237
98 116
102 235
11 93
170 201
120 196
31 92
269 292
92 178
175 288
66 99
55 180
23 206
71 76
35 223
89 93
24 205
244 259
7 255
104 260
0 177
81 269
84 125
228 291
3 166
155 268
23 284
59 87
163 229
152 183
250 272
275 298
177 294
184 286
91 249
126 197
143 278
148 227
155 191
158 208
109 176
65 93
153 200
129 205
68 88
34 71
60 84
98 237
78 84
79 173
70 227
123 257
100 105
102 255
10 48
157 166
187 231
3 87
136 208
257 268
54 296
28 56
126 138
45 268
218 262
99 242
41 57
65 141
167 214
149 263
15 230
117 120
123 298
187 204
31 224
27 144
224 279
135 169
102 180
64 138
151 237
58 244
46 175
137 261
95 286
25 224
44 53
52 142
98 220
239 251
22 135
1 31
59 218
161 223
113 151
2 277
36 102
149 298
135 263
58 110
34 122
83 227
130 277
50 279
75 270
54 98
137 157
151 216
55 126
129 206
107 239
42 260
195 258
158 191
53 146
217 268
52 87
195 269
30 227
72 105
126 249
107 255
15 159
70 75
205 285
29 277
41 64
19 259
0 262
117 146
15 86
154 166
113 191
123 221
92 247
78 94
73 86
140 201
28 297
34 211
233 292
11 297
30 33
8 33
44 178
59 231
16 149
207 213
15 89
159 180
11 36
162 253
97 154
54 146
183 265
168 180
192 257
218 291
226 274
19 76
60 104
121 130
96 261
28 276
185 261
136 273
89 272
121 187
242 296
231 267
147 259
151 269
69 91
12 66
88 296
137 152
200 267
162 273
54 63
0 190
67 78
26 39
220 265
160 268
127 207
199 219
26 50
118 188
172 200
220 236
40 73
72 293
40 98
155 156
97 204
156 271
176 182
10 148
148 222
107 116
67 101
26 127
169 266
41 297
218 233
259 261
6 86
99 252
159 184
88 255
8 163
111 184
46 173
84 246
95 200
105 248
184 267
75 189
73 150
121 230
65 132
30 136
164 266
171 295
3 106
34 217
132 240
24 90
78 237
236 277
237 296
12 120
22 185
137 168
143 196
164 275
13 246
111 229
158 212
18 100
134 214
154 287
19 129
97 230
118 259
55 85
205 256
119 193
257 280
113 123
205 277
151 218
14 275
147 187
173 299
87 257
185 244
204 293
73 275
54 191
139 235
243 246
66 97
77 188
54 75
32 200
83 103
59 250
118 149
43 246
200 204
85 182
148 175
274 290
44 202
189 217
164 183
184 280
73 282
57 109
10 127
141 210
113 143
269 283
44 268
26 244
172 208
29 72
19 135
38 98
16 115
279 299
164 232
31 214
89 237
75 116
16 78
100 111
52 155
68 78
99 292
39 180
116 174
215 252
67 264
231 244
66 163
150 160
97 129
256 291
142 265
95 224
35 210
195 262
15 190
41 59
132 273
58 228
143 225
75 293
71 126
41 111
231 261
80 222
178 252
97 146
102 192
57 137
19 88
79 155
112 172
267 296
145 195
55 123
38 130
168 216
201 279
184 257
231 293
264 297
61 109
196 263
5 253
93 152
24 283
1 189
52 185
163 292
175 253
95 174
127 169
75 178
11 120
109 275
169 270
65 88
94 285
70 137
120 240
27 88
25 208
79 123
7 18
76 192
102 297
20 229
36 101
59 271
58 199
88 95
211 293
232 233
58 104
173 198
131 134
223 263
9 241
22 86
176 186
135 258
63 158
41 259
151 152
210 282
52 123
45 57
34 290
30 92
146 256
30 290
90 265
99 293
67 259
145 237
73 243
101 155
136 196
113 287
49 95
153 249
7 270
4 250
49 281
148 195
190 237
79 277
156 270
115 178
89 168
33 260
167 293
129 186
63 299
164 168
147 170
17 117
229 268
122 278
1 22
225 238
203 213
17 69
225 247
15 184
167 196
100 160
63 286
178 289
38 210
43 237
80 112
61 106
80 280
39 81
3 16
71 216
88 271
249 285
88 221
16 255
116 117
116 232
154 157
110 244
67 205
181 199
18 40
98 260
20 51
23 232
3 120
143 239
144 276
92 232
108 249
118 239
55 276
50 183
127 213
32 118
61 284
101 136
287 296
48 121
145 271
26 168
11 136
165 170
154 156
16 114
146 233
201 293
35 176
0 166
55 251
116 119
7 235
217 231
46 91
31 69
251 288
96 124
15 18
41 171
208 225
71 187
193 232
24 228
108 191
164 229
100 142
32 129
159 250
60 258
92 93
27 81
43 175
110 257
194 299
171 281
207 221
152 242
153 266
80 262
61 209
103 178
210 213
73 232
45 212
5 83
110 137
86 232
44 286
43 232
76 95
54 155
97 297
151 206
38 115
25 165
95 152
65 180
57 113
190 270
158 273
27 47
136 166
31 122
74 210
57 106
203 261
111 200
69 110
103 277
20 107
54 259
115 235
77 173
48 267
195 206
222 241
5 77
36 88
50 251
109 163
66 159
122 270
18 232
91 122
199 261
16 194
62 210
251 287
51 235
182 255
9 248
14 156
77 245
50 80
47 213
189 207
11 279
50 229
21 295
172 256
118 272
182 272
180 275
167 222
26 229
35 49
177 206
6 49
100 203
2 86
27 65
97 261
38 191
85 147
71 264
93 288
118 189
70 222
93 144
120 237
39 73
2 207
245 257
8 200
94 109
202 226
121 164
23 211
107 170
48 71
142 241
111 183
5 105
178 294
3 277
33 185
6 30
66 194
55 282
185 213
86 281
57 101
208 298
98 227
31 221
142 240
156 252
161 175
105 110
87 155
161 241
24 219
23 270
6 285
25 250
59 243
37 44
87 116
43 252
35 185
16 178
172 177
104 182
85 292
262 293
123 132
156 286
9 94
79 179
67 204
10 82
119 263
54 131
58 206
143 227
93 243
21 22
168 204
5 127
141 248
80 298
16 284
110 289
46 220
113 241
23 124
140 176
142 230
100 271
198 289
134 244
194 265
62 157
36 221
119 170
118 177
2 245
43 154
55 252
263 296
66 140
20 242
214 280
3 224
15 265
202 259
100 148
9 224
198 210
45 81
68 274
122 199
106 219
218 274
58 233
22 176
73 94
105 170
9 95
24 109
60 63
212 283
211 259
173 221
157 266
254 277
206 292
152 211
12 70
70 237
12 55
129 299
106 169
115 286
147 264
77 139
174 262
173 289
186 211
43 98
105 229
73 222
11 225
75 185
47 175
102 197
187 196
283 293
22 66
30 109
0 169
107 132
149 227
60 156
41 208
13 281
15 76
201 258
57 151
48 128
15 160
195 245
217 221
93 139
253 274
201 271
28 102
66 214
236 274
249 255
8 271
25 266
224 228
24 52
119 274
179 183
37 101
101 182
75 240
187 263
28 41
94 291
255 280
120 263
128 281
59 234
147 210
223 287
16 262
81 211
42 94
12 131
165 247
66 239
240 253
20 202
246 295
2 166
278 287
167 251
18 66
58 161
41 123
126 252
169 256
99 269
46 52
118 134
38 127
124 240
171 199
66 186
173 216
53 191
176 272
142 246
4 39
56 80
85 188
104 184
156 157
43 282
20 275
99 222
122 261
199 270
195 240
45 116
44 86
17 281
56 290
99 285
189 216
274 282
86 104
13 158
140 242
57 269
31 161
120 174
142 205
73 145
38 241
176 190
208 285
28 157
127 205
111 161
215 231
141 247
229 241
38 282
195 211
83 121
27 121
226 246
16 172
115 188
192 225
23 102
91 253
132 296
49 159
280 293
75 292
56 122
156 234
146 197
103 267
224 280
258 294
170 219
58 274
34 167
36 109
41 269
17 200
174 249
177 219
4 282
104 212
60 198
12 258
115 147
179 225
39 272
138 209
112 191
20 225
31 56
52 86
97 286
23 70
247 288
22 295
3 207
157 190
4 73
5 298
96 183
73 270
5 213
77 186
190 217
185 276
35 270
15 92
55 58
53 91
77 94
12 255
209 221
145 282
202 277
32 213
55 298
55 286
20 224
133 211
70 142
164 239
105 254
164 256
9 47
86 269
34 193
93 102
7 238
136 285
140 220
190 198
236 275
246 296
131 161
55 259
198 201
7 219
205 227
214 223
53 219
30 146
38 73
137 209
23 29
181 273
157 220
166 261
122 205
49 216
177 250
114 148
9 19
75 232
101 286
91 229
20 259
145 289
126 297
72 106
156 288
76 97
59 197
102 294
43 233
18 163
45 184
11 55
87 256
39 242
240 268
13 85
74 280
158 277
201 265
102 109
251 253
150 237
62 231
4 48
26 74
71 211
222 258
178 266
9 218
2 260
45 238
15 218
120 173
73 248
102 138
143 182
53 119
45 168
49 102
128 216
127 175
186 251
49 130
111 152
48 113
113 286
128 158
30 257
53 205
103 244
7 37
60 87
185 208
10 280
196 286
162 190
23 194
48 125
24 200
124 236
13 101
162 224
119 281
34 254
24 110
83 278
118 147
56 196
55 176
41 118
61 73
148 203
3 7
31 273
204 261
207 269
62 69
95 193
200 241
17 130
10 160
101 209
30 297
17 85
173 188
179 298
82 249
147 256
86 172
39 42
134 246
63 248
9 67
44 60
209 226
78 271
138 231
169 180
198 228
6 153
86 185
87 152
43 158
134 223
57 252
15 132
6 199
24 102
12 285
28 90
166 256
21 189
1 87
87 146
173 206
31 58
103 260
55 161
85 261
241 265
73 142
200 281
24 57
36 54
95 134
53 251
140 292
4 79
211 286
4 70
16 21
173 183
123 187
64 268
162 204
185 189
115 266
169 295
2 142
4 233
57 245
236 290
241 249
69 288
126 152
58 173
194 283
18 56
76 222
127 134
76 239
54 64
42 111
96 275
31 253
29 251
140 266
90 241
62 207
111 130
36 188
135 223
145 153
146 221
25 39
115 160
141 266
157 253
254 294
25 258
35 209
53 218
60 202
12 265
123 190
78 205
40 160
5 53
245 251
278 285
191 276
152 170
62 209
123 203
68 133
103 281
95 199
157 297
169 259
149 262
257 279
32 208
14 206
284 292
12 191
95 183
93 182
57 157
48 225
29 243
29 38
238 280
35 239
50 159
140 204
119 270
178 213
204 227
84 240
27 272
207 252
0 280
101 244
239 258
130 287
111 277
65 277
102 136
167 243
93 137
58 114
18 67
204 286
10 258
231 263
106 217
150 270
139 146
71 97
86 201
115 136
64 113
167 232
1 99
146 162
236 276
4 205
47 191
5 208
191 253
170 268
50 170
140 189
17 263
38 103
174 217
270 281
39 203
40 200
2 114
187 239
91 92
138 295
35 203
40 195
146 216
196 210
86 103
85 103
66 175
35 258
49 229
69 140
132 269
181 186
84 120
125 227
120 264
51 117
12 75
91 274
53 280
67 170
8 208
27 170
181 183
62 285
110 131
125 294
58 153
180 289
58 230
194 216
85 230
58 297
140 149
32 130
194 254
119 262
146 181
0 244
162 183
8 75
208 280
119 141
49 269
199 237
181 296
22 293
172 291
75 134
2 80
30 251
234 292
70 116
60 73
187 285
134 194
168 253
35 189
54 286
50 127
149 219
44 263
73 230
10 68
78 244
61 201
3 60
24 172
9 129
60 263
42 268
22 169
48 80
52 125
169 250
15 23
53 151
151 213
122 229
157 235
130 270
154 290
119 142
216 254
102 286
18 208
98 177
2 256
150 206
217 223
126 282
133 271
39 145
62 248
132 245
122 218
119 242
76 119
113 231
66 160
74 211
114 214
33 137
15 31
2 263
54 148
199 262
2 31
221 259
111 206
86 148
205 282
77 276
63 259
181 190
102 171
85 256
268 289
222 299
56 237
54 204
5 291
218 294
37 178
243 267
41 53
23 143
10 171
74 153
43 183
54 255
197 263
140 165
4 114
60 217
23 52
16 95
28 235
108 165
161 255
33 172
179 186
62 298
5 230
116 127
8 21
25 45
123 262
86 227
102 285
13 22
89 164
131 254
24 243
212 238
199 246
78 162
132 160
114 192
238 294
39 69
244 264
53 102
90 171
245 256
46 155
38 109
0 186
265 282
124 233
263 286
63 147
7 198
115 262
8 67
106 136
99 122
80 152
180 294
201 249
110 226
279 292
274 296
120 296
158 259
74 106
56 81
120 172
128 148
37 278
100 227
131 169
76 173
177 256
79 174
235 284
71 214
33 97
205 262
108 221
64 182
79 120
15 200
44 163
74 80
60 252
122 226
2 191
47 69
11 221
200 246
23 257
212 290
172 174
196 280
147 260
214 226
132 229
177 178
144 259
97 251
19 178
262 271
70 180
83 191
35 43
52 189
27 291
3 228
135 153
31 209
16 42
61 203
194 226
76 126
159 296
39 70
11 195
5 91
165 186
244 288
2 229
171 284
172 192
107 236
150 298
4 201
250 263
39 127
77 175
199 214
146 210
58 151
127 296
72 191
243 262
19 229
121 134
123 126
120 276
73 127
78 240
31 201
128 155
106 230
43 128
68 153
32 196
201 223
179 268
169 263
142 150
34 276
24 160
99 144
189 279
181 269
57 222
212 264
51 195
70 146
23 138
55 299
34 252
31 54
132 252
69 274
2 103
16 127
23 154
133 257
138 292
190 215
102 154
266 297
112 276
73 114
163 180
115 201
7 211
164 299
77 273
19 232
28 198
182 248
205 221
95 257
180 198
163 198
139 247
62 72
5 277
253 258
145 216
144 266
95 132
151 170
27 198
49 276
22 80
147 233
29 288
104 220
19 279
171 278
210 233
51 215
56 263
108 226
192 272
4 105
174 287
8 66
72 110
42 204
28 132
51 172
109 207
140 145
16 226
118 136
1 221
104 264
30 277
2 124
129 274
13 159
55 167
79 128
29 174
32 162
136 202
63 86
43 231
22 203
21 247
1 210
14 295
24 265
96 142
26 122
185 271
78 187
105 267
134 206
193 291
48 147
127 135
170 210
113 118
66 192
103 134
67 129
84 169
18 206
226 232
192 249
80 170
28 275
99 286
161 292
210 277
104 139
45 49
27 215
214 271
33 48
74 152
230 296
136 237
66 215
10 120
217 290
142 245
17 241
179 283
261 285
89 176
117 186
144 277
101 191
116 135
242 292
222 287
276 290
108 110
244 282
119 161
261 273
42 158
141 255
221 240
10 154
117 272
146 248
102 116
38 284
30 289
227 276
4 269
5 114
78 249
96 249
110 121
20 262
164 217
137 161
16 210
79 200
148 288
156 225
193 239
45 172
49 268
25 141
163 271
12 274
136 220
185 235
101 156
69 152
62 239
85 139
125 193
39 119
34 42
134 227
33 180
1 151
229 292
26 145
16 52
209 288
146 240
148 223
76 248
218 239
55 190
84 130
169 181
255 267
141 211
245 246
21 97
3 298
77 141
148 157
57 181
122 146
121 255
203 270
197 240
140 142
24 296
229 276
157 248
124 194
146 154
43 205
184 201
49 282
94 163
158 292
37 113
60 113
63 69
0 263
48 255
231 288
234 277
225 266
90 91
171 298
214 288
189 203
151 185
245 290
190 289
14 102
83 250
2 217
98 172
51 86
28 155
20 121
6 164
177 264
162 252
92 117
194 243
2 184
154 240
85 229
44 151
46 83
53 234
32 49
100 225
133 171
180 243
6 186
159 270
73 116
260 275
169 190
244 255
105 195
176 195
93 259
79 242
12 43
164 290
35 143
75 123
30 129
14 190
130 152
127 263
90 154
45 48
98 205
249 292
148 168
145 241
139 179
21 244
182 185
77 234
109 272
2 152
218 290
142 192
48 208
21 190
62 121
212 287
27 279
162 175
59 199
79 168
241 250
23 184
9 178
13 150
205 212
136 149
107 184
57 128
75 171
62 250
29 136
94 298
256 293
109 124
59 72
295 296
78 199
61 291
5 150
115 246
73 278
38 280
174 187
9 281
17 224
27 33
99 142
144 260
139 299
8 207
147 207
81 115
121 186
184 231
261 288
78 257
197 294
3 253
177 230
21 257
215 263
107 109
160 227
287 299
67 198
157 195
10 23
210 290
183 273
94 223
104 235
1 255
283 284
57 184
147 241
7 251
6 262
81 239
186 204
248 281
138 184
255 284
107 190
88 109
141 171
116 155
1 125
66 265
200 289
207 220
182 293
232 265
170 263
170 254
118 150
40 288
2 243
24 162
165 185
108 271
6 140
15 131
141 280
93 249
1 263
51 266
67 247
117 188
61 287
78 290
56 155
204 241
20 175
26 49
65 67
208 210
97 159
2 119
55 81
82 184
73 81
3 262
77 198
0 238
131 190
247 280
38 184
110 240
179 188
98 159
10 141
76 91
210 248
22 27
31 44
242 284
36 108
50 180
212 219
9 297
96 290
119 208
8 84
87 243
158 226
220 251
63 68
42 91
86 90
122 126
80 282
13 215
32 134
82 225
22 196
15 124
208 230
69 75
203 286
206 295
115 206
270 286
80 184
26 61
166 235
153 298
68 217
1 11
237 254
135 150
11 218
219 293
62 293
31 174
57 81
173 238
109 199
21 135
65 256
40 63
160 173
127 226
64 167
69 114
125 127
120 287
33 45
182 219
64 239
2 52
164 171
262 273
70 283
161 187
239 253
3 164
114 130
33 143
246 257
73 102
82 142
179 193
151 291
66 203
46 283
197 256
169 292
85 283
123 140
148 289
43 270
22 268
0 124
41 82
266 286
14 193
113 165
185 231
68 283
195 214
223 291
35 93
