100 500
98
39
22
59
31
60
97
63
77
64
23
81
29
98
62
110
33
26
117
69
83
85
93
45
32
58
46
98
98
53
80
28
25
82
67
36
23
97
79
32
93
35
93
102
113
87
93
78
94
42
27
57
108
100
83
20
90
61
50
68
46
62
29
51
25
76
119
80
105
79
92
78
46
118
113
91
85
86
49
59
60
108
49
100
40
112
53
110
105
35
111
31
78
20
115
35
76
114
47
114
19 23
68 82
56 98
9 89
36 62
48 77
14 72
25 82
29 51
52 93
65 91
14 58
20 50
7 28
53 58
29 30
35 99
44 79
60 68
22 80
9 68
82 95
44 72
64 95
65 68
38 57
33 53
15 83
25 44
35 90
49 72
16 84
23 96
80 83
13 64
58 85
5 22
66 67
77 83
13 43
4 51
0 84
9 67
19 86
61 63
12 22
34 38
49 57
29 86
3 93
42 51
65 88
7 56
83 85
49 91
28 42
53 80
62 79
48 98
11 48
22 60
76 94
13 25
3 51
54 96
49 54
42 99
7 66
49 50
93 98
35 73
3 54
14 17
2 65
18 65
25 40
41 71
5 18
26 57
25 75
11 74
6 74
34 92
8 93
1 27
0 92
47 88
6 55
60 65
20 83
26 97
19 75
68 81
38 46
63 90
21 53
48 89
59 81
19 82
9 74
18 20
18 61
16 20
18 36
6 33
78 93
26 53
16 99
31 68
22 73
21 72
5 81
3 53
31 64
2 73
34 77
20 97
2 55
38 78
36 73
18 23
14 28
82 97
65 80
53 65
87 89
21 74
29 94
26 74
47 93
0 34
20 36
50 55
27 80
2 38
53 98
31 95
11 87
5 61
48 64
90 94
41 69
19 43
19 64
43 99
58 99
6 17
44 60
86 99
47 84
4 78
32 91
41 93
48 57
43 93
15 47
55 58
34 53
6 72
57 82
0 31
63 91
49 96
42 95
46 85
17 25
66 90
38 62
8 23
22 33
23 69
33 40
74 76
34 87
21 99
30 91
54 73
70 73
16 55
17 93
14 43
4 62
9 25
43 85
28 33
7 8
0 50
26 41
26 28
4 50
7 75
11 33
18 45
49 63
11 15
58 74
20 67
15 51
4 36
43 64
93 96
37 64
42 72
18 37
41 68
27 95
52 60
71 93
56 61
60 66
33 97
63 64
51 90
7 54
47 53
18 85
12 77
3 66
23 80
12 18
11 68
30 35
19 69
59 85
56 82
45 71
13 72
31 49
67 96
36 37
13 33
49 88
31 82
39 63
34 42
51 62
38 97
17 44
3 7
41 54
11 77
39 83
88 90
9 15
51 84
70 98
17 48
48 58
22 82
24 39
8 42
5 86
40 74
81 86
50 81
20 58
1 33
0 8
45 62
4 61
21 67
61 77
21 43
51 61
19 59
55 57
36 65
39 40
76 79
9 20
29 31
14 30
84 90
15 46
19 87
6 59
20 92
65 84
15 35
34 78
34 95
60 92
32 70
46 51
11 72
7 92
37 55
7 39
19 37
49 93
26 37
10 69
2 85
45 81
19 92
15 63
52 85
48 56
11 83
80 90
4 35
11 80
12 26
15 85
30 31
57 64
34 67
17 71
42 50
9 65
6 14
2 54
70 85
17 50
21 28
8 37
63 84
20 69
3 78
13 66
77 84
0 88
1 38
11 42
0 56
58 77
6 47
24 96
24 49
45 86
82 84
49 56
51 79
3 59
22 24
21 51
9 51
0 10
46 73
46 56
14 50
49 53
10 29
50 86
26 36
8 70
12 17
15 38
39 62
43 88
71 98
34 94
40 98
20 44
63 83
14 73
69 99
50 92
8 88
5 56
87 96
27 71
39 94
77 86
27 28
78 88
17 33
2 6
61 65
86 89
10 79
30 86
2 46
21 70
18 27
29 57
0 23
15 84
62 95
1 75
79 89
15 23
17 49
35 70
14 49
80 87
35 96
33 66
3 8
37 45
12 69
48 90
10 37
52 64
16 32
27 65
8 49
28 84
30 77
16 47
1 97
5 66
4 11
68 95
37 80
16 74
5 79
31 90
22 74
10 39
18 24
19 60
10 64
59 60
25 65
21 65
36 60
69 89
49 58
23 37
37 43
66 68
69 88
30 60
12 48
25 80
48 80
10 36
95 97
62 70
72 88
36 61
0 77
50 82
19 35
24 25
14 91
44 83
32 74
44 96
56 58
5 85
5 7
20 30
47 56
48 91
73 85
50 73
44 75
11 97
19 42
3 46
16 90
91 99
18 73
2 31
32 88
52 62
9 70
60 61
9 46
59 86
19 83
68 87
6 94
10 92
9 79
35 60
22 53
33 39
16 80
42 65
56 57
17 27
17 30
27 41
27 76
47 86
25 62
8 15
31 78
1 92
36 57
53 79
38 41
18 74
12 55
12 39
8 20
38 39
38 80
65 66
3 60
13 74
29 83
7 12
16 72
0 65
39 65
7 30
