200 750
70
84
119
83
55
91
87
36
110
35
86
86
111
32
40
92
75
48
20
93
88
50
111
104
44
41
57
67
62
88
34
64
104
86
28
39
109
95
107
99
110
26
66
53
90
38
78
97
118
78
71
86
108
114
70
84
88
108
83
82
28
50
27
113
68
35
84
57
62
24
89
105
82
87
38
52
105
48
81
104
106
32
22
46
79
73
62
47
113
78
109
21
108
116
114
56
83
31
45
26
35
114
111
97
81
81
81
119
110
42
55
48
55
57
27
66
110
69
93
55
27
34
57
67
31
103
55
94
114
81
52
81
27
43
58
41
57
119
40
47
42
75
75
29
64
82
75
107
84
100
42
43
114
31
43
25
67
78
52
113
91
36
75
99
60
113
72
97
65
92
76
39
99
83
48
43
46
55
30
62
35
105
37
29
116
60
87
63
119
71
109
90
87
64
21
79
109
73
56
54
5 73
130 191
88 114
50 52
73 97
17 104
37 137
33 168
18 68
21 106
86 132
10 68
121 175
87 112
41 176
133 172
114 115
64 181
3 66
33 53
2 91
128 157
139 191
49 109
11 107
97 130
151 191
59 166
24 172
1 54
13 178
79 134
46 150
1 60
16 93
54 107
12 48
187 188
155 189
97 166
96 179
15 40
75 82
6 107
12 199
60 164
143 146
43 141
97 104
65 142
149 197
125 197
9 65
116 137
54 186
82 102
97 117
0 142
101 172
59 171
65 119
8 87
65 131
101 114
44 187
136 180
57 193
86 154
23 122
70 128
152 161
30 78
1 173
30 174
74 89
91 97
8 137
26 52
68 153
55 140
72 149
142 143
29 129
3 96
4 166
131 165
70 162
72 196
26 87
113 198
47 116
4 76
56 184
4 102
10 43
59 159
115 155
54 197
150 184
0 189
69 132
91 106
46 102
115 133
65 129
197 198
2 113
49 73
11 176
54 173
65 171
38 84
20 138
5 35
36 41
62 146
4 120
118 153
21 107
36 51
1 86
151 185
58 155
1 166
7 186
109 139
72 176
45 148
114 135
2 107
123 148
43 169
75 152
11 161
96 164
134 199
117 184
73 86
87 195
39 181
46 131
91 118
107 191
163 173
126 165
50 81
2 65
45 170
29 159
77 133
75 133
12 193
50 117
64 66
57 137
46 183
89 188
47 53
32 169
21 158
54 86
104 160
6 8
38 74
159 165
40 115
79 92
162 185
51 129
18 26
72 109
49 153
7 113
97 145
14 56
16 124
118 132
144 174
139 170
38 104
132 148
110 117
47 121
65 137
30 161
31 171
27 178
124 128
58 198
72 180
122 149
7 143
39 123
15 129
95 167
44 147
16 85
84 106
43 137
101 119
72 157
151 184
2 31
60 108
30 41
85 104
180 190
111 113
19 41
67 128
27 160
63 197
169 196
81 85
135 165
122 157
108 159
58 114
121 174
11 159
101 178
89 191
163 167
47 82
43 182
45 75
23 40
14 74
108 179
65 161
53 120
111 125
17 186
113 182
90 141
68 124
68 195
110 162
144 183
9 165
36 187
10 180
24 59
6 120
156 167
9 185
39 63
26 73
32 55
122 139
15 196
83 143
53 105
18 149
115 183
103 137
69 193
163 170
75 83
126 194
20 135
83 185
8 11
63 115
102 190
12 70
85 155
90 153
13 124
39 80
107 128
101 183
98 197
24 71
149 181
154 170
84 156
45 189
105 167
22 60
24 47
92 132
180 197
22 145
61 121
25 29
160 190
82 139
59 105
116 192
90 146
42 136
87 162
148 193
184 192
28 172
104 124
98 177
49 99
26 111
53 80
114 187
46 193
19 61
25 190
137 147
115 190
3 25
18 104
88 103
10 75
68 86
45 132
133 184
47 96
128 160
99 101
42 46
13 145
107 135
38 54
24 106
49 196
61 100
19 164
29 140
8 191
67 75
3 6
9 54
51 121
152 183
20 177
117 150
57 191
4 181
29 63
39 60
30 52
50 160
53 168
31 160
13 99
19 187
102 196
74 153
9 69
57 89
6 129
11 16
63 80
40 102
22 140
52 155
72 123
104 105
35 71
3 23
57 90
116 171
11 41
20 77
16 82
28 89
44 145
8 52
44 76
16 63
18 66
21 139
78 93
43 81
149 198
56 192
27 55
18 60
39 55
19 154
51 144
15 148
12 92
75 192
10 60
45 81
90 149
112 144
61 171
27 142
5 150
7 66
168 179
7 156
34 62
130 178
65 194
77 78
22 38
98 104
33 101
132 182
44 192
115 127
21 57
15 143
102 171
33 140
81 141
99 116
3 30
20 46
77 176
14 98
99 154
64 132
56 196
0 115
192 194
2 115
10 167
17 139
2 112
31 146
82 143
62 98
60 112
88 118
16 137
37 54
119 123
169 179
36 115
60 179
30 46
62 150
9 31
41 73
72 185
19 128
33 106
26 171
46 144
11 183
66 113
36 172
94 185
52 167
98 130
112 113
126 144
63 153
56 109
94 179
128 198
174 186
0 184
30 157
97 121
10 165
90 187
124 198
165 184
66 128
63 193
131 159
71 146
65 181
2 44
27 82
2 194
69 178
154 178
51 160
51 78
13 190
11 120
104 114
128 195
122 191
6 188
59 151
16 152
107 192
12 20
6 189
10 174
128 137
97 141
180 192
127 145
47 183
49 157
85 103
44 178
29 184
132 184
44 88
148 188
160 195
118 134
55 147
40 63
105 195
184 185
120 140
32 49
121 135
118 135
65 116
49 102
48 98
138 148
85 87
47 60
22 178
122 182
45 186
91 114
99 192
75 132
93 182
69 147
11 12
65 185
62 185
152 164
3 133
37 193
12 50
32 171
109 134
29 48
0 173
28 100
71 106
40 87
34 164
109 127
46 199
61 193
31 157
116 165
154 160
109 162
32 166
52 147
128 142
53 94
102 105
8 122
162 176
48 93
109 148
20 147
13 107
8 90
122 125
6 82
80 115
45 198
99 144
3 193
8 72
88 174
113 162
89 182
124 182
73 134
43 155
150 172
133 168
40 43
46 58
77 90
113 122
41 165
18 196
91 158
4 198
65 117
0 161
37 158
26 62
35 48
168 176
168 169
163 178
15 41
69 81
62 115
46 134
4 58
25 62
90 155
116 131
89 90
25 105
120 182
51 182
155 179
75 103
66 100
53 116
74 107
23 149
136 195
157 194
151 182
8 106
24 139
115 174
29 32
140 163
143 152
98 107
134 175
43 79
14 192
102 150
11 139
42 97
105 145
149 169
75 197
36 178
59 141
23 191
98 118
52 144
25 116
40 68
6 195
12 49
151 156
5 12
145 157
94 111
78 108
67 122
29 38
131 195
123 159
19 117
12 94
4 135
82 162
10 126
83 118
29 47
124 174
4 187
21 35
47 143
85 102
97 124
16 165
68 139
125 137
89 111
31 198
45 145
55 81
71 116
100 125
49 164
27 120
36 48
35 155
9 143
67 120
59 137
127 185
28 62
65 139
96 151
138 196
42 171
3 65
87 128
3 118
130 145
124 166
31 193
2 88
41 74
100 155
11 92
179 192
154 196
83 105
21 93
53 87
8 144
104 184
22 137
67 187
111 167
112 185
139 143
14 108
36 177
0 15
155 169
12 53
12 57
96 123
26 152
107 163
94 175
94 182
101 159
59 111
37 73
19 73
3 172
40 124
4 79
43 129
13 156
61 79
14 88
3 138
32 141
35 138
58 190
91 194
58 117
128 143
77 153
1 98
22 146
80 150
124 152
60 116
137 177
91 177
29 191
84 133
61 71
66 81
95 198
124 176
93 154
129 143
75 155
166 188
118 178
64 94
153 178
21 23
15 131
