150 3000
31
55
77
81
35
30
50
94
118
84
57
106
22
88
115
112
117
117
111
42
68
31
49
28
101
50
113
28
101
99
63
65
34
21
26
102
83
108
76
34
24
114
72
27
34
67
71
31
116
63
106
116
26
87
24
107
117
69
116
51
49
111
96
115
64
102
97
28
43
54
94
47
100
98
106
66
97
58
29
93
101
67
41
59
34
98
47
84
47
95
115
28
86
43
24
83
25
101
91
100
87
117
28
119
47
66
117
24
104
27
49
37
74
70
77
41
48
56
105
28
83
52
36
49
75
40
64
32
74
87
113
93
84
73
45
111
119
42
67
56
101
96
25
56
47
82
77
27
70
114
42 71
43 131
74 76
3 7
77 105
106 135
66 93
0 149
50 104
13 114
64 107
72 103
50 100
44 61
99 147
72 121
43 115
102 120
91 105
29 98
66 84
28 54
54 132
80 84
8 45
98 124
20 54
5 77
23 123
22 118
25 40
68 143
57 147
51 90
5 119
89 149
36 54
19 70
10 100
5 70
5 145
44 101
24 25
106 148
99 127
21 124
66 69
95 127
35 64
28 121
57 79
60 145
35 80
45 65
30 122
17 77
114 127
3 80
37 138
53 139
66 126
16 135
43 111
9 112
42 48
105 130
40 122
59 100
22 68
7 104
24 40
70 83
14 138
28 73
28 103
18 19
5 34
4 100
19 47
95 109
113 141
103 137
83 105
47 106
54 75
60 116
46 78
88 119
60 63
65 147
15 91
84 96
101 140
46 148
9 57
25 146
1 48
12 132
59 106
32 140
102 113
50 94
138 148
63 110
51 112
25 44
11 30
131 141
2 89
32 63
28 49
88 149
29 101
33 37
10 23
26 121
21 28
22 78
61 137
14 39
64 99
59 129
102 128
111 130
45 93
43 142
73 132
4 142
25 83
93 145
65 101
73 129
95 138
57 102
82 148
84 116
77 115
63 93
76 81
25 73
18 121
69 96
0 113
2 135
41 96
33 44
63 106
51 75
104 132
3 36
22 33
22 148
1 86
83 91
64 66
10 36
84 131
34 137
37 147
24 38
35 57
98 134
14 59
51 118
93 107
56 126
79 129
32 124
67 117
17 33
27 85
20 69
6 61
58 59
83 95
130 148
132 141
57 78
41 129
77 134
35 86
13 117
16 137
52 135
7 69
19 92
140 149
14 60
125 146
20 91
18 59
71 102
51 52
61 145
83 138
19 129
75 142
39 92
32 91
77 91
10 148
61 85
2 139
121 135
43 127
88 129
61 102
15 40
4 101
10 87
42 141
8 67
47 86
9 20
40 138
103 111
99 137
14 28
38 101
13 130
44 81
45 69
11 147
53 60
15 123
6 42
15 50
73 101
0 134
92 122
25 135
45 64
60 84
87 92
0 7
68 81
52 137
101 126
50 89
4 65
46 62
72 77
47 148
80 148
84 104
11 143
38 90
75 76
0 69
0 14
76 82
30 134
110 121
21 131
37 101
13 87
61 135
36 142
108 125
42 86
79 105
71 118
30 148
20 99
12 21
78 146
5 108
17 117
138 142
81 119
34 75
38 119
5 79
106 147
35 91
21 47
9 41
7 129
61 79
71 134
7 67
17 139
34 59
9 74
80 143
16 52
90 112
95 117
87 103
58 81
131 139
50 128
9 22
109 136
30 88
120 147
12 149
67 85
71 128
1 9
61 121
69 83
2 15
102 141
63 118
9 72
44 102
111 119
70 112
102 105
2 127
1 2
69 139
86 112
15 71
59 85
4 113
2 107
105 120
72 79
32 116
45 84
98 137
92 116
20 50
104 122
22 111
74 123
60 141
44 120
76 100
78 135
109 142
31 101
35 124
58 148
37 80
6 98
108 130
4 119
115 141
40 115
53 91
83 109
61 136
60 121
19 140
16 91
51 140
100 108
8 138
20 57
26 116
76 133
42 69
24 122
35 37
20 138
124 147
82 109
124 148
30 66
65 133
56 93
6 136
51 125
14 108
32 47
124 134
16 53
68 92
5 78
66 129
28 78
10 93
39 143
70 134
101 111
17 53
40 44
75 147
67 141
16 106
42 143
98 110
26 85
18 117
96 144
47 139
8 87
34 44
7 145
112 145
12 91
54 139
88 121
32 96
10 138
30 89
3 37
43 141
113 115
108 109
5 59
1 119
35 144
13 53
8 31
16 95
1 70
85 89
19 94
36 82
27 29
14 85
64 109
86 124
33 40
93 143
54 138
67 129
10 41
109 127
105 128
30 92
26 68
6 112
43 108
24 33
30 149
36 106
10 80
22 94
88 96
0 116
76 95
19 68
7 45
31 112
61 76
55 144
69 87
52 97
23 45
111 136
53 118
122 148
120 140
8 86
64 120
5 90
12 135
16 38
27 114
129 134
10 118
62 105
117 119
49 141
35 66
4 120
3 28
45 118
21 106
13 72
13 57
51 78
105 126
67 105
89 129
96 126
65 93
136 142
79 132
4 141
19 134
82 122
70 130
38 91
52 103
11 104
31 58
136 137
27 145
7 127
121 125
100 116
41 145
75 103
74 146
59 131
67 103
43 137
81 135
37 130
100 118
45 140
104 124
134 135
8 33
109 134
52 124
31 129
29 105
10 125
66 95
15 109
92 115
29 89
92 102
49 147
3 82
67 75
109 137
127 149
101 145
26 103
35 133
10 131
45 100
105 113
59 90
15 54
105 107
59 83
47 80
10 31
83 85
98 123
44 75
24 91
29 78
61 117
1 64
12 72
79 101
62 125
116 126
101 147
44 87
83 149
69 75
75 85
31 94
52 118
33 123
49 142
94 114
126 146
101 148
59 69
77 143
98 141
29 35
87 112
74 83
27 140
95 105
130 145
45 128
25 72
18 61
43 89
15 41
40 126
85 110
58 105
76 134
14 146
79 82
12 14
7 14
47 142
72 104
10 142
6 59
98 103
35 115
34 141
76 110
27 72
26 78
57 105
63 116
25 75
91 130
79 134
136 141
5 53
58 98
7 20
1 135
113 138
14 15
35 40
144 146
111 146
73 110
36 143
66 72
28 115
76 109
26 126
35 43
10 98
130 136
64 118
78 99
36 37
20 84
16 31
44 45
133 141
37 110
11 55
64 73
119 149
42 102
51 57
37 104
18 37
38 58
96 146
19 75
80 107
27 35
1 79
10 90
39 117
3 103
40 95
29 39
116 132
23 133
85 88
24 113
69 138
124 149
61 147
26 50
42 88
81 140
107 143
87 148
18 140
89 107
0 73
130 137
11 71
16 126
78 85
52 114
13 136
16 64
2 105
12 94
31 98
10 141
1 101
98 102
126 130
39 141
55 126
13 44
31 91
32 145
18 46
60 62
123 135
22 39
78 116
49 113
1 69
69 115
5 91
48 102
33 130
46 103
24 134
56 137
31 33
91 127
14 147
72 116
53 96
90 105
42 77
48 68
43 85
79 122
112 148
4 102
28 60
47 138
20 137
16 133
13 32
30 130
83 104
45 76
3 90
61 139
72 146
48 89
128 129
99 115
82 149
12 131
11 114
44 121
23 147
68 87
32 148
47 141
6 77
24 102
63 114
52 54
15 31
33 114
84 146
30 98
96 115
43 93
86 90
56 66
28 144
78 113
6 27
33 125
0 135
48 136
16 90
31 102
37 121
20 48
48 121
50 68
13 143
1 111
79 84
14 57
72 73
100 144
120 130
36 115
22 74
66 90
14 18
23 38
56 71
27 58
108 120
35 147
3 10
37 139
89 146
3 65
121 148
67 101
20 103
94 119
35 79
34 94
11 132
31 40
50 140
53 88
27 53
95 142
24 98
47 109
27 148
50 70
19 130
14 112
48 54
10 56
8 90
73 91
32 66
134 144
57 82
12 89
34 110
36 56
16 35
33 83
75 104
20 55
11 37
121 145
21 129
137 147
70 71
63 64
22 55
48 145
81 143
96 116
9 81
52 104
6 117
22 29
78 119
33 49
107 114
4 28
0 6
75 121
116 131
15 46
28 132
75 109
74 125
36 76
5 128
122 140
20 36
46 114
41 132
5 14
89 94
15 118
14 118
48 82
8 147
7 24
15 103
14 51
60 123
66 68
94 134
85 124
35 130
82 127
22 51
117 127
37 98
21 93
4 83
1 63
77 107
52 133
101 134
58 75
39 69
54 111
68 133
26 124
116 143
30 141
64 84
17 140
51 149
5 94
34 35
80 136
71 138
43 61
22 79
97 148
6 104
13 84
6 78
50 121
17 37
55 141
97 119
60 72
56 149
33 77
59 91
13 71
48 133
56 127
55 57
27 115
49 87
2 99
59 136
16 19
29 138
16 141
15 60
39 47
48 139
99 120
49 54
5 12
62 78
67 106
28 128
49 77
65 148
26 131
0 37
40 111
2 58
7 126
42 76
43 146
46 102
51 144
16 72
44 80
113 129
23 81
15 107
57 104
98 133
2 41
118 149
66 139
4 133
20 108
6 36
38 132
18 21
48 114
63 112
22 66
22 98
42 132
24 75
45 121
43 44
12 48
32 48
6 121
29 120
96 102
50 114
3 9
12 26
115 127
31 48
76 122
20 65
141 146
19 65
11 86
32 98
80 112
32 83
2 86
32 112
6 12
16 49
67 113
32 94
91 142
69 116
31 114
4 74
11 32
15 64
44 144
112 132
46 126
53 66
17 41
108 121
65 131
43 124
9 109
43 125
92 132
17 137
71 136
53 80
91 135
31 83
45 135
32 65
22 34
63 137
51 108
73 84
75 116
34 58
3 27
22 61
48 135
23 39
21 120
62 112
91 98
9 58
31 32
46 146
29 70
104 130
88 91
40 116
94 101
132 138
51 79
5 73
100 134
114 133
46 74
56 62
94 132
127 139
38 113
23 44
10 55
98 148
48 90
45 116
93 104
27 47
32 85
87 120
5 69
17 52
16 79
114 125
17 111
126 143
55 68
21 65
25 71
13 74
64 130
7 119
54 124
77 132
51 113
67 82
64 121
45 80
113 125
70 73
43 94
68 135
51 68
44 132
65 83
41 121
96 113
96 147
75 111
49 59
20 28
25 112
7 117
59 132
132 133
25 105
129 142
47 146
43 92
28 29
8 71
23 52
49 69
46 119
19 62
7 143
33 91
7 110
40 67
23 93
81 100
92 148
31 38
91 112
1 66
20 85
4 24
46 70
102 132
110 117
35 143
19 85
14 102
106 108
111 114
56 89
109 120
94 102
11 135
70 103
31 128
3 75
24 79
38 43
39 65
84 101
100 120
20 104
30 36
0 112
52 141
3 57
1 74
59 105
59 64
15 53
58 128
9 59
61 62
32 134
16 68
15 30
58 121
28 82
59 113
69 81
20 146
0 30
9 99
41 94
2 128
92 103
37 63
77 131
8 144
12 31
104 146
59 68
55 140
76 137
38 69
84 128
38 40
34 74
127 138
18 129
23 110
94 113
37 76
23 83
54 88
38 84
106 113
5 42
118 145
64 96
4 38
78 145
96 148
21 26
57 121
36 146
47 59
37 132
20 113
23 128
65 126
23 36
85 132
84 87
64 91
83 122
51 71
69 78
49 105
8 142
29 128
57 77
39 140
104 114
39 59
87 134
20 105
12 40
54 99
119 124
92 149
13 52
32 102
1 134
28 39
10 17
57 119
48 146
8 12
54 119
52 90
7 56
13 120
67 99
69 126
63 88
125 140
77 128
14 75
114 130
34 42
11 100
30 50
19 43
6 138
4 96
11 66
37 131
2 17
60 106
85 130
135 144
37 108
35 39
66 120
41 141
11 49
8 82
69 147
86 138
59 141
117 121
4 145
18 113
6 107
41 71
93 146
9 39
72 135
67 88
80 135
46 147
46 96
35 69
26 142
16 67
40 74
24 112
17 72
27 55
13 92
99 101
61 82
59 139
85 128
7 146
72 94
116 117
120 148
29 72
75 97
116 139
21 66
39 130
40 87
54 118
30 119
57 91
51 98
52 82
34 112
8 130
0 56
26 79
55 148
1 125
3 42
24 143
108 123
63 149
83 113
45 105
12 53
6 38
111 143
47 140
105 121
55 63
81 121
21 44
38 45
41 48
42 140
66 98
31 67
17 104
70 75
128 130
9 119
79 114
134 142
15 79
117 124
36 57
61 99
28 67
62 148
0 61
17 28
6 68
22 87
66 119
83 87
48 99
28 94
54 103
10 32
18 126
37 109
97 99
63 79
27 96
33 86
107 120
54 89
40 141
39 139
70 123
66 70
124 128
0 138
18 100
0 40
78 117
41 116
6 7
6 144
39 79
9 92
37 48
0 129
39 91
11 21
91 116
94 129
65 129
68 83
135 147
17 108
51 63
35 123
29 58
97 129
109 123
9 146
21 61
27 112
3 48
119 123
102 139
49 81
25 130
49 149
85 86
46 122
3 114
125 144
28 55
23 101
51 116
63 119
36 99
0 55
6 23
4 25
40 112
40 100
64 147
32 43
50 98
1 56
9 64
65 86
3 108
1 77
1 67
40 78
80 123
40 131
21 43
21 137
40 130
9 83
59 65
23 31
60 147
27 32
42 83
44 127
44 97
44 84
70 78
14 20
51 88
63 124
103 127
7 38
72 88
21 149
95 112
19 127
20 71
7 147
94 115
43 144
60 66
19 63
50 127
28 45
52 132
26 118
23 92
13 80
131 142
41 89
40 106
34 37
103 149
95 115
24 47
70 92
75 126
96 122
47 51
42 116
107 127
17 73
61 101
92 106
49 103
49 140
48 83
80 146
59 128
103 135
68 69
79 142
37 115
35 119
12 70
96 119
13 101
18 114
3 144
42 64
62 114
39 55
72 75
42 61
140 144
12 34
56 79
47 92
61 93
49 131
57 95
122 134
22 137
101 102
10 58
32 119
82 85
74 131
109 124
54 143
67 92
95 146
40 109
39 89
142 148
28 34
73 120
51 124
24 89
18 83
34 115
40 121
51 61
20 149
4 47
44 115
56 58
35 50
55 121
32 44
68 104
121 122
53 71
7 132
13 75
116 129
31 137
43 136
78 101
24 60
17 89
47 122
91 94
4 48
28 61
72 115
8 36
49 117
136 149
15 25
30 53
4 109
116 147
35 139
82 133
18 23
3 98
39 138
8 9
140 145
7 57
37 72
42 110
17 47
53 97
133 140
19 138
1 72
147 149
71 131
36 137
77 118
27 128
69 137
25 144
0 127
83 139
6 148
31 42
73 113
14 110
144 145
11 34
132 148
44 142
11 142
1 29
61 86
93 101
14 27
116 140
87 130
2 134
126 149
60 148
35 84
71 98
121 149
15 144
35 44
23 47
105 106
76 115
79 104
57 81
80 138
20 73
115 124
0 141
6 17
46 52
50 93
57 75
101 137
60 61
76 77
5 40
31 149
69 136
33 62
87 135
53 104
11 96
28 104
0 102
54 80
58 145
13 97
73 97
0 100
81 84
106 137
72 129
56 125
67 135
123 142
75 96
78 142
47 118
10 119
50 91
51 105
12 61
54 91
13 131
41 70
5 62
107 142
23 135
24 49
36 68
10 37
58 87
13 65
129 139
126 132
9 33
20 145
88 99
8 91
55 103
65 95
50 64
89 126
38 51
28 37
110 138
1 15
5 29
91 147
111 137
104 133
138 145
126 135
13 58
41 142
43 147
77 80
40 132
9 65
76 118
26 147
117 126
21 35
75 130
56 85
70 97
33 147
25 134
42 98
91 113
12 147
6 135
32 103
58 135
100 111
25 38
6 34
113 142
33 143
42 89
118 126
67 118
18 137
10 12
2 131
30 51
16 45
78 110
21 95
122 136
56 64
115 134
58 126
7 79
102 126
22 99
34 69
117 143
38 121
35 81
56 116
80 134
69 90
126 139
12 115
6 76
65 138
57 90
6 41
18 101
11 28
5 101
34 68
73 142
96 142
124 135
2 33
39 137
78 125
35 96
16 58
87 136
27 107
40 128
75 112
76 98
21 37
36 69
65 106
108 147
25 45
45 126
124 145
66 140
75 83
38 100
48 60
97 114
85 122
89 133
41 46
43 129
120 141
19 77
15 72
95 144
27 36
64 70
41 106
3 56
6 96
30 62
46 83
27 120
60 92
37 79
91 122
18 60
75 141
37 142
39 74
82 90
80 145
40 62
46 110
22 60
129 143
20 114
1 61
2 54
114 123
65 91
14 54
30 137
36 112
2 124
84 98
8 101
9 132
31 53
81 126
44 48
4 127
3 46
21 118
20 111
74 139
28 126
105 133
106 119
19 80
19 24
27 67
79 128
9 133
61 142
36 109
134 141
6 133
11 95
23 25
8 93
62 129
86 99
15 29
7 29
24 64
75 80
52 63
89 95
55 131
118 147
44 128
3 106
49 67
11 99
14 91
2 61
90 93
18 24
42 149
13 111
47 128
4 85
1 28
6 54
10 97
15 61
72 112
28 114
66 77
30 61
69 100
68 85
45 75
6 89
41 140
118 123
128 140
18 54
76 129
39 72
46 86
62 111
58 140
49 127
52 117
2 42
60 126
11 50
89 120
101 120
1 38
54 130
80 119
101 123
9 100
3 147
29 52
89 97
10 28
12 127
6 25
0 10
64 100
1 45
4 134
8 66
9 48
57 58
14 86
110 112
26 40
24 68
2 126
102 122
16 146
49 72
77 113
30 33
42 85
37 54
54 68
67 124
22 107
11 136
4 40
0 123
44 96
48 112
18 97
76 147
75 134
130 138
31 77
2 87
4 51
5 84
13 93
27 149
6 84
37 136
34 76
0 146
33 128
66 144
30 38
44 78
11 75
0 5
77 109
114 121
7 142
66 121
76 114
24 54
31 72
84 118
0 24
44 149
62 102
9 21
62 99
20 118
13 83
72 141
14 127
40 53
31 86
17 85
12 67
41 85
0 27
0 105
51 104
55 96
16 118
33 67
0 132
18 142
106 145
58 147
89 100
19 135
24 50
37 86
92 142
139 143
85 149
67 100
22 48
56 100
20 144
15 65
53 114
17 142
17 51
88 110
77 133
99 122
35 132
13 142
36 79
0 147
42 96
100 132
53 59
6 43
116 142
22 27
66 145
3 61
12 120
12 143
6 64
4 14
68 128
10 14
15 145
17 102
63 127
35 70
8 114
1 31
43 119
78 104
48 122
60 83
24 116
54 149
34 61
83 121
121 136
55 107
27 38
44 143
78 87
6 15
39 94
57 68
86 97
38 120
32 105
33 47
4 7
46 140
32 34
76 93
73 79
65 94
9 131
134 139
24 93
57 122
15 130
79 120
55 71
33 97
65 117
112 131
43 60
87 109
20 93
45 57
16 36
16 17
9 139
21 113
85 98
55 142
6 26
2 26
89 138
96 128
55 100
46 120
67 86
22 85
84 102
126 136
49 62
63 100
92 134
42 118
20 121
14 68
6 109
4 5
87 105
35 59
41 143
46 116
8 102
66 135
57 137
93 129
98 131
2 37
106 121
29 68
65 73
34 54
57 89
33 105
53 102
51 134
51 55
88 142
101 121
96 109
72 111
81 142
37 56
85 102
92 95
88 145
32 46
45 77
20 27
0 67
27 90
25 63
9 129
69 117
105 112
68 149
122 149
14 44
26 137
89 119
116 124
93 144
8 18
108 119
32 35
54 93
45 68
31 142
24 30
96 111
39 120
30 110
9 24
27 105
84 126
21 38
61 73
4 88
125 128
5 98
124 129
11 62
25 50
8 72
46 64
63 95
6 72
14 21
2 8
40 140
29 51
15 19
45 56
47 113
119 144
12 123
75 94
35 46
96 100
67 119
32 142
51 64
7 85
9 145
25 101
19 96
64 143
98 113
31 109
23 119
5 26
26 117
11 145
59 114
46 118
29 81
42 91
50 54
74 107
33 106
127 130
58 90
94 117
7 53
78 112
98 122
9 105
46 61
2 72
127 128
98 136
0 22
34 79
50 111
111 145
24 66
85 136
17 46
26 145
24 124
6 85
54 85
23 41
70 126
54 65
121 139
38 76
55 92
25 118
49 102
84 93
28 142
16 61
14 148
1 41
101 135
39 53
42 68
100 148
91 136
11 58
10 59
54 113
57 98
7 97
123 146
104 125
52 75
4 16
101 131
50 133
41 93
54 114
52 77
11 48
68 109
8 128
33 56
26 62
8 116
47 60
93 132
12 119
102 143
73 126
72 133
16 51
71 114
11 137
33 45
36 90
12 38
62 95
19 125
69 79
35 42
8 132
9 53
112 137
104 141
69 72
70 111
15 82
23 40
75 117
4 17
99 131
107 130
42 44
33 102
28 50
123 130
50 97
29 136
15 122
89 122
90 104
28 146
10 121
95 101
25 104
108 133
25 68
2 20
105 110
48 91
48 78
116 141
11 77
27 101
26 51
18 41
29 66
11 131
7 32
15 17
85 115
19 93
53 106
56 124
46 104
70 84
0 101
103 128
11 47
100 113
40 81
26 72
88 95
105 139
82 134
1 90
136 147
3 8
76 130
79 87
25 32
108 136
103 147
72 89
35 98
95 104
28 33
60 89
81 118
17 113
119 121
21 98
4 108
35 136
43 123
62 79
27 116
7 62
2 12
54 115
23 30
51 139
81 97
37 58
132 136
30 31
94 98
12 117
19 121
5 81
73 111
113 128
84 85
115 130
10 21
33 68
66 130
50 84
23 129
108 115
6 139
6 47
59 135
9 123
29 45
17 106
10 103
75 129
29 114
39 85
91 131
80 149
42 66
123 127
88 109
24 126
10 11
55 138
114 136
37 77
30 147
7 78
29 125
54 120
102 142
134 146
60 93
54 69
95 106
131 147
58 117
112 147
44 109
27 52
89 109
59 79
104 147
14 80
14 142
37 43
27 51
72 101
31 63
105 140
55 114
39 68
105 119
97 134
36 136
7 61
44 66
46 141
74 135
4 95
89 99
2 76
4 32
56 74
20 109
51 129
84 140
72 125
32 108
13 145
53 115
99 119
75 100
77 83
7 41
39 108
99 144
25 67
109 126
25 139
43 104
42 105
6 63
115 116
37 96
101 119
10 132
63 90
49 57
75 91
34 52
41 108
3 146
64 103
17 125
81 144
12 85
24 46
49 108
142 144
57 60
109 135
16 76
43 86
23 46
64 144
5 112
49 121
65 66
111 148
96 124
10 82
56 145
15 112
55 90
74 136
71 130
44 141
48 65
59 115
71 124
81 86
55 60
79 117
44 74
23 73
32 90
1 35
98 108
14 89
57 71
35 137
7 94
4 130
87 121
50 57
7 70
19 149
26 115
49 126
39 60
41 126
4 71
12 71
10 84
38 123
29 42
13 18
18 120
29 43
61 116
6 100
26 47
76 139
112 133
61 124
106 123
110 136
71 83
29 131
54 117
49 122
112 149
60 104
13 79
7 10
60 139
49 74
24 110
49 130
57 116
43 145
9 73
42 59
66 110
108 110
29 115
10 20
72 118
15 148
116 128
27 146
74 75
131 136
15 93
51 147
16 47
46 88
2 28
8 50
20 80
47 124
10 99
52 56
47 90
71 87
15 98
17 145
5 115
80 102
6 93
33 101
26 113
76 126
27 92
0 111
62 127
65 85
2 112
6 142
31 59
53 117
29 147
1 32
12 27
86 128
8 106
62 101
36 114
26 81
81 98
6 95
73 109
34 64
117 141
1 138
49 85
113 139
49 112
8 143
68 136
99 100
71 135
65 87
50 143
18 50
15 74
6 143
35 106
16 97
28 83
30 84
93 118
14 144
70 120
4 118
5 104
112 144
23 50
18 78
8 103
10 145
11 78
6 48
18 20
12 102
7 8
78 106
37 92
103 142
112 122
22 123
127 133
18 138
66 113
74 132
71 133
27 124
2 22
7 63
66 78
31 39
8 100
20 75
38 48
86 95
2 148
64 134
37 73
117 134
10 18
59 61
109 115
22 81
122 147
89 103
113 123
8 110
85 142
12 113
33 69
3 74
116 135
62 75
2 45
0 124
2 94
30 85
105 147
53 131
60 110
93 122
53 68
48 113
41 63
27 110
77 138
24 144
16 21
4 8
62 96
108 135
78 122
80 92
30 34
75 107
134 145
45 87
17 107
86 103
30 100
35 38
7 131
100 142
89 124
71 123
3 24
50 134
61 123
48 95
8 76
93 117
18 70
29 100
97 141
88 124
97 115
9 32
64 104
109 140
112 114
120 144
3 139
21 88
59 117
23 132
12 84
3 89
20 120
31 36
43 105
33 112
49 136
74 106
3 145
85 91
47 69
92 110
29 44
6 46
61 128
98 135
73 82
37 129
116 127
3 52
41 90
3 14
145 147
0 13
43 98
14 143
104 145
77 106
25 28
10 76
8 126
8 135
4 97
100 135
43 59
41 44
57 107
52 93
57 87
66 105
74 93
84 143
21 50
6 128
78 118
122 125
37 65
36 89
38 141
75 131
84 123
8 34
41 107
19 58
71 113
69 128
2 74
67 116
13 94
4 75
73 130
23 61
95 111
0 45
68 86
11 53
14 43
7 82
132 137
79 110
29 69
95 126
21 34
94 108
132 145
92 105
106 131
41 50
26 43
59 116
8 133
4 124
107 124
8 63
70 102
2 27
28 108
47 91
47 136
12 30
46 69
23 103
69 95
26 135
31 78
55 81
83 110
21 91
89 139
34 136
80 125
73 85
97 136
28 68
13 37
57 149
40 83
74 90
29 124
11 113
11 87
10 147
15 86
4 82
95 119
69 94
26 55
120 149
10 105
81 141
44 103
33 118
107 115
43 110
96 99
107 118
18 52
46 125
17 74
56 146
39 116
46 55
46 127
69 127
64 74
74 84
39 107
93 105
38 54
75 137
20 58
67 127
33 51
82 84
25 107
48 64
77 123
2 13
48 129
76 123
64 86
7 64
41 118
8 98
21 85
41 83
45 112
108 131
14 94
23 63
21 111
3 91
139 147
34 125
14 98
93 148
41 64
74 111
22 125
50 92
40 46
38 95
29 130
13 43
72 131
94 142
6 33
55 83
4 33
59 123
3 39
16 29
3 73
96 97
0 8
143 147
82 107
67 145
139 145
19 133
19 106
22 130
47 135
58 63
69 113
59 110
68 77
76 102
1 129
83 118
48 97
48 67
80 105
50 65
118 131
102 145
21 94
46 124
89 130
53 85
35 60
52 108
91 93
83 143
28 40
44 67
54 59
36 47
27 144
79 131
0 118
43 91
8 61
0 107
92 135
38 61
113 124
21 46
61 120
40 88
21 102
55 89
57 144
40 127
3 132
30 72
38 78
25 94
71 112
111 138
34 122
79 130
80 82
102 118
8 141
132 144
42 147
58 115
23 43
121 147
81 109
62 107
73 141
59 87
16 39
0 96
81 137
36 111
41 128
115 138
73 138
11 70
81 106
64 82
115 144
107 137
46 133
0 25
26 86
18 64
25 69
19 55
12 59
43 49
20 131
107 136
28 95
20 43
27 129
144 148
5 71
28 127
29 76
106 136
81 114
38 39
2 119
35 49
32 131
70 96
8 92
6 102
7 73
83 134
33 142
121 127
50 52
89 144
48 143
28 110
98 142
9 70
74 140
140 148
16 92
4 146
11 130
3 134
48 138
17 40
12 47
93 133
109 141
40 93
138 141
49 61
25 128
29 104
41 98
109 149
119 138
0 1
68 144
71 106
18 98
61 89
88 118
36 58
47 119
58 71
98 106
92 107
29 146
14 52
13 29
36 91
83 102
21 122
79 109
83 100
21 112
15 141
43 70
82 106
111 124
62 119
113 145
17 149
28 35
45 147
71 97
29 106
43 45
10 75
48 74
28 98
18 103
109 138
61 132
135 138
7 80
102 149
101 125
56 70
17 57
99 133
33 84
