50 1000
90
39
28
112
82
50
80
82
27
73
116
45
111
30
91
76
47
28
107
68
111
74
63
54
97
108
90
41
38
61
61
60
32
69
52
94
52
64
108
111
117
56
88
60
119
59
116
46
67
104
33 39
27 49
29 40
15 48
17 34
8 33
40 46
19 33
6 21
29 49
45 46
28 29
7 24
16 30
10 34
2 26
17 27
29 48
17 44
1 48
6 14
4 37
2 6
26 37
14 38
5 13
33 42
9 43
9 22
8 21
23 35
12 27
2 27
32 49
25 35
13 31
19 24
32 36
6 12
17 47
12 30
2 4
13 23
28 32
34 36
8 19
13 34
12 40
13 16
1 17
28 48
28 47
10 36
6 48
3 9
17 21
21 35
11 25
3 34
21 45
15 41
6 31
43 49
17 48
9 15
20 37
16 48
2 35
11 43
1 20
20 46
31 42
19 42
28 42
25 38
16 49
5 30
6 23
21 26
39 43
5 24
9 44
5 7
4 10
0 27
19 31
25 34
28 41
3 16
5 18
23 34
9 37
13 29
2 33
0 22
25 48
27 44
41 49
26 47
28 43
27 48
5 41
8 9
15 26
0 43
3 5
18 29
34 38
10 21
34 48
28 37
27 29
7 20
0 23
2 5
5 48
10 16
7 37
3 31
36 37
8 18
7 46
4 28
6 38
26 45
12 18
18 49
41 42
7 15
14 41
17 49
13 30
15 20
4 23
31 37
24 44
24 35
2 19
30 38
1 14
8 37
44 46
25 37
11 45
24 36
3 25
42 44
2 20
39 48
1 22
31 35
1 9
18 23
1 11
13 27
2 36
48 49
13 35
8 10
22 34
27 33
27 30
0 29
20 25
4 48
1 16
5 26
6 29
7 39
10 42
8 45
8 41
3 46
17 18
2 37
19 45
5 22
26 49
5 35
9 19
0 12
17 46
15 36
4 16
13 41
21 23
42 47
28 44
23 36
1 40
11 34
11 47
30 33
9 31
7 13
15 39
9 30
11 36
3 12
4 47
4 46
15 33
18 30
7 42
18 41
24 26
19 26
21 30
11 46
26 28
11 35
22 39
21 37
42 46
17 31
9 47
1 19
19 41
12 16
38 46
0 17
12 23
4 13
0 40
17 28
26 39
10 18
7 27
19 49
0 26
18 38
20 36
23 40
22 43
40 48
5 6
26 32
10 48
22 48
7 16
26 27
16 19
41 47
18 33
9 11
6 36
2 49
9 34
5 38
8 13
23 46
34 46
0 45
25 39
8 44
15 32
30 36
14 16
3 6
32 40
24 40
27 36
37 46
12 20
22 35
18 37
43 46
14 25
13 46
11 29
8 12
0 18
14 34
19 29
30 47
9 18
19 43
7 30
5 27
1 18
37 47
23 49
35 44
4 43
23 25
4 41
35 39
16 47
27 38
4 25
0 32
3 33
0 9
0 4
32 35
2 44
17 39
14 33
30 34
23 32
7 9
10 27
10 41
13 43
18 44
26 44
8 22
22 29
19 35
38 48
15 16
14 32
14 31
37 39
16 25
16 28
0 11
18 28
42 49
30 39
16 24
2 15
14 17
31 44
0 10
29 47
6 41
15 42
24 45
10 35
12 45
15 40
9 41
8 28
25 43
11 41
11 31
22 30
2 28
46 47
2 42
19 38
5 29
12 22
5 45
23 38
7 29
34 43
3 13
24 43
1 33
5 39
18 35
2 13
25 42
3 24
25 27
11 28
9 20
19 25
20 38
15 35
20 44
20 40
8 25
23 29
7 18
26 42
2 47
20 29
1 36
9 21
8 49
38 45
32 33
4 8
23 48
31 34
22 36
26 36
8 35
1 2
10 32
2 23
7 45
34 40
30 42
6 46
30 40
9 17
37 45
23 43
1 5
36 46
13 37
45 49
3 49
31 49
45 48
37 40
6 20
15 28
18 39
10 33
17 43
29 36
13 49
14 18
20 47
17 29
18 22
1 28
22 25
13 38
3 17
34 47
15 17
0 46
10 13
36 39
28 38
10 43
30 37
11 30
16 21
35 38
38 49
5 17
16 32
4 7
10 44
18 40
3 20
32 42
0 33
18 32
21 48
18 26
4 6
33 46
1 43
26 35
0 16
7 35
41 46
1 38
24 46
15 18
21 41
32 43
24 28
14 29
0 42
29 32
42 43
27 31
7 10
44 49
21 31
7 21
3 28
5 33
10 37
36 44
4 5
6 47
1 15
15 38
2 25
30 45
13 40
8 20
23 27
36 47
16 31
10 22
6 24
3 7
10 19
3 27
4 9
6 45
22 41
36 38
0 1
9 13
9 16
20 22
11 49
16 44
10 12
1 37
1 35
5 32
9 48
27 45
0 30
13 47
6 22
22 32
25 30
17 22
26 29
35 49
6 27
6 49
0 3
15 27
38 41
35 47
14 21
38 43
43 44
23 39
2 7
0 8
11 23
11 33
5 28
6 35
30 44
7 48
8 27
31 48
21 40
6 42
10 11
5 37
20 23
0 25
37 44
16 37
2 43
16 35
27 28
4 35
12 42
6 44
9 29
4 32
4 19
21 43
4 27
41 48
34 39
10 46
20 41
13 24
23 26
40 42
0 39
44 48
34 44
12 21
19 36
20 27
2 18
4 45
5 43
16 46
14 24
3 15
24 48
9 10
18 31
24 49
19 22
6 18
8 24
22 33
5 9
9 45
10 24
13 33
11 12
7 23
27 42
5 20
12 49
14 15
39 47
24 39
11 48
29 43
5 23
11 22
25 47
16 43
19 30
0 7
27 32
7 49
6 8
15 31
8 26
1 7
10 15
10 45
13 17
3 21
14 36
21 25
24 33
29 37
1 32
25 40
41 44
13 20
28 31
10 47
23 37
12 31
15 47
16 39
3 40
2 16
16 18
8 11
23 41
6 19
2 46
18 34
21 49
16 36
16 23
3 41
22 26
4 39
6 30
29 33
4 34
6 7
22 49
20 49
40 45
16 45
6 40
24 32
4 36
7 19
20 24
5 42
23 45
26 40
7 28
29 41
32 41
11 38
21 33
22 46
16 38
2 3
22 42
6 34
3 47
17 30
8 34
17 36
0 41
17 24
19 32
4 12
12 48
8 47
15 25
29 39
22 38
25 31
45 47
3 22
33 48
13 36
27 40
17 35
20 26
8 42
12 44
2 32
13 48
5 36
11 42
20 39
5 14
9 14
19 47
36 43
35 40
20 48
19 48
14 26
3 44
37 38
9 23
29 31
7 11
5 16
16 27
0 14
1 29
9 39
6 26
38 47
18 43
13 45
1 27
4 31
26 48
11 24
22 28
2 38
15 45
18 20
3 43
25 28
36 49
2 30
10 30
23 44
0 24
1 13
12 24
28 33
18 47
3 48
23 31
4 11
12 19
43 45
1 10
29 38
32 47
34 42
21 38
30 31
19 28
3 36
8 23
2 34
7 32
6 15
2 12
28 35
3 11
5 11
35 41
36 45
28 34
1 3
4 29
4 20
23 33
4 33
36 40
33 44
27 34
4 14
25 46
16 40
40 41
7 12
3 45
21 46
16 41
4 44
9 35
3 18
2 10
12 15
10 40
1 45
26 41
9 12
3 23
7 47
18 45
8 32
12 41
33 45
4 40
19 20
13 28
22 27
1 44
8 39
11 27
37 43
8 14
6 17
0 20
39 46
21 47
13 14
17 32
1 49
12 46
5 8
39 40
3 38
20 31
3 39
2 14
3 35
19 40
31 36
20 34
14 20
12 25
24 41
3 30
17 20
8 30
8 16
37 49
31 46
1 30
16 20
10 23
35 37
13 44
23 30
3 10
22 24
18 42
30 48
0 19
15 23
20 30
0 6
17 23
39 45
32 45
8 43
13 15
2 48
4 49
32 48
9 40
41 43
4 15
28 45
8 15
25 45
13 22
14 39
12 38
46 49
12 28
14 42
10 17
38 44
19 39
14 44
5 46
9 38
0 36
8 17
10 26
29 42
24 29
34 35
33 47
5 12
0 15
24 30
2 41
11 21
30 46
1 47
33 41
35 43
2 39
3 8
27 41
16 42
26 46
5 15
29 44
2 21
33 34
36 48
27 39
25 49
14 49
1 8
27 46
12 43
21 34
28 40
1 31
32 46
1 23
13 19
26 34
7 22
12 14
5 49
7 33
38 42
12 26
14 23
5 21
47 48
12 39
21 28
6 13
24 37
4 42
16 26
18 36
1 21
2 24
12 32
31 43
14 45
15 24
27 35
10 20
13 18
19 34
17 40
42 45
17 41
1 41
37 42
22 40
4 26
5 19
14 28
10 49
11 17
13 25
21 24
35 36
12 35
2 9
38 40
5 40
7 31
40 47
1 34
0 13
31 38
0 48
2 17
20 21
14 27
17 42
29 35
30 43
10 25
5 44
14 40
29 30
18 48
41 45
21 44
2 40
42 48
12 29
12 36
7 34
0 21
8 46
9 24
24 31
7 38
21 27
17 37
5 34
7 41
24 47
1 12
6 39
36 41
5 25
7 43
13 32
30 41
17 38
11 37
5 31
32 34
0 38
31 40
6 37
8 36
30 32
25 32
11 26
0 35
11 18
9 49
14 19
3 14
14 30
33 43
33 35
20 43
14 43
17 19
