300 300
73
88
99
74
24
35
44
84
115
73
25
60
64
84
22
66
110
70
36
106
106
65
25
43
21
35
109
39
28
42
81
81
62
60
87
118
28
111
82
23
116
40
115
60
104
118
106
47
20
74
33
106
119
38
29
72
106
71
92
114
45
53
76
87
46
43
85
54
87
47
109
35
67
57
28
104
107
66
31
107
21
96
93
72
67
54
77
53
105
49
99
30
34
55
49
112
31
114
98
50
94
40
65
41
77
25
77
64
72
88
103
73
117
28
77
64
62
34
49
48
115
28
110
82
116
40
74
27
34
105
109
60
25
106
82
34
112
39
30
64
60
113
69
109
21
26
105
63
41
34
43
88
42
34
50
90
106
57
49
72
42
38
113
99
25
27
113
117
98
75
113
38
68
62
79
21
68
64
64
41
78
40
110
53
106
92
23
92
29
53
44
103
23
37
82
80
44
27
77
23
82
22
93
82
64
105
83
65
49
80
38
60
52
80
45
38
53
48
110
62
33
34
98
89
104
60
49
80
20
59
35
34
61
109
97
58
94
112
103
75
24
73
115
56
34
40
74
119
21
64
113
86
31
91
55
67
32
85
27
84
76
95
98
117
36
75
55
62
20
90
117
24
96
65
61
110
37
115
109
38
112
102
57
75
74
44
22
38
61
81
102
117
56
80
115
24
88
102
66
88
83 103
147 263
146 256
54 202
185 278
135 231
28 31
101 177
43 84
48 226
181 182
52 54
109 131
6 146
112 133
71 215
269 270
225 231
168 285
127 146
14 222
6 129
42 58
126 159
102 259
36 105
140 159
88 249
43 94
147 155
270 280
123 249
54 240
160 226
91 105
13 58
120 188
71 214
230 298
41 100
146 189
30 189
57 277
31 100
124 231
8 104
131 201
105 194
31 237
54 80
113 136
8 145
53 217
51 223
16 147
37 204
93 162
119 271
122 202
124 246
132 133
87 102
15 259
4 281
35 290
84 179
200 281
5 187
162 198
46 57
13 178
92 135
6 106
64 280
188 208
94 279
72 81
139 181
135 195
249 279
14 202
254 260
207 211
16 116
9 295
29 144
87 187
202 203
110 168
91 147
204 215
137 280
54 73
51 249
1 209
275 280
255 293
162 229
46 204
213 231
93 260
109 232
11 200
68 136
173 227
130 267
195 247
249 267
19 73
251 282
72 283
27 257
239 276
232 241
37 172
130 197
58 185
85 114
69 250
205 243
224 230
125 171
92 126
163 244
129 278
113 235
14 288
141 279
126 256
16 180
23 198
82 117
12 254
203 263
159 198
83 193
23 70
7 168
3 196
26 31
19 34
22 191
32 33
1 41
69 158
234 274
91 267
16 31
46 219
257 294
170 239
41 193
9 100
61 258
93 103
36 189
164 227
197 211
259 264
170 291
33 265
52 104
56 120
84 102
91 130
60 261
122 153
131 207
5 268
141 160
113 177
50 277
13 104
116 227
218 278
63 286
90 235
43 116
252 262
105 198
82 258
119 204
26 163
88 168
281 294
28 160
130 211
15 137
116 144
122 183
86 221
21 237
11 105
25 65
57 263
131 192
250 273
148 188
276 288
22 108
188 270
19 72
163 248
184 188
37 275
105 274
48 169
113 132
194 241
77 128
133 153
27 34
55 93
22 201
44 130
12 142
161 277
84 278
25 76
165 214
0 19
48 191
23 240
187 214
94 265
150 264
0 44
93 184
99 259
47 281
55 189
85 294
102 130
115 230
29 155
95 155
100 286
41 256
10 222
27 228
16 244
16 177
114 288
140 162
73 209
121 180
150 167
252 265
80 298
153 182
29 161
61 262
15 69
25 55
35 291
52 59
279 282
20 76
96 290
160 169
33 251
101 201
105 119
199 251
39 104
68 113
127 217
83 286
161 234
29 269
89 213
0 195
20 217
43 259
232 264
210 266
11 66
167 185
118 168
136 207
1 222
27 192
110 128
114 230
260 271
135 237
101 136
70 184
208 280
29 141
239 244
10 107
2 26
170 247
84 144
118 129
85 156
10 266
241 266
132 290
