200 250
108
24
51
33
31
70
85
47
110
68
37
52
50
30
75
23
71
64
23
39
49
42
119
44
36
61
99
97
108
59
69
48
115
52
61
26
102
78
105
92
78
22
24
61
84
32
64
36
76
20
107
57
94
106
81
111
47
112
88
87
51
89
115
98
22
108
104
56
118
89
29
77
43
85
118
107
49
114
75
105
114
62
94
89
101
107
32
80
99
52
48
82
21
95
60
75
84
96
112
82
117
21
91
40
38
41
80
68
36
87
105
82
30
80
103
63
67
67
23
99
99
103
61
101
79
102
56
43
78
48
57
28
101
81
48
72
102
60
20
70
28
105
85
90
117
20
33
117
68
88
96
47
72
89
80
31
71
117
106
82
97
43
90
31
56
70
83
39
111
35
41
71
72
58
41
70
59
106
119
59
74
47
86
78
116
47
89
20
96
75
34
73
51
104
36
87
106
51
58
97
122 123
83 118
67 144
2 184
81 135
80 189
24 154
101 124
72 83
11 171
115 127
175 185
9 21
126 197
49 129
123 140
4 11
149 158
78 161
85 165
26 194
100 197
3 122
1 86
164 194
57 74
79 194
1 52
3 128
2 4
9 142
79 166
37 153
67 183
104 150
96 101
98 130
133 196
149 172
167 171
28 113
144 193
146 174
177 197
26 199
133 188
12 93
154 199
2 173
104 134
35 77
7 153
86 149
58 93
51 64
164 177
45 170
19 109
58 117
95 149
57 82
83 150
37 47
49 101
10 36
39 105
58 71
157 199
44 160
11 16
108 193
105 127
36 116
77 185
26 46
80 103
60 164
6 107
59 153
108 116
95 166
155 167
24 106
76 136
44 150
11 99
27 190
106 116
15 193
43 62
19 123
32 117
39 75
139 145
0 135
61 182
166 168
149 190
75 178
79 177
22 178
12 188
105 157
70 125
50 113
22 187
56 189
54 180
84 193
125 171
138 193
111 153
55 107
102 134
133 185
7 111
63 100
21 172
157 194
7 98
37 60
29 49
35 93
129 181
107 181
52 126
6 45
38 104
13 92
38 198
25 150
40 157
2 129
13 159
111 124
118 184
100 148
185 194
118 135
116 123
25 176
23 43
81 134
127 147
166 173
97 150
54 68
70 190
4 184
60 181
99 115
64 196
133 199
10 135
51 133
29 51
46 61
52 147
127 179
46 52
97 143
2 165
145 198
134 187
149 168
16 194
68 142
32 67
42 75
126 154
128 158
141 155
4 159
84 89
135 139
136 188
31 91
29 106
93 188
137 163
62 109
82 105
51 138
101 126
56 132
4 60
14 112
18 154
43 71
54 162
130 191
113 151
34 57
142 174
57 102
63 164
169 198
58 100
95 191
52 156
3 170
157 164
140 187
152 195
35 150
101 138
124 148
43 110
12 98
100 161
19 129
81 127
140 188
36 179
131 135
40 86
4 57
143 196
93 97
35 183
132 146
56 111
9 127
21 179
102 122
3 198
139 181
143 161
26 127
48 167
58 113
109 123
8 66
57 105
41 112
58 92
125 155
52 67
88 116
31 38
142 182
123 193
89 121
0 36
85 115
167 180
42 143
89 103
60 147
160 172
