300 500
27
39
106
115
69
26
45
45
36
49
102
39
114
87
28
43
62
40
76
28
21
83
96
119
91
104
47
119
73
86
76
32
106
63
28
55
21
105
32
37
86
114
108
32
82
117
56
76
89
64
37
43
28
113
42
51
97
22
50
103
88
107
67
74
102
75
61
103
112
74
72
31
68
113
43
82
62
31
91
31
28
108
54
36
101
29
67
31
31
49
114
51
36
61
106
118
69
99
53
113
53
106
24
54
51
100
116
93
111
87
104
119
27
91
87
61
100
86
72
63
116
118
94
84
111
32
35
60
112
68
106
45
106
62
79
37
42
28
62
86
47
47
37
107
70
105
48
50
23
52
93
71
50
67
88
41
80
103
34
72
51
20
49
38
62
61
107
37
21
50
103
48
29
20
35
79
57
115
61
61
47
34
64
77
33
32
51
93
115
65
97
99
117
79
69
111
72
56
80
73
38
63
53
47
64
21
58
53
116
99
46
44
65
91
53
79
55
84
104
51
81
34
30
30
45
79
74
97
67
34
102
86
78
35
65
74
36
56
107
85
35
34
61
33
57
94
92
92
111
28
75
72
94
37
35
119
48
89
48
96
103
30
114
113
98
59
119
66
95
107
31
63
73
72
28
62
47
52
34
90
60
90
42
87
59
109
86
88
78
67
64
114
77
110
107
107
101
107
54
29
82 194
32 161
76 263
82 287
125 129
171 237
39 180
188 236
54 61
31 148
70 235
59 258
39 89
37 255
44 143
110 277
142 290
118 190
158 178
35 201
59 124
98 272
57 208
118 286
18 262
18 249
130 140
208 229
215 221
18 64
11 129
2 94
23 284
120 233
73 214
268 273
198 292
72 255
110 200
125 214
180 195
21 164
25 124
2 247
21 39
51 63
157 202
105 277
194 225
108 263
51 283
1 82
206 276
8 176
16 185
143 197
7 80
158 270
131 272
157 222
220 293
25 247
130 277
24 108
132 240
159 223
212 266
172 199
128 220
105 189
138 271
30 237
95 108
80 213
135 252
126 225
125 161
55 291
102 131
94 151
62 263
18 230
269 274
102 194
43 149
172 299
233 289
41 202
84 167
89 174
3 52
14 216
69 177
32 259
111 252
126 215
173 196
148 197
52 218
67 94
146 147
81 240
135 194
122 219
48 62
8 117
74 100
33 278
143 292
10 147
155 188
29 63
12 85
3 229
23 116
122 264
62 221
45 56
9 219
28 123
88 268
68 240
25 163
58 98
17 108
206 225
21 49
6 134
33 235
150 189
10 11
114 232
126 211
40 187
68 130
10 98
209 250
72 219
17 27
96 130
36 178
21 227
27 57
113 143
2 14
77 293
65 159
61 243
70 101
130 252
140 222
51 131
22 142
169 203
39 85
217 266
39 174
144 283
67 257
81 126
11 171
129 158
82 219
72 204
73 203
157 295
43 260
126 238
81 282
21 107
125 218
92 291
135 165
76 284
145 254
65 208
126 276
37 260
110 247
20 165
13 22
67 108
193 282
16 98
26 258
89 245
80 83
0 89
165 268
165 284
102 120
73 298
78 163
77 258
123 273
38 98
165 197
198 231
111 297
189 247
90 134
169 224
91 137
127 141
2 13
76 229
11 59
22 239
137 264
197 287
2 95
152 252
15 26
26 249
205 256
63 91
47 232
67 190
122 209
17 124
222 247
200 286
58 191
8 195
205 207
182 261
52 87
79 214
102 215
7 157
172 220
151 219
204 218
78 109
127 178
102 203
125 155
88 236
47 148
6 183
66 105
158 268
182 205
59 289
97 146
67 269
118 218
74 240
101 188
16 153
56 280
157 170
10 263
62 93
29 158
15 69
37 147
52 173
214 219
68 111
112 230
90 230
82 200
57 89
184 210
157 216
18 27
125 281
37 271
96 247
0 165
147 262
188 202
173 199
62 102
241 267
31 45
197 245
6 114
50 86
216 243
18 286
22 143
20 59
116 166
58 166
21 281
13 235
261 264
108 115
49 79
82 124
32 133
121 299
38 208
7 101
119 151
45 174
14 65
181 285
96 233
99 266
165 169
130 201
9 181
260 297
80 111
136 296
164 258
47 202
148 166
69 261
7 19
85 295
33 124
58 266
66 129
24 298
231 278
112 180
39 177
125 202
9 261
173 198
219 297
76 137
89 197
216 259
96 254
2 221
20 287
31 168
55 138
69 166
46 85
125 234
111 276
27 285
72 278
44 159
275 287
173 233
76 192
141 225
195 199
146 238
216 229
54 107
25 284
122 176
124 162
100 247
26 273
97 137
4 296
32 193
127 283
112 257
71 150
37 270
46 235
261 262
68 164
68 200
145 244
22 269
21 158
121 131
48 259
52 229
7 174
43 136
1 93
244 296
42 95
56 179
4 95
124 176
74 295
18 121
95 279
39 217
111 139
92 228
244 287
80 266
20 30
226 237
145 222
181 292
112 264
20 101
29 207
196 203
17 103
199 273
64 297
160 168
148 204
200 252
135 270
166 280
42 258
103 239
37 232
196 232
85 149
57 268
114 217
12 270
37 234
221 231
141 153
57 91
95 289
9 176
118 290
94 160
0 198
100 233
84 287
181 188
150 221
87 297
9 119
53 109
30 98
252 285
128 171
61 212
71 276
89 94
113 183
6 113
133 158
46 120
228 242
61 215
58 130
3 249
112 120
2 218
39 195
66 170
220 284
31 196
55 120
168 290
55 296
241 281
80 155
113 149
8 174
65 190
53 139
193 284
179 271
194 233
153 298
29 178
49 285
91 201
8 205
87 238
249 294
18 63
78 196
237 261
170 268
107 133
117 275
1 247
286 297
47 193
123 191
128 292
29 108
65 83
37 222
3 39
102 165
39 100
69 178
11 262
228 237
180 229
229 236
129 267
158 276
4 104
112 202
37 185
177 275
12 233
14 281
116 255
107 198
76 207
169 176
87 105
