250 5000
96
116
31
61
93
21
37
82
42
103
31
117
76
23
30
55
90
22
56
49
43
31
97
25
27
106
111
91
110
93
84
86
89
48
79
114
49
48
76
23
31
87
72
39
42
82
74
65
84
62
94
60
74
23
117
81
109
108
52
99
81
68
117
102
96
28
96
77
56
53
80
119
72
32
38
47
47
44
92
111
87
66
103
93
69
101
54
111
89
38
90
103
86
40
85
115
48
114
72
85
47
33
36
51
97
107
78
76
31
50
20
50
48
103
23
50
84
109
41
106
79
63
41
46
35
106
93
64
52
45
81
79
110
49
63
40
36
21
96
100
104
96
30
84
80
86
114
96
27
87
34
87
83
55
65
98
94
38
94
26
63
107
38
54
37
81
74
105
34
102
85
118
79
48
83
91
66
29
119
73
97
34
40
112
21
37
42
95
55
117
54
51
56
72
37
73
85
43
59
99
25
76
98
36
56
113
59
102
22
59
56
51
25
28
43
26
46
118
54
33
115
88
116
103
92
33
57
57
56
48
36
114
56
66
30
93
59
70
75
114
61
63
97
66
72
73
24
50
71
58
21 92
43 131
126 224
153 207
27 105
35 106
93 166
0 49
4 150
14 213
114 207
3 22
0 150
44 61
49 147
21 122
165 243
120 152
55 241
179 198
66 184
28 54
104 232
130 234
108 145
74 198
204 220
77 105
73 223
18 72
125 140
93 118
97 157
1 90
5 19
189 199
4 86
69 170
200 210
155 170
95 205
151 244
174 175
6 248
127 249
71 124
16 119
27 95
114 185
28 221
57 79
160 245
185 230
145 165
172 180
127 167
14 127
53 130
137 188
39 153
76 116
16 235
93 111
12 59
142 148
30 205
190 222
9 200
22 218
7 54
140 174
33 120
164 188
173 228
153 178
18 19
5 34
4 200
119 247
9 145
113 141
187 203
5 183
197 206
75 204
10 216
128 146
169 188
60 213
65 147
141 165
84 146
51 190
48 96
59 207
25 46
98 101
32 212
106 159
90 182
113 202
0 94
98 188
10 13
12 151
75 144
11 30
41 81
202 239
113 232
28 49
138 249
101 129
87 133
10 223
121 226
28 121
172 228
37 161
164 239
49 64
59 79
178 202
130 161
43 245
92 243
23 132
4 92
225 233
95 193
51 65
79 173
38 95
52 57
132 148
34 216
65 127
113 243
126 181
123 225
121 218
169 246
100 113
102 185
46 191
94 133
56 213
1 25
4 82
53 136
83 122
22 148
101 136
33 141
114 116
110 236
84 131
37 84
97 187
38 74
85 207
48 234
9 14
18 151
57 193
6 26
29 179
132 174
17 167
17 233
127 135
219 220
111 156
109 208
183 195
30 98
82 141
7 78
91 229
34 127
36 235
67 163
87 116
52 235
69 107
219 242
40 49
64 160
25 196
141 220
68 209
171 202
2 101
61 195
183 188
219 229
25 142
139 142
82 191
41 127
10 198
135 161
52 239
71 185
77 143
138 179
202 211
65 90
54 151
10 237
92 191
58 217
86 197
20 109
88 240
61 103
37 49
14 128
101 188
30 63
81 94
145 169
47 111
203 210
73 115
42 56
100 165
1 23
150 234
22 242
175 185
64 95
110 234
187 192
107 150
218 231
137 202
101 126
100 189
54 215
12 96
22 177
48 147
30 198
154 234
11 43
90 138
75 176
100 119
0 114
82 226
30 84
71 210
131 171
1 37
13 137
11 235
42 136
158 175
142 186
79 229
5 21
80 118
70 198
62 199
28 71
155 246
58 67
42 217
219 238
125 181
19 84
229 238
147 155
6 91
85 141
71 147
41 209
79 157
29 111
34 71
57 67
189 217
9 134
9 224
43 80
16 202
62 190
217 245
87 103
58 81
189 231
0 228
22 159
9 236
80 188
20 97
62 249
167 235
151 209
71 161
19 133
15 102
41 202
113 118
122 159
94 202
11 219
20 112
152 205
77 202
102 201
19 139
62 186
47 248
65 221
85 159
104 113
57 202
70 155
22 129
82 116
184 195
148 187
142 216
20 50
4 72
211 222
10 23
24 173
110 191
20 144
26 100
228 235
9 242
31 151
85 224
148 158
30 187
56 98
80 208
4 119
65 91
190 215
91 203
64 113
33 109
161 186
171 210
140 219
16 41
1 240
1 126
0 8
158 188
107 120
116 226
33 226
169 192
122 224
87 135
20 38
197 224
9 182
174 248
80 116
183 215
106 193
36 106
201 225
14 58
197 232
34 174
16 203
92 218
178 205
179 216
78 228
10 43
89 143
170 184
1 111
103 217
140 194
175 247
41 217
16 56
125 192
42 243
10 248
85 176
68 117
146 244
139 197
8 37
44 134
207 245
45 162
91 212
154 239
88 121
132 246
110 138
180 189
103 187
41 43
213 215
158 209
105 109
201 219
85 244
13 53
145 216
1 120
89 135
94 119
86 232
127 229
14 185
64 159
131 226
224 236
83 90
143 193
154 188
167 229
60 241
59 77
78 205
180 192
126 168
62 106
108 143
224 233
149 180
156 236
30 210
222 244
146 188
50 116
95 126
218 219
7 45
131 212
61 226
144 155
69 187
102 147
64 85
223 245
61 86
3 218
22 248
20 190
158 186
70 164
105 140
112 235
38 116
14 177
29 184
10 68
105 112
67 169
41 49
16 135
20 204
78 103
18 145
21 156
72 113
13 57
51 78
5 26
55 167
29 189
146 226
43 243
42 65
82 186
29 141
204 234
219 222
170 232
130 138
191 202
103 204
111 181
108 137
127 186
45 227
21 157
150 225
41 166
45 103
74 225
31 96
59 167
3 143
87 235
31 130
134 187
150 187
45 168
104 140
24 185
33 184
58 159
184 224
52 81
129 179
25 155
66 160
15 45
209 234
0 92
39 115
52 79
42 247
182 199
75 203
117 137
27 109
145 149
1 53
35 131
160 195
50 205
9 63
165 190
157 204
33 205
209 247
10 30
31 233
85 148
194 223
175 224
28 191
129 167
61 164
151 222
201 212
25 29
62 219
16 190
126 247
151 187
33 244
25 49
119 135
25 194
52 181
123 168
149 183
142 244
43 64
26 68
96 98
51 159
93 169
27 148
91 179
85 187
212 237
183 213
90 224
127 155
45 245
130 178
125 195
111 172
93 168
15 239
40 191
26 110
155 235
8 76
84 196
14 149
79 183
82 157
62 169
107 164
92 147
22 154
42 117
106 210
3 159
185 248
215 234
76 91
27 60
22 176
28 57
5 213
66 175
25 230
191 234
136 229
103 241
105 108
167 248
67 157
167 170
135 195
138 151
63 64
85 165
46 240
244 246
60 111
23 136
66 143
222 224
54 65
78 159
26 76
76 93
85 98
14 86
149 168
78 186
87 170
81 84
166 195
41 244
137 183
155 210
14 111
41 73
99 174
102 219
157 192
54 201
37 187
68 208
38 146
125 246
80 169
127 201
60 229
189 190
67 153
140 203
195 229
16 239
33 82
135 173
88 213
24 156
62 171
19 155
74 188
99 247
11 226
50 92
138 240
31 57
87 143
190 198
39 168
0 207
73 130
13 237
11 93
21 116
28 176
114 135
86 102
213 216
13 164
52 160
44 105
212 248
131 160
41 151
51 248
152 226
230 241
176 239
105 113
31 144
132 141
96 145
210 218
62 235
222 223
78 139
16 101
178 249
113 219
151 165
69 155
141 152
233 248
103 180
74 96
134 237
131 206
27 83
91 247
114 166
3 72
96 190
105 127
42 218
193 198
18 235
200 229
22 198
202 212
154 160
38 128
147 187
83 170
66 113
180 182
4 30
126 183
140 195
3 89
54 211
134 196
72 84
175 196
134 239
38 148
128 149
149 179
65 99
131 232
164 212
61 94
21 97
68 73
178 237
157 198
41 232
156 247
24 227
102 213
14 102
15 104
33 231
46 164
234 248
30 196
15 193
36 143
40 216
28 206
113 144
78 127
6 75
33 85
100 136
48 216
90 152
71 231
37 248
21 220
0 98
113 218
111 193
1 234
179 207
73 114
44 172
30 200
86 120
72 115
16 74
140 164
168 223
88 206
58 221
70 227
47 58
35 103
10 37
96 189
53 115
98 121
151 167
3 70
119 244
135 179
94 134
107 155
111 182
181 240
103 191
90 150
3 138
27 203
45 142
98 124
97 109
27 48
100 220
30 219
62 214
98 104
10 156
58 190
91 223
16 32
34 194
82 107
139 162
110 184
86 156
43 183
135 154
105 175
220 237
61 171
71 245
37 229
70 147
163 171
14 205
122 198
95 136
58 131
43 246
16 59
31 52
167 204
129 206
22 28
83 219
199 214
7 178
6 104
25 100
21 216
231 246
165 178
75 132
59 175
76 174
86 205
40 128
122 186
170 246
214 241
164 182
189 205
161 194
47 147
68 187
168 215
64 232
197 198
7 58
84 224
61 185
39 165
14 203
101 123
10 168
44 216
24 184
85 230
132 185
122 127
195 201
40 117
90 177
87 166
98 243
33 171
54 63
7 51
77 152
189 233
51 172
208 234
69 75
11 189
54 168
5 133
26 113
143 224
116 141
214 230
4 134
40 100
67 151
144 149
155 234
180 185
21 36
111 138
179 193
122 247
6 98
63 104
78 134
0 206
71 187
67 205
19 191
97 110
22 99
106 177
41 83
209 221
63 98
6 83
27 57
105 227
165 209
37 99
109 152
36 219
79 166
116 238
10 41
147 215
39 48
189 249
20 104
199 205
78 212
12 67
56 178
128 199
165 227
48 231
126 187
145 200
16 40
11 58
57 192
126 246
43 146
172 216
80 185
63 144
29 223
78 81
205 207
7 15
133 204
48 215
43 52
101 191
68 244
139 199
4 66
20 233
8 20
206 236
88 232
118 121
48 114
12 63
122 216
22 48
92 182
45 171
43 244
162 212
232 248
6 121
70 179
52 196
50 64
3 109
76 112
15 27
198 231
72 76
15 20
146 241
65 169
136 161
82 98
12 80
133 182
2 86
32 62
112 156
16 199
163 217
194 232
142 191
66 119
81 214
139 212
174 204
61 132
115 214
127 159
44 194
112 232
26 196
103 116
167 241
208 221
81 165
43 124
109 159
225 243
42 132
187 217
86 171
135 141
31 33
85 145
32 115
84 172
163 237
1 208
184 223
16 225
58 134
153 227
122 211
35 148
89 223
70 71
57 129
48 191
158 159
81 182
169 242
96 229
30 70
188 204
190 191
94 166
38 151
151 232
205 229
50 73
84 233
114 246
162 174
82 156
89 94
13 177
23 38
94 210
48 155
148 198
90 166
93 145
127 204
35 97
82 170
19 187
5 52
117 179
66 125
114 161
67 143
26 105
18 121
25 65
21 213
214 224
119 130
57 186
98 154
32 74
113 177
51 182
17 21
84 214
146 180
213 245
123 175
170 193
235 244
118 218
44 51
15 241
71 113
146 247
146 175
49 111
128 209
25 70
212 217
57 59
32 232
55 183
29 175
142 246
147 193
142 229
78 158
2 221
123 219
19 249
212 246
57 69
193 241
7 83
60 140
67 93
102 123
148 150
131 142
131 248
141 188
16 212
35 151
24 120
4 120
102 146
67 82
127 160
58 243
202 235
64 108
64 156
111 139
109 206
85 102
3 161
31 120
28 125
3 174
79 188
93 239
65 151
84 200
20 70
4 186
12 30
0 141
152 207
24 103
101 205
109 114
209 230
89 248
103 207
115 138
41 208
109 212
11 232
16 134
165 168
21 130
32 158
113 228
159 181
69 120
46 130
100 146
159 219
84 249
41 48
28 144
3 102
92 113
87 227
108 231
112 244
4 231
209 246
118 155
140 187
26 38
169 228
138 184
184 240
77 218
168 179
10 73
13 144
126 237
83 223
204 238
88 234
163 206
155 242
18 245
98 230
88 154
16 228
195 228
48 146
121 157
236 246
87 182
20 163
173 178
165 226
73 186
35 232
64 141
183 222
201 221
19 128
105 199
208 242
78 229
57 177
40 239
14 204
9 39
87 234
170 205
12 240
4 249
69 124
199 242
2 213
2 232
84 201
178 189
17 160
69 157
46 198
58 162
4 169
90 202
6 157
113 120
117 249
119 226
38 213
40 175
28 177
125 214
64 230
142 242
50 184
61 230
143 206
38 197
46 146
11 104
16 205
129 237
167 181
52 106
60 80
135 185
44 116
101 187
35 108
89 170
11 141
32 99
208 247
30 164
9 47
119 138
51 136
41 157
9 217
121 145
4 18
106 113
57 221
141 146
9 243
39 135
122 138
80 167
135 197
96 246
96 216
85 134
42 119
126 230
99 111
116 227
90 117
74 174
62 67
55 172
63 77
42 199
61 201
132 189
9 228
185 207
46 172
17 144
20 66
29 248
222 225
89 247
66 71
116 230
139 140
68 137
180 204
7 119
1 241
48 102
82 234
162 230
8 56
100 176
98 179
151 205
175 203
92 93
24 208
73 163
63 99
83 155
95 203
162 188
56 211
143 240
47 55
55 221
71 213
231 244
21 38
48 145
90 241
16 142
48 67
31 249
130 217
154 225
169 170
16 78
130 159
29 69
142 214
29 84
65 167
24 86
21 57
49 236
111 128
12 167
48 50
11 178
17 18
6 187
22 187
16 169
33 187
99 198
79 134
128 144
4 153
82 210
9 137
97 149
13 79
96 127
133 136
7 70
4 239
39 139
20 173
16 120
124 178
138 200
18 150
0 140
28 67
16 141
6 107
56 144
129 139
192 209
48 137
29 50
191 239
21 111
141 216
144 229
15 179
18 33
117 158
151 163
123 235
129 158
47 179
9 223
109 146
11 21
27 112
48 203
169 223
189 202
57 64
131 199
75 180
84 85
99 149
135 236
222 246
3 14
44 125
5 78
123 201
16 151
63 219
36 199
55 150
73 106
4 225
162 190
5 141
114 247
7 219
132 143
6 101
9 164
165 236
53 208
51 227
32 144
201 217
28 240
73 180
181 190
43 71
37 71
40 180
109 183
9 165
23 81
32 127
83 92
60 181
144 177
194 197
144 184
70 78
114 120
1 38
163 174
177 203
138 207
122 238
171 249
145 212
19 177
89 102
20 121
15 163
107 197
65 194
143 144
110 116
13 219
0 177
178 245
202 232
168 221
168 176
142 173
13 130
100 219
116 222
92 131
89 141
6 90
187 234
53 149
15 95
124 197
120 192
26 125
72 146
101 247
166 242
24 46
107 227
117 223
51 61
206 242
149 203
140 249
133 148
46 80
15 170
28 59
5 40
86 215
3 185
168 169
29 192
137 215
169 185
212 220
51 213
64 68
44 53
64 192
80 236
14 112
5 139
121 225
72 125
92 161
44 190
34 112
56 179
47 142
128 145
61 193
49 231
7 195
34 72
122 137
101 152
41 136
110 208
119 132
132 235
131 224
9 174
104 243
142 167
45 246
140 159
189 239
98 242
128 134
123 170
1 174
224 239
68 183
99 187
65 84
40 171
95 216
61 151
170 199
47 204
94 215
56 58
50 135
121 155
31 177
32 244
204 218
21 22
3 121
57 232
63 125
66 179
187 231
236 243
28 201
110 189
74 239
47 117
44 122
41 154
111 248
28 122
1 115
35 36
17 58
36 99
49 165
30 75
3 170
58 204
109 247
35 166
33 89
63 82
123 180
30 218
86 98
153 201
99 188
9 89
40 58
45 107
57 222
60 137
103 117
33 147
72 169
99 151
47 221
134 231
69 236
168 187
27 178
169 187
44 75
150 227
33 139
144 182
142 181
19 238
23 163
114 210
95 244
64 196
82 134
84 211
13 114
148 182
42 44
11 192
151 179
86 111
9 186
43 151
27 164
166 190
2 34
126 199
60 98
34 185
21 198
21 149
191 232
65 244
173 247
6 105
0 110
10 137
165 176
179 204
181 207
185 238
130 188
97 167
220 223
115 224
200 241
17 56
2 46
43 50
7 175
137 151
110 161
126 127
55 190
81 249
172 237
133 212
137 185
103 104
11 196
2 100
30 154
58 245
13 147
47 123
160 174
0 100
81 184
170 201
106 237
68 140
129 222
75 106
85 117
123 242
125 146
28 92
131 190
145 188
87 236
18 247
19 160
55 151
161 162
154 241
81 213
155 212
157 242
35 123
199 224
18 36
37 210
135 222
158 187
65 213
79 89
182 226
159 233
145 220
138 199
191 208
5 153
145 215
0 14
120 213
76 139
101 138
28 237
38 110
174 176
5 79
47 91
45 238
61 187
104 183
185 212
213 226
42 158
47 141
30 143
177 232
140 215
9 168
68 226
26 147
117 126
135 171
30 175
135 206
70 247
33 97
34 175
98 192
69 239
91 213
12 47
56 85
32 153
58 135
11 50
38 175
34 206
92 213
33 193
89 142
168 226
67 118
137 168
112 210
81 202
101 130
195 216
10 228
145 221
22 36
42 60
20 23
65 134
76 158
52 126
72 149
109 115
169 184
43 167
21 238
31 235
206 216
3 176
80 184
140 169
189 226
15 212
26 106
38 165
57 90
41 206
9 15
51 168
178 211
51 218
51 55
18 184
12 212
92 123
42 146
83 202
187 189
225 228
104 137
168 247
35 196
108 216
37 86
157 177
190 228
125 212
76 98
87 221
86 169
106 115
60 198
58 247
139 239
75 195
26 95
45 74
130 153
42 69
150 188
210 248
14 47
35 72
39 133
46 141
52 90
43 79
191 220
69 127
65 172
144 195
36 177
14 220
91 106
6 203
29 163
106 146
30 62
33 196
27 70
160 242
79 137
91 122
25 191
187 242
73 170
189 224
140 182
30 195
40 162
146 210
22 160
29 193
70 99
164 220
111 151
154 202
23 114
23 67
4 64
37 80
105 177
12 136
52 224
48 184
51 208
59 182
3 231
31 76
244 248
4 227
103 196
71 118
170 211
174 189
128 226
5 233
6 119
119 230
19 24
17 177
79 178
83 109
11 242
9 159
236 238
13 34
91 233
11 106
147 195
175 186
43 123
130 162
186 212
149 229
215 229
74 157
164 168
30 52
145 163
5 189
147 231
28 118
44 156
167 203
111 199
149 214
111 241
2 243
90 218
74 99
42 238
119 211
1 163
115 178
54 147
35 128
154 201
97 156
60 211
15 112
72 164
166 178
127 180
11 69
0 85
145 168
139 175
106 190
73 141
118 140
128 154
18 181
26 160
29 72
89 146
36 161
162 214
39 179
190 247
99 108
127 128
52 244
17 202
10 242
26 111
6 150
20 117
39 129
148 170
201 237
66 238
1 80
54 180
51 119
79 223
100 151
59 247
153 179
52 247
78 189
192 210
77 186
212 225
111 206
10 146
64 200
100 201
145 154
116 234
58 59
48 209
107 159
58 164
36 110
162 226
40 224
52 232
54 110
52 195
146 222
72 116
113 199
183 227
35 230
28 242
4 96
154 237
24 168
117 182
102 157
122 157
61 236
40 104
23 50
194 246
48 162
68 247
33 108
25 34
130 238
77 131
137 152
4 101
55 84
13 93
177 249
6 134
30 141
36 187
26 84
100 196
183 228
94 216
188 230
28 94
111 225
100 105
59 127
64 206
71 114
42 157
16 71
64 176
46 212
104 174
56 148
81 222
34 168
74 150
149 244
102 112
59 71
199 212
20 118
13 233
22 91
53 140
181 186
35 117
117 212
91 185
50 227
200 205
51 104
5 46
118 216
30 64
67 183
50 182
18 142
56 145
8 197
50 189
19 235
50 224
65 136
87 186
42 239
93 249
35 200
15 98
50 72
0 106
170 244
15 65
3 64
192 217
167 201
84 122
38 160
127 183
182 185
23 101
140 190
13 199
42 200
119 212
194 236
129 197
50 96
100 242
82 159
56 153
192 243
216 222
11 45
153 170
93 112
162 164
106 204
78 114
18 160
64 147
115 210
95 202
67 177
213 220
58 85
14 51
31 93
19 178
104 172
69 98
10 118
66 199
84 154
71 211
83 171
178 186
105 225
188 207
42 177
44 247
28 93
94 206
156 239
107 163
18 248
184 186
88 197
20 158
159 205
182 197
133 157
90 154
82 96
93 234
126 179
115 223
134 209
39 224
57 93
27 222
21 243
115 218
180 229
70 112
55 177
121 183
217 247
15 231
162 243
160 237
109 157
18 170
57 143
145 236
117 216
116 209
84 139
171 176
92 135
5 6
2 26
76 143
85 238
239 246
78 200
5 96
120 148
6 117
222 236
102 235
34 226
0 249
13 134
18 92
220 242
21 68
106 114
204 237
155 209
25 185
191 209
143 196
16 230
48 152
58 235
57 66
79 87
31 43
98 137
206 218
115 179
134 173
139 195
57 155
52 183
51 203
1 134
55 192
101 175
53 246
59 151
61 134
122 192
131 153
57 156
37 113
85 86
2 245
37 92
45 48
88 182
46 245
227 237
78 117
14 170
73 177
61 173
147 236
3 117
50 162
125 190
63 127
25 129
59 117
19 107
14 209
141 162
118 205
49 164
94 226
119 237
139 224
16 244
168 193
8 69
108 135
43 116
135 204
150 218
42 95
50 131
61 224
46 170
136 139
130 141
9 110
124 155
177 234
76 138
61 221
88 123
78 104
5 75
29 149
161 174
0 162
75 208
22 214
163 196
56 95
71 172
64 202
140 158
90 129
65 201
56 69
245 247
144 163
19 62
173 194
75 85
46 150
69 146
92 217
164 232
1 7
61 245
151 159
111 125
46 68
19 64
34 43
63 208
131 198
23 109
26 67
76 95
11 59
9 114
96 168
31 229
69 232
50 154
115 173
114 159
59 72
7 74
56 183
30 227
158 190
17 44
3 157
12 178
109 155
53 177
11 96
102 122
61 237
28 127
186 248
72 100
8 193
107 224
48 235
29 234
167 238
39 197
0 61
145 211
174 216
14 165
136 185
17 246
145 226
24 224
81 227
25 47
6 235
101 221
54 85
73 102
20 176
54 165
21 239
4 89
38 126
55 242
218 225
52 249
134 193
78 92
11 166
98 214
5 137
91 151
77 78
85 201
3 139
218 242
12 160
50 98
36 91
11 208
10 59
191 246
7 48
107 147
73 96
40 82
52 125
135 157
104 116
1 231
14 100
50 133
43 91
164 204
27 102
98 161
209 218
178 208
106 133
126 212
108 166
147 160
32 143
112 169
136 171
2 93
123 226
18 155
22 222
96 133
166 222
32 93
51 94
166 221
14 24
161 239
37 133
45 58
34 245
190 229
36 204
18 191
188 222
112 195
62 208
35 180
125 169
29 219
42 85
17 101
159 203
12 237
54 241
126 195
11 20
32 215
73 240
210 247
217 225
130 187
4 67
81 149
29 113
57 130
112 130
133 202
78 150
180 223
200 247
29 86
11 17
15 122
89 222
204 240
96 128
21 210
51 245
154 175
33 158
118 175
70 152
155 160
91 148
128 248
41 66
27 161
1 77
151 176
18 91
105 219
216 229
31 211
132 207
165 217
85 115
119 193
103 156
4 46
154 190
34 70
0 101
35 129
3 228
147 211
50 113
81 190
72 176
38 245
5 89
134 182
190 227
97 136
103 108
30 76
29 137
25 132
136 158
53 97
122 139
48 135
25 63
4 145
78 133
110 139
18 81
213 217
69 71
71 248
204 208
27 86
85 186
74 89
23 93
129 162
77 116
7 12
82 140
73 192
62 102
65 154
30 223
101 239
45 221
101 161
131 247
37 58
80 81
198 244
62 167
5 31
61 223
78 163
35 84
65 80
160 171
18 233
180 216
8 115
89 206
6 47
109 185
109 173
30 204
91 114
29 45
106 167
141 232
103 210
29 125
61 135
164 229
35 89
131 241
30 99
216 242
23 177
22 79
41 216
109 188
26 174
170 213
61 110
174 213
38 55
200 202
114 136
77 237
80 97
107 128
175 179
54 120
102 142
134 246
210 243
135 184
19 104
98 231
124 166
56 195
31 247
8 167
97 112
209 244
102 177
189 209
59 129
13 232
14 80
14 242
1 11
137 243
40 76
45 108
37 54
1 127
122 151
63 181
2 76
140 205
5 164
39 218
5 119
84 247
86 236
111 207
38 206
241 246
74 135
45 54
49 239
52 176
82 104
74 156
59 70
79 201
84 140
172 225
82 158
45 163
1 61
19 99
53 196
200 234
0 75
101 176
30 136
7 191
58 189
199 244
125 167
26 59
75 189
43 104
105 242
113 206
111 204
41 59
59 164
15 116
87 96
51 219
160 232
13 40
7 99
91 225
117 174
34 102
158 241
150 247
96 203
14 153
167 175
81 194
162 235
96 174
8 249
92 144
157 160
9 235
16 76
43 86
46 223
145 204
214 244
105 162
49 221
65 216
47 85
24 246
10 32
6 245
7 227
17 31
74 186
30 71
141 244
65 98
9 115
74 171
169 183
186 231
5 210
79 117
74 94
123 173
82 240
135 201
21 128
8 198
39 64
57 121
135 187
7 144
71 87
7 200
57 170
69 249
15 26
149 176
176 241
12 61
54 171
62 221
184 210
130 198
138 223
92 229
163 168
168 220
22 89
129 193
155 190
61 116
0 156
147 226
139 176
12 83
61 74
123 156
71 83
16 26
62 195
179 231
17 54
172 249
99 112
163 229
57 160
60 189
49 174
110 124
30 249
85 211
66 157
45 93
173 209
140 204
9 42
66 110
8 210
10 120
31 178
90 169
72 218
15 48
78 116
77 246
25 224
50 191
36 81
4 180
115 193
201 247
28 75
47 216
38 246
78 207
2 87
28 102
50 208
70 230
147 224
227 249
168 224
10 49
102 156
147 190
21 187
98 198
167 215
105 245
15 176
102 165
30 193
126 151
126 163
126 242
100 227
115 212
35 152
12 56
192 212
9 106
203 231
129 132
12 201
8 177
78 195
108 236
56 112
64 114
26 163
81 198
31 195
106 223
9 64
84 241
17 51
238 249
35 189
113 212
49 58
18 199
0 221
65 85
100 187
18 193
150 224
65 108
75 197
24 134
42 66
156 185
143 221
6 197
35 247
135 230
156 167
93 200
18 144
20 214
29 220
168 231
5 104
89 149
144 178
126 162
50 150
8 228
60 103
111 245
48 228
20 192
118 162
152 201
108 182
106 131
28 161
1 42
3 37
12 92
172 173
118 233
63 238
146 166
161 210
19 132
171 224
9 83
40 131
12 197
77 249
102 174
63 222
166 207
178 231
50 89
108 175
20 198
186 238
2 95
114 248
134 223
137 217
18 84
31 110
133 211
122 222
104 189
53 64
73 216
13 56
58 110
176 192
63 185
12 19
183 224
66 153
12 185
202 225
50 195
44 74
85 105
153 197
31 210
143 210
18 22
3 198
41 63
60 148
151 213
67 188
77 144
124 140
66 194
21 247
199 208
146 204
72 208
128 230
192 234
30 107
25 245
34 187
37 245
3 62
182 225
207 217
3 57
136 180
57 138
0 231
42 189
23 174
21 117
7 153
134 224
0 111
173 245
148 176
58 124
109 117
79 120
50 223
30 247
41 174
38 215
59 197
82 204
64 190
20 114
162 168
142 220
103 144
88 189
59 121
23 167
32 184
3 181
89 220
36 70
5 131
93 196
33 164
36 112
24 249
56 142
53 96
35 245
141 219
160 197
229 242
56 94
128 246
85 161
98 232
223 229
66 237
3 27
140 202
53 141
164 197
113 195
0 43
148 243
95 114
106 154
100 177
15 25
176 228
76 110
158 185
158 247
104 185
0 56
177 243
109 194
157 191
43 57
37 166
5 43
34 124
139 143
59 122
21 168
50 178
60 206
60 176
28 98
25 218
22 180
65 219
87 128
108 139
145 186
31 188
184 225
23 34
158 191
157 208
113 119
121 147
26 219
28 244
152 244
66 174
113 217
75 194
104 130
11 73
11 173
0 145
168 195
103 136
43 211
137 157
182 183
29 202
112 204
18 79
169 213
6 126
79 195
137 221
221 240
108 154
94 115
110 151
150 160
82 247
195 205
42 225
31 176
187 200
38 76
9 68
52 83
58 207
4 191
174 194
74 216
207 213
8 152
20 152
127 178
10 158
95 104
63 197
141 241
57 97
96 180
195 203
19 169
20 226
28 235
5 231
181 210
183 191
139 221
34 139
30 86
25 174
148 185
123 186
53 147
32 168
113 249
7 235
226 242
116 207
47 99
33 167
90 240
24 229
24 213
111 152
111 137
10 87
47 86
165 182
19 219
26 144
120 205
71 120
179 220
199 220
60 105
41 231
40 66
3 194
183 218
115 157
99 196
68 207
68 102
125 196
67 74
106 196
139 166
55 96
96 227
77 119
14 124
57 89
93 205
104 188
17 152
37 225
208 220
77 167
83 151
132 234
7 225
48 164
127 173
102 113
98 229
73 226
64 136
14 157
91 118
108 198
21 235
83 241
12 45
158 231
164 244
23 113
40 244
141 153
97 239
175 234
61 179
4 58
113 170
48 93
14 241
24 61
19 85
100 192
140 246
39 239
145 238
130 229
143 163
30 77
174 190
46 196
8 95
133 156
33 105
154 233
42 83
38 96
76 135
109 123
139 203
104 234
29 216
149 174
103 223
97 196
100 208
93 197
32 57
195 217
145 239
119 183
56 219
80 172
47 185
8 13
35 66
163 169
109 110
77 118
29 51
18 83
37 152
128 214
17 248
55 180
103 189
50 115
181 218
85 233
195 202
71 194
124 196
153 249
169 247
91 182
39 230
3 85
210 235
2 208
2 58
43 241
13 208
83 93
140 178
67 194
11 225
15 201
60 117
104 159
36 47
177 194
129 131
90 181
116 183
118 150
93 141
161 208
100 107
42 92
35 211
113 138
6 74
64 134
21 123
11 146
90 170
152 188
119 221
189 242
155 244
57 100
70 238
59 190
32 65
22 164
30 238
151 225
121 217
138 162
101 211
34 40
72 134
132 230
180 218
91 202
158 232
47 208
65 77
23 171
97 241
9 144
207 231
123 212
137 241
66 109
89 216
50 146
3 58
68 237
31 87
111 236
28 91
188 223
61 70
31 206
114 182
15 144
7 237
100 175
186 226
81 86
25 219
61 154
129 201
12 109
199 243
70 131
86 107
95 128
11 195
43 120
198 210
29 177
148 194
49 117
55 71
178 227
129 226
86 106
55 244
64 181
38 39
2 19
49 235
131 132
96 170
158 242
56 102
151 186
7 173
204 207
183 234
83 192
77 121
52 100
139 244
98 193
10 178
59 170
90 124
140 248
116 242
54 154
80 246
161 203
34 248
117 238
190 212
116 143
59 133
143 241
138 149
161 228
125 154
79 241
133 248
145 244
65 159
49 99
9 38
51 69
0 218
116 194
77 213
28 56
118 221
48 211
61 119
189 245
18 215
88 214
69 208
8 97
21 106
148 192
0 157
101 160
123 218
179 246
2 179
79 114
86 213
106 183
21 23
129 172
209 233
50 56
71 93
162 241
70 115
25 93
23 61
0 202
32 58
24 56
19 111
104 212
24 145
63 149
28 126
78 218
35 163
2 197
117 154
143 245
97 161
71 197
106 129
93 95
125 160
149 197
55 112
48 74
98 178
53 168
88 109
82 111
35 88
7 80
177 188
2 99
25 51
6 170
117 157
33 99
27 149
34 83
11 185
157 211
210 215
74 130
48 64
37 186
118 152
45 192
41 172
98 211
108 179
130 181
208 243
51 64
132 206
113 188
14 206
104 244
7 52
97 214
51 111
93 246
136 196
54 87
47 149
31 46
29 41
26 195
58 77
127 174
78 130
196 236
27 38
23 159
131 147
71 139
64 228
214 227
125 127
8 245
123 166
204 213
31 105
21 230
47 167
108 149
196 227
4 197
107 234
129 217
107 171
135 158
163 232
105 120
62 144
4 17
23 43
25 41
199 222
36 147
26 181
105 186
212 227
7 107
17 163
76 184
95 181
12 95
7 138
36 173
61 141
67 193
135 214
67 229
70 105
149 212
95 158
86 165
112 131
17 37
112 203
152 210
103 188
96 236
53 101
39 88
8 155
10 205
180 206
8 74
207 232
122 205
68 86
86 187
40 225
127 152
0 107
88 167
120 203
141 243
159 209
113 114
19 170
200 227
51 126
60 84
117 136
55 145
96 132
29 105
160 228
119 150
109 153
2 75
39 154
54 166
114 206
102 194
83 160
102 138
20 194
48 132
5 84
62 162
164 166
171 181
23 62
40 200
80 166
105 220
98 163
186 200
19 209
61 212
9 120
10 29
166 176
62 82
96 192
3 215
17 176
224 226
146 176
82 239
126 198
88 203
112 212
60 224
93 125
107 134
50 125
40 135
77 234
90 136
144 146
162 236
174 212
138 228
4 116
176 207
56 140
117 169
12 114
242 249
120 219
5 49
111 136
83 247
226 227
212 245
169 241
26 230
16 91
60 95
88 132
52 188
221 229
55 93
149 234
92 206
221 244
130 146
106 182
29 226
51 196
142 151
211 212
196 238
40 152
131 134
42 114
200 224
43 169
14 156
163 219
145 199
218 233
46 103
12 125
63 115
71 119
46 182
52 67
42 211
2 5
10 63
78 121
50 75
53 178
53 211
83 226
141 182
111 115
39 44
199 228
17 213
27 132
161 237
32 76
99 153
79 154
76 229
129 231
9 77
62 149
39 233
73 140
103 226
16 188
147 240
96 212
80 109
20 239
123 169
19 198
102 129
186 192
9 188
106 150
23 246
224 249
99 162
98 117
65 152
11 162
4 248
133 167
81 127
6 38
35 239
63 218
102 171
12 180
40 118
63 183
157 216
65 164
134 171
15 74
51 178
49 187
173 182
59 69
106 107
142 168
83 96
185 225
152 225
85 93
163 227
143 243
46 89
23 129
96 205
17 154
10 116
124 136
73 152
115 220
7 192
192 196
35 233
31 225
125 197
27 234
127 141
82 122
145 174
202 217
139 170
115 228
159 232
188 231
97 233
39 238
179 221
63 177
49 226
33 188
105 181
13 227
14 39
77 224
13 28
45 152
23 51
119 210
5 160
191 205
31 143
3 125
89 154
28 204
39 59
52 209
75 139
193 215
153 206
147 210
80 175
180 209
2 92
87 237
33 186
11 138
61 203
15 42
184 231
66 88
32 220
133 225
90 229
126 200
187 233
75 232
189 220
14 75
8 127
69 213
80 108
130 206
28 32
14 17
3 105
28 247
8 225
93 228
62 163
32 34
29 142
161 243
212 242
1 203
155 245
241 242
115 199
22 59
91 102
106 152
165 172
49 60
192 206
117 192
6 37
211 240
7 117
87 224
64 80
72 75
158 193
107 168
59 191
2 166
145 170
60 210
92 122
48 212
64 154
18 101
12 229
19 193
95 131
95 170
105 203
113 223
24 65
16 83
128 162
4 88
36 211
25 247
54 229
172 198
147 175
20 55
2 28
8 107
56 172
73 134
6 13
164 208
57 198
92 190
21 174
123 249
45 174
100 122
2 47
102 191
62 187
84 234
168 240
5 199
102 152
19 163
67 69
109 220
145 161
130 160
27 120
94 187
86 230
27 135
79 144
230 231
15 149
73 214
6 176
116 127
89 183
59 196
42 108
28 120
52 159
32 224
172 245
125 216
57 213
38 204
39 119
35 45
3 45
173 236
39 221
148 183
181 204
154 208
85 112
59 63
161 246
212 232
39 138
27 92
73 77
50 193
14 90
39 155
77 194
112 225
44 128
116 198
28 46
10 24
110 162
151 240
81 106
63 121
49 108
23 165
179 199
128 204
67 225
103 213
41 236
103 161
24 193
131 239
49 243
63 202
144 192
170 225
107 143
127 216
42 167
17 96
145 247
166 173
27 248
86 129
142 170
114 189
18 172
169 205
157 165
162 233
5 99
59 239
116 148
25 167
42 159
26 39
66 139
149 236
165 202
19 189
158 189
65 207
172 221
76 210
177 179
190 245
50 210
136 249
25 76
167 185
0 6
17 186
205 208
144 164
34 66
135 153
95 197
23 229
182 228
29 180
165 218
32 44
190 199
42 229
165 205
60 164
17 121
117 132
20 184
150 217
154 196
184 226
9 185
41 82
81 124
92 163
48 167
180 227
64 153
21 129
1 238
70 86
93 241
85 171
93 180
122 175
203 221
116 217
73 178
123 245
130 226
69 234
46 225
2 185
0 197
116 224
123 189
25 177
3 146
69 242
45 140
97 199
5 123
85 209
74 233
36 88
141 148
0 24
88 242
211 224
4 181
37 236
80 150
47 106
72 158
206 246
19 36
11 167
104 127
7 88
142 236
18 148
10 89
50 165
80 139
71 171
144 197
202 215
96 120
213 224
17 169
29 164
16 92
39 109
29 160
15 200
156 231
205 236
40 78
138 238
24 158
41 155
93 136
85 234
106 245
16 35
179 247
43 98
123 248
53 186
110 140
103 129
229 248
139 153
20 178
64 69
14 246
100 150
39 121
26 157
156 205
155 200
130 155
35 191
54 240
52 172
58 92
193 229
8 189
163 244
196 225
63 116
67 191
24 76
6 128
13 178
150 200
106 119
140 143
158 211
56 68
155 249
41 144
118 179
90 94
158 234
35 110
136 234
112 243
108 245
142 195
8 12
51 148
7 61
64 110
15 232
30 165
31 58
174 210
14 176
54 161
24 192
8 123
78 219
73 222
77 115
48 187
152 169
68 166
51 197
126 225
10 53
91 166
66 116
41 108
39 124
10 199
190 214
64 187
131 249
20 31
71 204
90 235
108 230
57 179
95 214
125 240
26 192
128 224
8 57
88 148
144 168
111 118
108 232
135 220
187 214
182 195
92 148
175 226
174 191
67 139
164 165
43 168
44 248
6 62
14 174
59 234
35 41
5 93
28 159
45 63
45 206
155 183
96 220
109 209
15 123
114 126
44 170
112 214
27 152
80 179
64 86
66 229
7 169
70 219
116 125
77 160
86 174
47 119
41 95
168 173
93 209
64 173
159 217
52 91
138 146
156 212
17 117
136 227
38 207
16 149
73 227
11 176
3 148
44 58
232 243
54 212
129 177
79 189
30 94
38 122
92 158
56 147
69 94
70 206
132 212
47 139
50 143
54 139
197 234
38 65
117 140
35 101
182 224
175 193
66 231
90 237
46 178
57 140
178 207
72 131
56 228
106 116
68 144
33 60
38 114
149 215
175 183
41 100
107 126
184 216
196 214
13 106
63 88
24 217
195 210
163 177
12 245
36 98
0 246
191 192
56 214
150 171
111 169
71 90
54 126
141 225
62 83
56 78
154 176
115 242
128 213
171 243
7 59
79 158
31 230
165 200
15 166
5 188
46 166
123 161
37 114
65 175
18 40
58 248
105 153
101 212
21 45
184 238
3 12
52 101
111 249
124 219
123 129
12 119
45 243
78 113
187 238
43 111
133 243
131 235
193 227
91 154
5 48
144 159
106 215
81 136
94 107
94 189
4 24
154 192
12 117
87 107
1 197
88 164
17 78
57 157
210 211
68 245
20 27
108 156
54 115
120 197
78 101
164 192
103 218
49 219
50 214
159 230
69 83
137 145
5 201
127 233
193 228
135 188
1 201
71 223
239 249
116 218
17 92
39 244
199 231
166 224
18 111
61 150
67 248
83 203
33 194
129 182
80 222
35 215
8 81
80 138
106 247
150 191
124 190
105 185
159 241
22 111
20 185
67 104
49 204
83 174
118 163
241 244
126 130
177 225
77 236
110 166
101 119
68 212
10 192
132 175
39 229
3 84
207 208
160 235
68 142
157 187
4 164
58 181
147 241
110 157
82 109
29 110
72 73
53 104
107 213
137 171
122 166
160 183
42 120
68 228
49 72
105 235
67 208
1 104
148 199
23 76
32 72
35 76
65 242
58 158
93 187
69 81
214 239
115 161
155 163
18 74
135 242
187 236
189 203
152 192
120 189
11 27
103 152
144 148
20 206
59 155
49 76
115 140
82 228
58 157
35 42
97 138
76 182
15 101
52 129
57 128
53 105
164 236
136 157
184 208
17 133
83 193
67 87
239 240
43 220
54 55
107 172
6 12
20 28
156 242
185 196
47 232
80 131
102 216
2 240
119 234
233 241
11 240
11 85
20 197
31 82
206 231
112 142
138 210
66 129
64 170
157 212
188 190
74 192
65 234
77 175
39 77
97 162
45 88
31 160
89 114
154 227
114 227
106 145
167 178
85 170
106 110
36 101
102 193
20 129
34 230
79 108
113 241
91 227
80 245
56 57
54 109
16 139
186 221
133 149
36 185
81 87
37 68
170 203
88 237
150 196
13 168
9 187
17 93
106 149
176 215
192 203
27 104
129 180
65 105
73 205
26 173
11 125
115 128
33 207
243 246
86 144
0 115
41 88
41 67
23 86
67 68
25 204
197 222
114 119
77 193
0 69
47 71
11 39
70 175
20 174
69 168
33 209
47 69
114 190
12 111
181 216
136 230
95 117
16 50
117 224
63 230
90 115
39 50
70 111
70 108
30 103
132 219
19 159
31 98
20 132
8 100
112 140
14 59
8 166
76 227
107 208
8 82
45 147
79 107
34 217
137 186
8 18
95 219
116 142
94 101
65 124
234 240
94 125
9 53
72 103
30 44
211 228
140 210
71 125
67 92
57 208
28 78
167 226
47 59
214 240
13 191
84 124
8 96
227 242
40 140
133 221
0 96
170 204
14 41
79 171
140 147
153 229
90 148
103 244
80 98
91 236
223 224
8 178
49 143
193 222
36 72
71 220
28 229
15 169
142 231
46 126
126 210
63 136
86 222
61 246
117 177
120 151
90 230
86 182
102 160
13 231
143 174
41 210
63 103
23 41
1 233
168 239
149 242
75 145
114 174
6 56
6 188
36 142
53 165
30 240
16 136
97 174
52 182
144 167
71 143
164 196
130 176
186 229
181 223
117 241
86 209
21 222
47 225
75 136
17 67
187 230
19 124
162 206
120 196
109 122
102 183
140 157
29 173
90 97
5 145
183 221
150 163
158 170
114 140
86 184
60 188
70 79
180 241
121 131
35 157
5 90
6 7
3 16
29 245
130 214
109 244
108 188
38 166
32 71
7 142
108 200
9 203
150 166
7 90
96 108
116 214
112 146
94 209
143 212
162 173
112 155
59 246
53 226
3 28
13 75
23 56
189 221
48 65
170 182
114 134
229 244
57 167
14 29
64 73
127 142
130 228
170 242
58 227
15 41
35 56
114 203
70 135
21 167
161 212
78 243
7 122
186 210
70 249
5 230
78 122
21 114
135 169
124 156
57 145
53 73
86 145
118 240
164 240
100 226
28 134
107 166
152 209
89 126
3 55
76 172
78 201
3 197
5 92
89 225
106 185
82 243
100 169
169 203
6 173
50 51
55 95
24 105
79 249
24 200
61 99
40 245
96 148
34 231
154 162
41 213
120 161
12 200
160 191
210 213
215 223
20 35
41 239
4 81
199 235
81 143
97 226
111 217
8 131
75 187
195 247
111 247
52 59
74 119
155 165
0 196
4 155
129 242
56 125
153 175
101 142
15 84
3 192
0 22
223 239
89 213
118 186
11 148
135 237
208 244
51 60
42 58
24 166
50 222
149 225
85 222
139 209
74 128
38 182
118 217
156 218
231 245
41 205
6 92
203 236
64 120
159 194
24 191
12 13
97 119
8 235
56 60
90 239
58 200
60 106
42 128
84 203
45 83
37 90
7 32
203 223
66 228
30 199
117 163
60 71
49 177
13 127
73 209
85 88
114 186
190 218
199 223
49 113
4 19
66 84
85 198
34 100
65 196
23 95
36 245
204 222
109 160
168 199
128 237
33 170
58 108
23 119
123 157
42 223
127 208
23 94
40 102
137 184
8 138
99 193
88 168
28 219
6 8
141 207
15 178
0 47
38 157
23 80
83 233
6 59
138 177
69 197
131 240
206 230
140 149
160 181
89 210
87 218
89 147
191 204
46 94
69 201
26 36
4 85
42 181
92 223
65 102
58 223
60 78
109 199
141 195
1 108
6 82
95 135
121 178
171 182
58 66
31 216
68 158
95 229
39 199
75 173
64 142
92 183
133 233
167 231
139 178
53 67
102 107
50 240
40 136
135 233
108 160
1 160
76 195
93 101
175 178
8 86
197 226
0 186
87 145
77 247
36 65
54 122
76 156
21 63
130 241
3 223
152 233
76 198
3 123
90 106
53 233
156 165
6 85
15 52
156 182
130 190
16 236
79 129
92 154
56 182
3 162
55 211
39 167
54 209
159 237
75 98
27 89
37 208
70 129
203 215
56 123
35 43
122 241
95 115
113 155
12 73
61 84
48 143
13 182
3 183
148 245
58 153
22 45
39 190
151 226
16 28
23 37
67 85
62 121
69 235
63 155
44 88
179 227
26 193
1 228
102 179
11 89
14 136
16 167
90 133
8 10
179 229
181 241
22 147
66 244
25 87
30 43
51 123
83 133
89 179
167 222
205 241
97 163
42 78
116 171
75 138
68 172
7 204
99 197
37 249
22 223
50 82
113 156
139 230
133 197
35 155
169 234
99 170
36 129
21 204
74 199
80 88
155 175
7 111
17 57
49 222
99 207
71 246
133 228
79 148
118 249
138 247
18 201
164 210
78 145
4 11
77 99
84 179
38 62
141 181
10 190
31 70
38 102
48 172
33 48
33 40
46 139
23 166
20 228
82 91
11 126
55 191
3 95
89 93
185 206
131 216
26 170
74 170
92 204
123 234
21 89
40 234
166 211
4 245
110 167
32 45
123 163
113 149
83 135
27 76
51 89
30 113
88 174
6 146
46 185
130 249
64 227
36 105
22 215
54 204
112 179
79 153
155 213
33 52
58 146
185 232
179 235
47 241
57 139
186 203
41 137
92 159
7 148
214 221
34 77
8 49
12 187
15 72
73 166
101 219
55 204
31 205
38 142
93 153
119 185
62 228
26 83
13 200
60 249
21 100
11 37
172 177
212 243
29 120
162 197
75 96
18 69
34 134
147 228
118 187
97 201
47 128
41 214
87 148
159 243
17 226
188 189
60 161
88 231
143 157
54 238
28 223
172 239
121 130
8 42
6 20
151 168
195 246
172 179
14 118
127 213
187 226
123 221
111 192
127 165
151 241
23 48
43 232
64 102
130 243
