250 2000
27
62
91
36
96
34
66
82
24
44
118
26
92
51
104
38
70
44
119
114
22
82
91
29
32
69
38
40
83
103
111
42
97
34
110
73
101
56
87
105
32
37
111
105
20
47
75
70
71
74
116
25
36
88
34
100
37
53
20
52
88
112
26
65
78
117
70
59
105
89
44
70
106
35
107
106
62
62
109
113
69
105
70
37
73
85
118
42
70
70
26
90
114
85
35
73
34
37
112
119
106
37
21
92
104
108
30
47
103
119
92
52
105
43
21
110
60
119
33
62
70
39
32
64
56
99
117
70
116
62
70
102
79
23
26
63
112
36
42
47
36
115
31
73
90
32
63
82
84
76
24
34
48
88
30
84
67
80
35
115
22
37
97
33
40
55
28
84
71
51
63
39
98
74
92
68
39
88
30
103
44
86
69
24
54
31
41
53
91
56
48
45
25
77
58
97
112
67
114
63
98
57
35
76
64
59
76
83
27
38
118
104
56
67
108
90
78
29
75
102
117
103
27
74
60
66
52
104
113
46
99
43
35
114
51
79
54
59
94
113
77
92
97
113
91
38
35
50
99
90
21 92
43 131
126 224
153 207
27 105
35 106
93 166
0 49
4 150
14 213
114 207
3 22
0 150
44 61
49 147
21 122
165 243
120 152
55 241
179 198
66 184
28 54
104 232
130 234
108 145
74 198
204 220
77 105
73 223
18 72
125 140
93 118
97 157
1 90
5 19
189 199
4 86
69 170
200 210
155 170
95 205
151 244
174 175
6 248
127 249
71 124
16 119
27 95
114 185
28 221
57 79
160 245
185 230
145 165
172 180
127 167
14 127
53 130
137 188
39 153
76 116
16 235
93 111
12 59
142 148
30 205
190 222
9 200
22 218
7 54
140 174
33 120
164 188
173 228
153 178
18 19
5 34
4 200
119 247
9 145
113 141
187 203
5 183
197 206
75 204
10 216
128 146
169 188
60 213
65 147
141 165
84 146
51 190
48 96
59 207
25 46
98 101
32 212
106 159
90 182
113 202
0 94
98 188
10 13
12 151
75 144
11 30
41 81
202 239
113 232
28 49
138 249
101 129
87 133
10 223
121 226
28 121
172 228
37 161
164 239
49 64
59 79
178 202
130 161
43 245
92 243
23 132
4 92
225 233
95 193
51 65
79 173
38 95
52 57
132 148
34 216
65 127
113 243
126 181
123 225
121 218
169 246
100 113
102 185
46 191
94 133
56 213
1 25
4 82
53 136
83 122
22 148
101 136
33 141
114 116
110 236
84 131
37 84
97 187
38 74
85 207
48 234
9 14
18 151
57 193
6 26
29 179
132 174
17 167
17 233
127 135
219 220
111 156
109 208
183 195
30 98
82 141
7 78
91 229
34 127
36 235
67 163
87 116
52 235
69 107
219 242
40 49
64 160
25 196
141 220
68 209
171 202
2 101
61 195
183 188
219 229
25 142
139 142
82 191
41 127
10 198
135 161
52 239
71 185
77 143
138 179
202 211
65 90
54 151
10 237
92 191
58 217
86 197
20 109
88 240
61 103
37 49
14 128
101 188
30 63
81 94
145 169
47 111
203 210
73 115
42 56
100 165
1 23
150 234
22 242
175 185
64 95
110 234
187 192
107 150
218 231
137 202
101 126
100 189
54 215
12 96
22 177
48 147
30 198
154 234
11 43
90 138
75 176
100 119
0 114
82 226
30 84
71 210
131 171
1 37
13 137
11 235
42 136
158 175
142 186
79 229
5 21
80 118
70 198
62 199
28 71
155 246
58 67
42 217
219 238
125 181
19 84
229 238
147 155
6 91
85 141
71 147
41 209
79 157
29 111
34 71
57 67
189 217
9 134
9 224
43 80
16 202
62 190
217 245
87 103
58 81
189 231
0 228
22 159
9 236
80 188
20 97
62 249
167 235
151 209
71 161
19 133
15 102
41 202
113 118
122 159
94 202
11 219
20 112
152 205
77 202
102 201
19 139
62 186
47 248
65 221
85 159
104 113
57 202
70 155
22 129
82 116
184 195
148 187
142 216
20 50
4 72
211 222
10 23
24 173
110 191
20 144
26 100
228 235
9 242
31 151
85 224
148 158
30 187
56 98
80 208
4 119
65 91
190 215
91 203
64 113
33 109
161 186
171 210
140 219
16 41
1 240
1 126
0 8
158 188
107 120
116 226
33 226
169 192
122 224
87 135
20 38
197 224
9 182
174 248
80 116
183 215
106 193
36 106
201 225
14 58
197 232
34 174
16 203
92 218
178 205
179 216
78 228
10 43
89 143
170 184
1 111
103 217
140 194
175 247
41 217
16 56
125 192
42 243
10 248
85 176
68 117
146 244
139 197
8 37
44 134
207 245
45 162
91 212
154 239
88 121
132 246
110 138
180 189
103 187
41 43
213 215
158 209
105 109
201 219
85 244
13 53
145 216
1 120
89 135
94 119
86 232
127 229
14 185
64 159
131 226
224 236
83 90
143 193
154 188
167 229
60 241
59 77
78 205
180 192
126 168
62 106
108 143
224 233
149 180
156 236
30 210
222 244
146 188
50 116
95 126
218 219
7 45
131 212
61 226
144 155
69 187
102 147
64 85
223 245
61 86
3 218
22 248
20 190
158 186
70 164
105 140
112 235
38 116
14 177
29 184
10 68
105 112
67 169
41 49
16 135
20 204
78 103
18 145
21 156
72 113
13 57
51 78
5 26
55 167
29 189
146 226
43 243
42 65
82 186
29 141
204 234
219 222
170 232
130 138
191 202
103 204
111 181
108 137
127 186
45 227
21 157
150 225
41 166
45 103
74 225
31 96
59 167
3 143
87 235
31 130
134 187
150 187
45 168
104 140
24 185
33 184
58 159
184 224
52 81
129 179
25 155
66 160
15 45
209 234
0 92
39 115
52 79
42 247
182 199
75 203
117 137
27 109
145 149
1 53
35 131
160 195
50 205
9 63
165 190
157 204
33 205
209 247
10 30
31 233
85 148
194 223
175 224
28 191
129 167
61 164
151 222
201 212
25 29
62 219
16 190
126 247
151 187
33 244
25 49
119 135
25 194
52 181
123 168
149 183
142 244
43 64
26 68
96 98
51 159
93 169
27 148
91 179
85 187
212 237
183 213
90 224
127 155
45 245
130 178
125 195
111 172
93 168
15 239
40 191
26 110
155 235
8 76
84 196
14 149
79 183
82 157
62 169
107 164
92 147
22 154
42 117
106 210
3 159
185 248
215 234
76 91
27 60
22 176
28 57
5 213
66 175
25 230
191 234
136 229
103 241
105 108
167 248
67 157
167 170
135 195
138 151
63 64
85 165
46 240
244 246
60 111
23 136
66 143
222 224
54 65
78 159
26 76
76 93
85 98
14 86
149 168
78 186
87 170
81 84
166 195
41 244
137 183
155 210
14 111
41 73
99 174
102 219
157 192
54 201
37 187
68 208
38 146
125 246
80 169
127 201
60 229
189 190
67 153
140 203
195 229
16 239
33 82
135 173
88 213
24 156
62 171
19 155
74 188
99 247
11 226
50 92
138 240
31 57
87 143
190 198
39 168
0 207
73 130
13 237
11 93
21 116
28 176
114 135
86 102
213 216
13 164
52 160
44 105
212 248
131 160
41 151
51 248
152 226
230 241
176 239
105 113
31 144
132 141
96 145
210 218
62 235
222 223
78 139
16 101
178 249
113 219
151 165
69 155
141 152
233 248
103 180
74 96
134 237
131 206
27 83
91 247
114 166
3 72
96 190
105 127
42 218
193 198
18 235
200 229
22 198
202 212
154 160
38 128
147 187
83 170
66 113
180 182
4 30
126 183
140 195
3 89
54 211
134 196
72 84
175 196
134 239
38 148
128 149
149 179
65 99
131 232
164 212
61 94
21 97
68 73
178 237
157 198
41 232
156 247
24 227
102 213
14 102
15 104
33 231
46 164
234 248
30 196
15 193
36 143
40 216
28 206
113 144
78 127
6 75
33 85
100 136
48 216
90 152
71 231
37 248
21 220
0 98
113 218
111 193
1 234
179 207
73 114
44 172
30 200
86 120
72 115
16 74
140 164
168 223
88 206
58 221
70 227
47 58
35 103
10 37
96 189
53 115
98 121
151 167
3 70
119 244
135 179
94 134
107 155
111 182
181 240
103 191
90 150
3 138
27 203
45 142
98 124
97 109
27 48
100 220
30 219
62 214
98 104
10 156
58 190
91 223
16 32
34 194
82 107
139 162
110 184
86 156
43 183
135 154
105 175
220 237
61 171
71 245
37 229
70 147
163 171
14 205
122 198
95 136
58 131
43 246
16 59
31 52
167 204
129 206
22 28
83 219
199 214
7 178
6 104
25 100
21 216
231 246
165 178
75 132
59 175
76 174
86 205
40 128
122 186
170 246
214 241
164 182
189 205
161 194
47 147
68 187
168 215
64 232
197 198
7 58
84 224
61 185
39 165
14 203
101 123
10 168
44 216
24 184
85 230
132 185
122 127
195 201
40 117
90 177
87 166
98 243
33 171
54 63
7 51
77 152
189 233
51 172
208 234
69 75
11 189
54 168
5 133
26 113
143 224
116 141
214 230
4 134
40 100
67 151
144 149
155 234
180 185
21 36
111 138
179 193
122 247
6 98
63 104
78 134
0 206
71 187
67 205
19 191
97 110
22 99
106 177
41 83
209 221
63 98
6 83
27 57
105 227
165 209
37 99
109 152
36 219
79 166
116 238
10 41
147 215
39 48
189 249
20 104
199 205
78 212
12 67
56 178
128 199
165 227
48 231
126 187
145 200
16 40
11 58
57 192
126 246
43 146
172 216
80 185
63 144
29 223
78 81
205 207
7 15
133 204
48 215
43 52
101 191
68 244
139 199
4 66
20 233
8 20
206 236
88 232
118 121
48 114
12 63
122 216
22 48
92 182
45 171
43 244
162 212
232 248
6 121
70 179
52 196
50 64
3 109
76 112
15 27
198 231
72 76
15 20
146 241
65 169
136 161
82 98
12 80
133 182
2 86
32 62
112 156
16 199
163 217
194 232
142 191
66 119
81 214
139 212
174 204
61 132
115 214
127 159
44 194
112 232
26 196
103 116
167 241
208 221
81 165
43 124
109 159
225 243
42 132
187 217
86 171
135 141
31 33
85 145
32 115
84 172
163 237
1 208
184 223
16 225
58 134
153 227
122 211
35 148
89 223
70 71
57 129
48 191
158 159
81 182
169 242
96 229
30 70
188 204
190 191
94 166
38 151
151 232
205 229
50 73
84 233
114 246
162 174
82 156
89 94
13 177
23 38
94 210
48 155
148 198
90 166
93 145
127 204
35 97
82 170
19 187
5 52
117 179
66 125
114 161
67 143
26 105
18 121
25 65
21 213
214 224
119 130
57 186
98 154
32 74
113 177
51 182
17 21
84 214
146 180
213 245
123 175
170 193
235 244
118 218
44 51
15 241
71 113
146 247
146 175
49 111
128 209
25 70
212 217
57 59
32 232
55 183
29 175
142 246
147 193
142 229
78 158
2 221
123 219
19 249
212 246
57 69
193 241
7 83
60 140
67 93
102 123
148 150
131 142
131 248
141 188
16 212
35 151
24 120
4 120
102 146
67 82
127 160
58 243
202 235
64 108
64 156
111 139
109 206
85 102
3 161
31 120
28 125
3 174
79 188
93 239
65 151
84 200
20 70
4 186
12 30
0 141
152 207
24 103
101 205
109 114
209 230
89 248
103 207
115 138
41 208
109 212
11 232
16 134
165 168
21 130
32 158
113 228
159 181
69 120
46 130
100 146
159 219
84 249
41 48
28 144
3 102
92 113
87 227
108 231
112 244
4 231
209 246
118 155
140 187
26 38
169 228
138 184
184 240
77 218
168 179
10 73
13 144
126 237
83 223
204 238
88 234
163 206
155 242
18 245
98 230
88 154
16 228
195 228
48 146
121 157
236 246
87 182
20 163
173 178
165 226
73 186
35 232
64 141
183 222
201 221
19 128
105 199
208 242
78 229
57 177
40 239
14 204
9 39
87 234
170 205
12 240
4 249
69 124
199 242
2 213
2 232
84 201
178 189
17 160
69 157
46 198
58 162
4 169
90 202
6 157
113 120
117 249
119 226
38 213
40 175
28 177
125 214
64 230
142 242
50 184
61 230
143 206
38 197
46 146
11 104
16 205
129 237
167 181
52 106
60 80
135 185
44 116
101 187
35 108
89 170
11 141
32 99
208 247
30 164
9 47
119 138
51 136
41 157
9 217
121 145
4 18
106 113
57 221
141 146
9 243
39 135
122 138
80 167
135 197
96 246
96 216
85 134
42 119
126 230
99 111
116 227
90 117
74 174
62 67
55 172
63 77
42 199
61 201
132 189
9 228
185 207
46 172
17 144
20 66
29 248
222 225
89 247
66 71
116 230
139 140
68 137
180 204
7 119
1 241
48 102
82 234
162 230
8 56
100 176
98 179
151 205
175 203
92 93
24 208
73 163
63 99
83 155
95 203
162 188
56 211
143 240
47 55
55 221
71 213
231 244
21 38
48 145
90 241
16 142
48 67
31 249
130 217
154 225
169 170
16 78
130 159
29 69
142 214
29 84
65 167
24 86
21 57
49 236
111 128
12 167
48 50
11 178
17 18
6 187
22 187
16 169
33 187
99 198
79 134
128 144
4 153
82 210
9 137
97 149
13 79
96 127
133 136
7 70
4 239
39 139
20 173
16 120
124 178
138 200
18 150
0 140
28 67
16 141
6 107
56 144
129 139
192 209
48 137
29 50
191 239
21 111
141 216
144 229
15 179
18 33
117 158
151 163
123 235
129 158
47 179
9 223
109 146
11 21
27 112
48 203
169 223
189 202
57 64
131 199
75 180
84 85
99 149
135 236
222 246
3 14
44 125
5 78
123 201
16 151
63 219
36 199
55 150
73 106
4 225
162 190
5 141
114 247
7 219
132 143
6 101
9 164
165 236
53 208
51 227
32 144
201 217
28 240
73 180
181 190
43 71
37 71
40 180
109 183
9 165
23 81
32 127
83 92
60 181
144 177
194 197
144 184
70 78
114 120
1 38
163 174
177 203
138 207
122 238
171 249
145 212
19 177
89 102
20 121
15 163
107 197
65 194
143 144
110 116
13 219
0 177
178 245
202 232
168 221
168 176
142 173
13 130
100 219
116 222
92 131
89 141
6 90
187 234
53 149
15 95
124 197
120 192
26 125
72 146
101 247
166 242
24 46
107 227
117 223
51 61
206 242
149 203
140 249
133 148
46 80
15 170
28 59
5 40
86 215
3 185
168 169
29 192
137 215
169 185
212 220
51 213
64 68
44 53
64 192
80 236
14 112
5 139
121 225
72 125
92 161
44 190
34 112
56 179
47 142
128 145
61 193
49 231
7 195
34 72
122 137
101 152
41 136
110 208
119 132
132 235
131 224
9 174
104 243
142 167
45 246
140 159
189 239
98 242
128 134
123 170
1 174
224 239
68 183
99 187
65 84
40 171
95 216
61 151
170 199
47 204
94 215
56 58
50 135
121 155
31 177
32 244
204 218
21 22
3 121
57 232
63 125
66 179
187 231
236 243
28 201
110 189
74 239
47 117
44 122
41 154
111 248
28 122
1 115
35 36
17 58
36 99
49 165
30 75
3 170
58 204
109 247
35 166
33 89
63 82
123 180
30 218
86 98
153 201
99 188
9 89
40 58
45 107
57 222
60 137
103 117
33 147
72 169
99 151
47 221
134 231
69 236
168 187
27 178
169 187
44 75
150 227
33 139
144 182
142 181
19 238
23 163
114 210
95 244
64 196
82 134
84 211
13 114
148 182
42 44
11 192
151 179
86 111
9 186
43 151
27 164
166 190
2 34
126 199
60 98
34 185
21 198
21 149
191 232
65 244
173 247
6 105
0 110
10 137
165 176
179 204
181 207
185 238
130 188
97 167
220 223
115 224
200 241
17 56
2 46
43 50
7 175
137 151
110 161
126 127
55 190
81 249
172 237
133 212
137 185
103 104
11 196
2 100
30 154
58 245
13 147
47 123
160 174
0 100
81 184
170 201
106 237
68 140
129 222
75 106
85 117
123 242
125 146
28 92
131 190
145 188
87 236
18 247
19 160
55 151
161 162
154 241
81 213
155 212
157 242
35 123
199 224
18 36
37 210
135 222
158 187
65 213
79 89
182 226
159 233
145 220
138 199
191 208
5 153
145 215
0 14
120 213
76 139
101 138
28 237
38 110
174 176
5 79
47 91
45 238
61 187
104 183
185 212
213 226
42 158
47 141
30 143
177 232
140 215
9 168
68 226
26 147
117 126
135 171
30 175
135 206
70 247
33 97
34 175
98 192
69 239
91 213
12 47
56 85
32 153
58 135
11 50
38 175
34 206
92 213
33 193
89 142
168 226
67 118
137 168
112 210
81 202
101 130
195 216
10 228
145 221
22 36
42 60
20 23
65 134
76 158
52 126
72 149
109 115
169 184
43 167
21 238
31 235
206 216
3 176
80 184
140 169
189 226
15 212
26 106
38 165
57 90
41 206
9 15
51 168
178 211
51 218
51 55
18 184
12 212
92 123
42 146
83 202
187 189
225 228
104 137
168 247
35 196
108 216
37 86
157 177
190 228
125 212
76 98
87 221
86 169
106 115
60 198
58 247
139 239
75 195
26 95
45 74
130 153
42 69
150 188
210 248
14 47
35 72
39 133
46 141
52 90
43 79
191 220
69 127
65 172
144 195
36 177
14 220
91 106
6 203
29 163
106 146
30 62
33 196
27 70
160 242
79 137
91 122
25 191
187 242
73 170
189 224
140 182
30 195
40 162
146 210
22 160
29 193
70 99
164 220
111 151
154 202
23 114
23 67
4 64
37 80
105 177
12 136
52 224
48 184
51 208
59 182
3 231
31 76
244 248
4 227
103 196
71 118
170 211
174 189
128 226
5 233
6 119
119 230
19 24
17 177
79 178
83 109
11 242
9 159
236 238
13 34
91 233
11 106
147 195
175 186
43 123
130 162
186 212
149 229
215 229
74 157
164 168
30 52
145 163
5 189
147 231
28 118
44 156
167 203
111 199
149 214
111 241
2 243
90 218
74 99
42 238
119 211
1 163
115 178
54 147
35 128
154 201
97 156
60 211
15 112
72 164
166 178
127 180
11 69
0 85
145 168
139 175
106 190
73 141
118 140
128 154
18 181
26 160
29 72
89 146
36 161
162 214
39 179
190 247
99 108
127 128
52 244
17 202
10 242
26 111
6 150
20 117
39 129
148 170
201 237
66 238
1 80
54 180
51 119
79 223
100 151
59 247
153 179
52 247
78 189
192 210
77 186
212 225
111 206
10 146
64 200
100 201
145 154
116 234
58 59
48 209
107 159
58 164
36 110
162 226
40 224
52 232
54 110
52 195
146 222
72 116
113 199
183 227
35 230
28 242
4 96
154 237
24 168
117 182
102 157
122 157
61 236
40 104
23 50
194 246
48 162
68 247
33 108
25 34
130 238
77 131
137 152
4 101
55 84
13 93
177 249
6 134
30 141
36 187
26 84
100 196
183 228
94 216
188 230
28 94
111 225
100 105
59 127
64 206
71 114
