25 200
103
23
70
79
38
69
66
63
20
24
102
105
68
95
110
94
22
64
37
109
103
84
104
100
102
8 14
2 24
4 15
15 23
9 17
8 15
19 21
8 21
6 24
4 21
3 20
4 7
5 24
10 16
1 9
2 17
2 4
17 23
19 23
1 14
6 12
5 13
8 13
8 17
9 18
9 22
10 23
2 12
2 7
0 24
10 13
11 19
6 7
12 22
17 22
5 12
13 23
3 7
9 11
8 19
9 13
12 15
13 16
1 17
3 23
3 22
10 11
6 23
3 9
17 21
10 21
0 11
20 21
15 16
18 23
15 20
12 16
2 11
1 18
17 20
6 17
17 19
0 3
13 24
5 16
5 23
1 6
21 23
10 14
18 24
5 19
7 9
4 5
2 10
0 6
9 19
0 16
3 16
5 18
9 23
9 12
4 13
2 8
0 22
0 23
2 19
16 24
1 22
3 18
2 23
8 9
1 15
0 18
3 5
4 18
3 12
7 20
2 5
7 12
3 6
11 12
8 18
7 21
3 4
6 13
1 20
12 18
16 17
7 15
14 16
17 24
4 23
19 24
10 24
8 12
0 12
11 20
11 24
2 20
14 23
6 10
1 11
2 13
23 24
8 10
0 4
0 20
1 16
1 5
4 6
7 14
10 17
8 20
8 16
3 21
17 18
19 20
5 22
1 24
5 7
9 15
5 10
11 15
4 16
3 19
11 23
11 22
5 8
9 16
5 14
3 11
7 17
16 18
1 19
4 10
5 21
11 21
1 3
14 22
12 21
16 19
13 21
0 17
12 23
0 15
3 17
10 18
0 1
13 18
18 22
5 6
4 22
6 21
1 7
22 23
7 16
1 2
16 22
6 11
5 9
11 13
9 21
0 5
0 9
0 14
7 19
5 15
11 14
16 20
15 17
3 24
10 12
18 21
4 11
9 14
4 12
4 19
18 19
10 19
0 7
