20 120
20
88
85
104
85
40
22
93
118
98
83
78
97
93
43
118
58
117
85
118
2 14
1 12
3 16
2 7
5 9
11 17
0 19
8 16
1 14
8 11
10 15
18 19
9 19
15 17
3 4
10 17
2 10
10 18
1 18
15 19
4 12
17 18
6 8
2 18
9 18
0 10
8 9
1 15
4 18
9 11
0 13
13 14
8 13
12 18
12 15
5 14
0 15
1 4
4 5
1 19
3 11
2 17
5 17
3 8
1 2
6 16
5 16
3 17
0 7
11 12
5 7
4 8
0 12
3 19
6 12
12 19
0 8
11 18
8 15
5 6
1 5
11 15
2 11
11 14
2 3
9 14
3 9
9 13
4 7
3 12
14 16
9 17
6 15
13 16
8 17
7 14
6 7
0 1
14 15
2 19
2 8
0 14
13 18
7 10
5 12
2 4
5 18
1 6
9 15
10 11
12 14
6 11
8 10
9 10
7 17
10 16
16 18
1 7
3 13
13 17
5 19
1 3
1 10
10 12
0 2
14 17
4 19
3 7
6 17
1 11
2 9
4 13
3 15
0 6
5 11
15 16
16 17
5 10
3 5
0 9
