25 150
99
90
41
101
116
64
76
45
89
109
91
98
83
27
41
63
95
100
100
35
103
48
33
73
33
17 20
3 20
11 20
11 23
1 7
5 19
11 15
12 17
15 19
1 17
12 14
8 22
14 16
12 15
8 18
2 3
0 13
8 24
19 22
1 23
14 20
6 12
14 17
10 13
1 3
2 18
10 18
11 21
14 24
22 23
1 20
1 18
19 20
8 17
4 9
17 23
1 16
5 18
5 21
20 24
9 22
2 17
6 9
0 1
7 23
8 23
11 17
13 20
9 24
1 10
17 19
12 13
0 9
3 8
4 7
7 9
5 16
6 7
0 2
15 20
6 15
11 16
5 23
6 16
3 17
2 21
0 5
3 5
13 16
9 12
0 20
2 22
11 14
14 22
4 20
4 8
17 21
15 18
12 20
17 22
0 12
3 23
1 4
14 23
7 15
2 23
7 21
7 17
0 7
10 12
5 15
2 8
5 24
14 15
4 11
18 23
6 17
16 17
9 21
18 24
0 22
7 11
3 22
5 12
12 19
17 18
22 24
4 14
6 22
5 20
2 9
5 22
15 22
4 23
7 22
19 23
3 19
13 24
4 16
21 22
3 12
0 19
0 17
23 24
3 9
0 11
2 13
3 24
0 18
1 11
13 18
10 20
3 4
7 16
8 15
3 7
7 14
5 9
12 16
13 17
1 5
18 20
13 14
4 24
0 6
7 18
4 17
9 18
3 21
5 13
