20 120
56
117
29
40
60
108
31
73
57
119
84
98
71
58
33
100
101
114
89
65
2 11
1 3
4 6
7 13
15 17
5 16
3 16
0 9
4 10
4 13
4 7
2 3
0 4
1 17
9 12
2 15
10 11
9 15
4 18
6 14
2 8
4 8
5 18
5 7
3 13
2 18
5 10
3 8
10 17
1 5
9 19
10 15
14 15
11 15
14 16
8 9
7 11
9 14
6 15
5 8
10 19
5 15
0 15
12 17
7 17
3 18
3 17
16 19
5 6
1 13
12 18
0 12
9 10
14 17
10 14
3 10
8 13
0 14
7 19
5 9
3 11
3 15
16 17
5 14
10 16
6 8
18 19
7 15
1 10
7 9
11 18
2 12
6 9
10 12
3 12
0 1
3 9
8 18
7 10
1 18
17 19
14 19
9 18
1 2
0 3
3 5
4 12
5 13
1 15
9 13
15 18
7 12
5 17
6 11
6 19
1 6
3 14
13 16
2 4
2 13
4 16
1 14
4 17
11 19
7 16
4 9
0 11
8 15
13 18
9 17
6 17
2 17
0 19
8 19
11 12
2 9
0 8
0 5
0 17
7 8
