15 100
69
66
63
20
24
102
105
68
95
110
94
22
64
37
109
3 9
7 9
10 14
0 8
2 14
3 8
10 11
4 8
6 9
4 11
5 8
4 7
5 9
0 1
1 14
2 9
8 12
8 9
11 12
7 14
1 7
6 14
8 10
3 13
3 7
4 13
12 14
3 11
0 13
2 12
7 12
5 10
1 13
4 14
7 11
2 10
9 12
8 13
1 10
8 11
1 12
2 13
0 11
5 6
0 3
1 6
2 3
4 10
5 12
10 12
1 2
3 10
0 10
1 11
5 13
3 14
9 10
0 14
0 6
9 14
1 3
8 14
1 4
1 9
2 6
2 5
11 13
5 11
3 5
3 12
2 4
0 12
6 7
9 11
3 6
7 8
0 5
0 4
3 4
1 5
7 10
6 13
0 9
6 10
11 14
12 13
0 7
0 2
2 11
6 11
4 9
4 6
10 13
5 7
6 8
4 12
2 7
2 8
9 13
13 14
