20 100
47
31
117
79
84
111
90
53
85
24
72
76
40
104
22
111
50
80
81
42
3 7
3 16
6 14
2 18
5 15
8 11
1 17
3 4
6 8
1 2
12 14
9 11
6 12
11 13
9 15
10 11
5 8
5 7
2 6
9 14
18 19
5 19
0 16
8 19
3 9
7 14
0 15
3 10
0 9
0 11
5 18
0 13
14 18
1 10
6 9
10 17
11 17
0 4
1 4
5 11
14 17
11 14
5 13
8 13
3 17
7 11
4 16
2 17
13 19
2 11
2 4
6 13
2 12
7 15
1 19
4 10
4 15
0 19
1 7
6 18
13 15
4 6
0 8
2 13
14 19
0 2
11 16
9 16
4 7
2 7
3 8
1 9
2 9
9 12
8 16
7 13
7 10
7 9
3 12
7 17
16 19
1 12
12 17
5 14
9 10
3 5
9 18
8 14
6 16
3 18
3 19
13 18
7 8
6 11
12 13
1 18
9 13
0 1
13 16
4 9
