25 80
68
29
27
66
45
118
71
32
102
26
29
110
52
83
72
20
64
118
58
83
80
21
82
95
64
17 21
6 18
1 24
3 7
2 5
6 10
16 18
0 24
0 4
13 14
7 14
3 22
0 19
11 22
22 24
18 21
2 15
16 20
4 5
9 23
4 16
8 9
20 23
4 24
2 20
5 23
18 23
0 22
15 18
7 18
15 22
1 5
19 24
11 14
4 19
10 20
0 5
5 20
1 19
6 23
2 24
21 24
16 19
10 14
3 21
4 7
5 10
15 20
5 22
2 17
2 14
3 5
12 13
3 14
1 16
10 16
11 18
9 12
17 23
0 15
9 22
4 15
8 24
13 20
14 23
3 18
5 19
4 9
9 19
3 16
8 12
0 6
4 10
13 21
10 19
13 22
15 16
9 15
1 21
15 21
