15 100
38
60
29
101
34
105
67
88
23
75
64
97
112
31
79
7 10
0 13
10 11
8 11
1 12
10 14
1 10
7 12
0 14
11 12
9 12
2 13
1 9
2 5
3 8
2 3
3 10
8 14
4 12
8 13
4 9
1 5
1 13
2 9
1 3
12 13
1 6
3 9
1 2
3 14
2 6
0 6
7 14
12 14
5 11
8 12
9 11
4 10
10 12
4 7
3 5
5 13
2 8
1 7
0 11
6 9
5 6
0 1
5 9
0 5
2 7
11 14
7 9
7 11
4 13
0 8
5 8
5 12
0 7
7 13
2 10
9 14
6 13
0 12
6 12
0 2
3 12
4 5
6 14
3 6
4 11
1 8
0 9
2 4
5 7
3 7
0 4
0 10
7 8
13 14
4 6
6 7
6 8
9 10
6 11
9 13
3 13
4 8
5 14
11 13
1 11
8 10
2 11
3 4
2 14
1 4
8 9
2 12
1 14
4 14
