15 100
60
113
71
104
43
60
25
56
72
22
74
72
91
71
50
2 4
5 8
1 13
3 11
4 7
0 12
5 7
1 7
8 9
0 10
0 14
1 3
12 13
2 10
6 11
11 12
5 13
9 13
10 11
3 10
2 11
4 13
10 12
0 1
9 10
1 14
8 11
2 5
6 10
0 5
6 8
3 8
2 3
7 8
11 13
1 6
1 10
9 11
7 13
3 4
0 9
4 14
7 10
1 5
0 8
2 13
2 12
8 13
0 11
6 13
2 7
9 12
3 14
4 6
3 9
12 14
0 2
3 6
4 8
0 7
1 4
6 9
1 2
0 13
6 14
11 14
4 12
5 12
4 11
4 10
6 12
2 6
1 9
8 14
0 4
2 8
7 9
8 12
3 7
3 12
6 7
3 5
5 6
2 14
7 12
9 14
1 11
0 3
7 11
0 6
10 14
10 13
5 9
1 12
5 11
8 10
1 8
7 14
5 10
3 13
