20 120
32
74
38
91
63
74
82
50
111
71
33
54
77
62
94
22
77
83
84
86
2 3
3 18
4 7
2 4
1 15
0 9
4 14
1 4
3 12
7 11
5 15
6 9
9 17
3 4
11 18
9 18
1 5
5 14
6 17
0 3
1 2
6 14
4 17
14 19
1 14
2 8
4 9
2 19
6 13
7 17
3 10
10 16
16 18
12 13
9 11
7 13
8 13
13 19
12 14
13 14
13 15
6 7
9 13
4 5
9 10
17 19
15 17
7 10
1 17
5 16
11 19
18 19
0 17
4 16
8 11
16 17
5 6
0 6
4 6
8 19
15 16
6 15
6 16
4 19
10 11
7 16
3 13
3 17
12 19
15 19
0 1
2 6
8 9
10 15
2 17
8 18
12 17
5 10
2 9
14 16
0 4
5 13
11 13
13 18
2 15
3 7
0 12
14 18
0 7
1 9
7 12
6 18
4 13
12 18
5 18
10 17
0 2
4 8
0 5
14 15
3 16
3 14
1 7
8 10
10 14
4 10
0 15
16 19
10 13
11 15
6 12
7 19
2 5
7 14
8 16
6 11
5 9
2 11
1 18
0 14
