15 100
46
32
105
35
51
50
84
77
87
54
39
89
91
37
70
9 13
3 7
6 13
4 9
1 12
3 12
12 14
5 12
4 6
1 11
5 9
0 8
3 5
2 8
0 9
4 14
5 14
0 3
2 13
0 4
9 12
8 12
3 13
5 13
1 7
3 9
0 1
4 8
3 8
10 12
7 10
6 7
8 13
1 8
9 14
2 4
1 3
2 11
4 12
3 14
7 11
8 14
7 8
3 11
5 6
2 3
5 11
4 10
1 5
6 12
8 9
5 8
4 11
1 4
4 7
1 2
10 13
7 14
0 7
0 5
0 6
3 6
0 12
5 7
6 10
5 10
6 8
4 13
8 11
8 10
6 11
0 11
2 9
2 10
11 13
2 5
11 14
7 13
0 13
4 5
12 13
6 14
2 14
1 13
13 14
7 12
9 11
3 10
9 10
10 14
3 4
0 2
1 6
10 11
2 6
7 9
2 7
2 12
0 10
1 10
