20 120
61
80
54
79
54
63
63
63
22
65
93
118
99
88
72
43
77
42
22
85
15 18
7 19
5 17
4 11
13 14
2 10
8 11
2 12
17 19
6 10
6 18
5 10
7 11
4 17
1 6
1 14
5 8
17 18
2 17
10 12
5 14
4 5
5 18
4 9
8 19
2 18
5 7
1 16
15 19
0 10
0 17
3 9
1 12
0 15
8 17
12 19
7 9
6 7
5 11
4 19
5 9
3 17
3 8
8 9
11 14
1 11
2 14
6 9
6 14
7 15
1 13
10 18
1 5
18 19
12 13
14 16
13 17
1 2
8 14
12 14
10 17
0 8
0 14
6 13
0 2
0 6
16 17
8 13
2 15
5 6
3 6
8 18
16 19
10 13
6 8
15 17
9 16
3 5
1 19
11 16
7 8
13 19
3 12
4 14
10 16
1 4
15 16
8 10
7 14
4 8
1 15
0 16
4 6
7 12
8 16
3 11
11 19
13 16
5 16
6 12
12 15
6 16
5 13
1 9
11 18
0 3
2 7
4 18
11 17
3 16
4 13
6 17
14 15
3 4
2 8
12 17
1 7
1 3
16 18
0 12
