25 100
89
70
25
63
50
44
45
45
91
112
46
64
83
49
98
55
33
108
34
61
99
76
46
36
100
3 8
13 22
6 21
2 4
3 10
6 10
3 6
1 2
9 18
1 23
6 7
6 9
8 12
15 21
19 20
0 6
10 18
2 21
14 22
4 6
8 17
1 9
2 9
5 11
9 15
13 24
18 19
5 22
5 20
23 24
4 15
1 10
5 16
8 13
13 20
14 21
5 23
0 16
5 14
2 7
6 24
4 8
1 6
5 19
6 12
4 5
11 13
8 20
3 17
16 22
4 12
12 18
19 21
2 22
21 24
7 8
2 12
10 15
4 9
5 12
12 23
7 21
3 13
10 17
6 14
5 8
4 13
19 22
10 20
4 24
2 14
4 10
7 11
9 16
4 20
12 19
3 18
10 16
4 22
5 15
9 24
1 5
0 5
4 18
13 18
9 10
0 7
11 18
2 23
5 17
20 22
17 24
19 23
1 7
8 22
1 14
7 16
12 22
8 10
10 14
