15 100
114
92
36
78
37
97
96
100
22
118
49
97
102
86
65
0 3
9 12
2 10
6 14
13 14
0 12
1 3
12 14
10 12
6 13
6 10
2 5
2 6
4 6
1 14
0 8
5 7
0 14
9 10
0 13
3 14
7 13
10 13
1 6
9 11
5 10
0 5
7 10
3 4
3 12
4 12
6 12
1 5
9 14
0 11
12 13
9 13
8 12
11 14
4 8
3 9
5 6
5 9
5 14
8 10
3 6
2 4
4 7
7 14
1 4
7 11
3 10
8 14
2 12
5 12
4 5
2 7
2 11
1 13
7 12
11 12
0 4
4 14
5 13
5 11
3 8
1 8
0 7
1 9
0 2
1 11
2 13
2 3
6 9
3 5
6 11
8 9
10 11
2 8
8 13
3 11
0 9
1 7
6 7
7 8
1 10
4 11
4 10
4 13
3 7
5 8
6 8
2 14
8 11
0 6
10 14
3 13
1 2
4 9
2 9
