25 100
31
116
84
119
54
37
104
106
93
115
107
59
101
66
51
111
38
27
111
83
93
46
85
101
70
5 23
5 16
13 14
0 2
22 23
4 17
8 12
6 18
11 21
7 18
0 10
12 21
1 12
16 22
8 14
14 15
3 6
8 16
3 16
2 7
3 14
16 24
9 11
5 7
1 9
4 22
1 13
3 9
4 21
1 16
4 18
7 23
12 13
5 12
14 22
16 21
4 15
7 15
0 6
7 24
10 12
14 18
18 21
15 24
0 22
9 22
12 15
4 16
7 11
2 17
17 22
15 21
12 19
8 15
1 6
12 14
5 19
11 18
20 23
3 11
2 5
1 3
14 24
1 2
3 18
5 15
22 24
17 18
3 4
6 16
15 20
12 22
1 23
13 16
2 6
4 10
9 18
9 15
4 5
0 14
7 19
2 21
2 13
23 24
1 11
4 23
9 13
13 20
5 10
11 16
4 20
7 21
1 10
5 8
9 14
1 22
10 14
19 23
2 18
0 11
