25 150
52
54
22
51
29
114
82
53
94
90
94
73
50
25
39
23
102
116
45
62
32
36
34
100
34
9 17
0 13
8 18
11 23
1 4
2 17
0 7
1 2
3 19
15 20
4 5
18 21
2 8
7 12
10 11
2 21
12 20
10 23
13 14
15 16
15 23
16 17
4 13
9 24
15 18
11 22
0 24
13 20
9 11
11 13
2 6
5 9
3 23
1 18
18 23
2 12
8 23
1 16
12 23
0 16
6 9
11 18
2 18
3 4
6 13
21 23
9 20
11 19
6 16
8 19
9 14
15 22
2 23
4 18
0 11
7 20
13 15
22 23
1 23
7 22
16 18
2 24
1 13
5 15
1 9
1 10
7 15
5 7
4 24
0 5
13 22
14 22
8 15
8 24
7 23
4 6
12 15
11 15
1 24
9 22
13 18
21 24
10 14
7 24
1 6
8 11
5 18
6 14
3 6
14 18
20 22
2 4
18 22
14 15
4 23
8 14
14 19
23 24
10 17
5 22
5 10
6 24
2 3
19 20
0 1
12 22
16 19
8 12
1 12
2 13
0 21
6 20
1 8
14 16
19 23
0 12
17 24
0 4
0 10
3 14
7 9
17 23
7 13
1 7
4 11
11 21
2 16
8 17
18 19
16 22
5 21
11 12
3 16
0 9
0 17
4 17
2 22
20 24
2 14
0 22
10 24
11 16
4 7
7 16
4 15
10 15
15 21
16 23
17 21
0 2
