25 100
107
56
28
88
77
116
74
48
76
58
46
65
88
82
38
119
62
61
77
85
61
34
87
69
83
8 14
2 24
4 15
15 23
9 17
8 15
19 21
8 21
6 24
4 21
3 20
4 7
5 24
10 16
1 9
2 17
2 4
17 23
19 23
1 14
6 12
5 13
8 13
8 17
9 18
9 22
10 23
2 12
2 7
0 24
10 13
11 19
6 7
12 22
17 22
5 12
13 23
3 7
9 11
8 19
9 13
12 15
13 16
1 17
3 23
3 22
10 11
6 23
3 9
17 21
10 21
0 11
20 21
15 16
18 23
15 20
12 16
2 11
1 18
17 20
6 17
17 19
0 3
13 24
5 16
5 23
1 6
21 23
10 14
18 24
5 19
7 9
4 5
2 10
0 6
9 19
0 16
3 16
5 18
9 23
9 12
4 13
2 8
0 22
0 23
2 19
16 24
1 22
3 18
2 23
8 9
1 15
0 18
3 5
4 18
3 12
7 20
2 5
7 12
3 6
