20 100
114
110
89
61
39
63
39
84
63
119
106
49
119
78
37
26
80
64
106
119
3 19
2 8
16 18
9 16
12 17
2 14
5 9
11 13
11 12
5 11
14 18
0 10
7 8
13 18
9 10
15 19
4 19
0 8
0 2
8 9
2 15
4 12
4 15
5 8
17 18
13 15
3 5
4 10
9 15
12 16
3 4
0 16
2 5
5 7
6 17
3 13
3 11
0 4
4 9
7 19
3 6
1 2
12 14
9 18
9 13
2 3
8 11
5 16
3 7
2 13
0 19
8 18
0 11
2 16
13 14
11 14
14 16
9 19
2 6
7 10
3 14
14 17
5 18
0 5
1 11
5 15
6 14
8 13
1 7
0 12
6 15
0 3
1 8
6 18
3 10
1 13
1 19
2 19
9 14
0 18
1 18
6 13
16 19
1 12
1 5
4 11
0 17
3 16
8 17
5 13
7 9
1 14
7 13
0 14
10 15
0 7
2 18
11 15
7 11
4 8
