25 150
88
88
61
47
115
72
80
113
91
81
76
54
97
86
80
117
53
83
84
110
71
27
74
67
73
19 23
7 18
6 23
9 14
11 12
2 23
14 22
0 7
1 4
2 18
15 16
8 14
0 20
3 7
3 8
4 5
10 24
4 19
10 18
5 22
9 18
7 20
19 22
14 20
15 18
7 13
8 15
0 19
10 15
22 24
9 16
21 23
5 8
13 14
8 10
16 17
2 8
13 18
0 9
9 17
11 19
11 13
12 22
9 13
7 24
4 11
3 18
1 17
13 15
6 7
16 24
3 17
3 5
4 12
11 23
10 22
1 19
0 13
1 3
4 21
4 24
17 24
7 16
0 24
18 23
10 23
3 4
14 17
2 15
0 15
16 21
5 18
1 7
0 11
6 24
8 18
1 2
0 17
13 22
5 6
8 20
1 22
6 18
13 21
3 21
14 23
6 9
7 19
9 24
18 20
11 18
16 20
6 8
22 23
21 22
3 6
2 9
20 22
2 5
3 13
3 14
7 22
5 15
3 15
12 14
21 24
1 24
18 22
11 20
0 5
2 13
3 23
6 20
5 11
15 19
16 19
18 19
14 19
18 24
8 24
6 17
10 19
11 24
9 22
16 18
7 23
11 15
5 9
10 20
0 21
15 17
12 16
13 23
8 22
9 12
5 16
4 23
20 23
17 18
14 18
7 8
0 16
0 4
8 11
13 24
17 20
1 15
18 21
17 22
12 18
