25 150
42
22
85
104
78
113
97
39
77
33
115
80
53
99
73
65
34
33
51
29
76
95
31
73
20
5 23
2 24
12 20
1 9
23 24
10 15
7 8
7 21
7 14
0 7
21 23
0 6
2 10
2 21
1 24
6 24
6 8
0 3
2 22
12 22
0 14
9 10
10 18
19 24
3 19
3 22
0 22
5 13
16 18
6 21
5 24
5 10
7 9
6 23
0 12
20 23
7 12
7 19
9 22
1 6
0 4
4 15
9 24
8 15
8 21
4 18
2 13
11 14
3 9
4 13
1 14
8 22
19 23
4 11
15 21
10 14
10 24
16 22
5 8
11 13
0 18
3 24
9 13
12 14
1 18
4 17
7 15
11 24
8 12
14 24
9 21
2 23
4 5
7 18
2 7
20 21
16 23
0 17
18 21
10 22
3 7
12 17
1 19
8 18
0 5
15 22
11 20
11 23
5 15
8 23
3 20
20 24
0 16
8 11
6 22
13 17
16 21
18 19
8 13
2 14
5 19
5 6
14 17
5 16
1 23
7 11
16 24
18 23
19 21
13 20
10 17
1 17
1 16
2 17
15 16
4 24
2 6
4 16
0 19
13 14
1 13
15 23
1 2
15 24
3 11
14 18
11 22
3 6
18 24
17 21
12 18
5 11
4 19
4 12
15 18
8 9
0 15
1 7
7 20
11 18
4 6
2 16
8 14
1 11
1 20
7 16
9 18
2 18
4 23
7 23
