20 100
69
89
114
90
109
65
40
32
43
67
24
84
51
85
76
117
65
100
97
54
7 15
5 8
0 16
1 18
16 17
4 5
5 6
7 17
10 14
17 19
2 18
16 19
10 12
3 18
2 3
0 13
3 9
4 12
1 8
10 19
1 6
12 16
0 7
3 6
2 8
8 13
8 19
1 2
0 18
0 1
18 19
9 18
1 17
6 13
6 10
7 14
7 12
4 11
15 16
15 17
7 16
8 15
4 19
9 17
2 13
0 19
5 7
3 13
9 12
7 19
1 5
2 16
5 17
5 13
5 16
14 16
6 8
1 7
3 17
10 16
7 13
9 15
6 15
0 5
2 12
4 6
1 3
4 15
0 4
3 5
3 15
10 13
0 2
2 17
3 10
9 16
3 19
6 11
12 17
7 18
2 7
5 14
2 10
6 16
11 18
8 14
2 4
3 11
6 18
7 8
8 16
0 6
1 19
0 12
8 17
3 12
2 19
13 17
0 9
6 9
