25 80
52
90
38
83
66
94
58
113
109
55
52
94
96
101
29
42
56
103
100
113
59
26
73
26
113
9 17
0 13
8 18
11 23
1 4
2 17
0 7
1 2
3 19
15 20
4 5
18 21
2 8
7 12
10 11
2 21
12 20
10 23
13 14
15 16
15 23
16 17
4 13
9 24
15 18
11 22
0 24
13 20
9 11
11 13
2 6
5 9
3 23
1 18
18 23
2 12
8 23
1 16
12 23
0 16
6 9
11 18
2 18
3 4
6 13
21 23
9 20
11 19
6 16
8 19
9 14
15 22
2 23
4 18
0 11
7 20
13 15
22 23
1 23
7 22
16 18
2 24
1 13
5 15
1 9
1 10
7 15
5 7
4 24
0 5
13 22
14 22
8 15
8 24
7 23
4 6
12 15
11 15
1 24
9 22
