25 100
58
24
33
112
58
118
45
70
77
60
22
49
33
79
44
31
38
104
68
20
105
114
55
38
43
22 23
8 18
17 19
2 9
6 10
5 14
4 24
1 24
8 22
11 21
2 15
0 10
9 21
1 22
15 23
4 11
8 24
3 11
10 15
1 19
0 22
3 22
1 11
14 19
7 24
4 19
1 2
2 3
4 9
4 17
3 16
12 17
0 8
1 4
5 21
21 23
21 24
13 17
3 18
19 24
21 22
13 18
4 12
2 24
9 23
2 4
3 10
7 11
18 24
1 8
2 14
14 20
9 20
7 20
7 8
1 12
10 24
5 11
14 21
7 10
16 19
8 11
2 18
5 16
2 11
10 21
1 5
6 14
3 7
8 9
16 20
17 24
1 6
0 11
11 15
2 16
6 15
12 18
19 23
7 17
0 14
16 18
15 24
0 3
12 13
5 7
0 20
0 13
12 22
4 5
9 18
0 21
8 10
7 19
7 23
10 12
10 18
4 6
6 7
6 20
