25 150
59
42
57
84
117
107
22
115
72
72
46
35
69
46
25
76
83
111
67
52
87
110
42
29
37
7 19
7 11
1 13
7 12
0 4
12 21
5 14
11 13
4 11
6 23
10 20
8 9
12 18
10 19
2 15
15 17
8 18
1 3
9 10
22 24
7 23
8 11
18 24
5 15
4 8
15 21
14 18
2 19
9 23
8 20
14 23
18 23
17 23
5 22
0 10
0 14
5 20
14 21
0 24
2 22
2 7
2 5
0 19
8 13
1 8
1 7
1 6
10 16
18 22
5 7
6 22
7 22
18 20
0 22
8 24
7 15
12 16
3 20
13 21
5 12
5 13
2 10
0 1
0 11
5 16
2 6
1 19
12 13
5 18
19 24
8 14
2 16
9 17
14 24
2 3
14 16
7 9
2 11
1 15
21 23
22 23
2 18
17 19
21 22
6 15
19 22
12 23
8 17
3 8
17 18
10 22
4 13
10 12
3 4
16 23
14 22
6 20
9 19
3 23
13 18
15 18
0 13
8 23
0 6
21 24
6 9
8 10
10 11
7 14
1 11
12 15
10 23
0 9
2 17
5 21
3 11
2 21
2 14
9 15
11 18
1 20
15 22
17 22
3 19
10 14
16 17
8 19
7 17
11 21
4 22
7 20
10 18
6 7
7 21
0 18
10 15
1 9
4 20
8 15
1 12
13 20
7 8
1 16
15 20
2 23
13 23
11 22
2 13
1 4
9 11
