25 150
57
111
62
28
87
56
117
29
40
60
108
31
73
57
119
84
98
71
58
33
100
101
114
89
65
17 21
6 18
1 24
3 7
2 5
6 10
16 18
0 24
0 4
13 14
7 14
3 22
0 19
11 22
22 24
18 21
2 15
16 20
4 5
9 23
4 16
8 9
20 23
4 24
2 20
5 23
18 23
0 22
15 18
7 18
15 22
1 5
19 24
11 14
4 19
10 20
0 5
5 20
1 19
6 23
2 24
21 24
16 19
10 14
3 21
4 7
5 10
15 20
5 22
2 17
2 14
3 5
12 13
3 14
1 16
10 16
11 18
9 12
17 23
0 15
9 22
4 15
8 24
13 20
14 23
3 18
5 19
4 9
9 19
3 16
8 12
0 6
4 10
13 21
10 19
13 22
15 16
9 15
1 21
15 21
7 21
0 23
1 12
6 7
7 13
0 2
19 23
10 13
5 11
6 16
3 24
13 24
1 4
10 23
11 12
14 24
9 14
3 4
2 11
5 18
18 20
7 17
4 8
0 18
1 20
15 23
4 13
7 20
2 7
16 23
2 13
1 23
0 21
18 19
8 21
13 19
8 11
22 23
1 11
8 16
14 16
10 11
6 9
12 22
7 10
1 18
1 6
8 17
2 10
19 20
6 11
8 20
7 16
2 9
13 17
12 16
7 19
17 19
15 24
9 18
2 21
1 2
11 20
8 13
0 17
14 17
2 16
10 21
2 18
1 10
