25 200
49
59
80
50
72
80
70
88
73
51
80
33
119
107
39
22
116
94
73
89
29
77
109
106
27
5 23
5 16
13 14
0 2
22 23
4 17
8 12
6 18
11 21
7 18
0 10
12 21
1 12
16 22
8 14
14 15
3 6
8 16
3 16
2 7
3 14
16 24
9 11
5 7
1 9
4 22
1 13
3 9
4 21
1 16
4 18
7 23
12 13
5 12
14 22
16 21
4 15
7 15
0 6
7 24
10 12
14 18
18 21
15 24
0 22
9 22
12 15
4 16
7 11
2 17
17 22
15 21
12 19
8 15
1 6
12 14
5 19
11 18
20 23
3 11
2 5
1 3
14 24
1 2
3 18
5 15
22 24
17 18
3 4
6 16
15 20
12 22
1 23
13 16
2 6
4 10
9 18
9 15
4 5
0 14
7 19
2 21
2 13
23 24
1 11
4 23
9 13
13 20
5 10
11 16
4 20
7 21
1 10
5 8
9 14
1 22
10 14
19 23
2 18
0 11
9 17
6 21
6 15
0 15
2 20
8 9
0 16
8 13
7 22
19 21
8 11
4 8
6 24
13 15
15 17
4 12
1 18
3 24
7 13
20 22
3 20
6 14
19 24
14 20
4 13
10 17
21 22
5 11
2 3
8 23
5 22
14 23
17 20
19 22
10 16
6 9
12 18
1 19
8 10
11 13
16 19
3 17
2 10
13 22
6 10
10 15
16 18
21 24
14 16
13 17
0 20
15 23
11 15
11 17
15 16
18 24
18 20
8 19
11 12
9 24
6 20
6 17
9 10
8 18
3 5
3 12
18 19
0 8
10 20
2 15
12 20
3 15
13 24
5 14
3 7
1 8
5 17
10 22
7 17
0 4
7 14
5 9
16 17
4 11
9 23
2 4
11 24
1 5
10 13
0 18
9 20
8 21
17 24
20 21
4 24
0 19
8 17
1 4
4 7
6 13
