25 80
20
82
118
23
83
90
112
42
96
49
59
43
106
31
68
35
52
97
118
107
95
66
102
102
62
17 20
3 20
11 20
11 23
1 7
5 19
11 15
12 17
15 19
1 17
12 14
8 22
14 16
12 15
8 18
2 3
0 13
8 24
19 22
1 23
14 20
6 12
14 17
10 13
1 3
2 18
10 18
11 21
14 24
22 23
1 20
1 18
19 20
8 17
4 9
17 23
1 16
5 18
5 21
20 24
9 22
2 17
6 9
0 1
7 23
8 23
11 17
13 20
9 24
1 10
17 19
12 13
0 9
3 8
4 7
7 9
5 16
6 7
0 2
15 20
6 15
11 16
5 23
6 16
3 17
2 21
0 5
3 5
13 16
9 12
0 20
2 22
11 14
14 22
4 20
4 8
17 21
15 18
12 20
17 22
