25 80
85
80
40
103
46
117
95
39
88
101
58
66
110
83
41
73
109
68
79
101
102
39
94
29
40
19 23
7 18
6 23
9 14
11 12
2 23
14 22
0 7
1 4
2 18
15 16
8 14
0 20
3 7
3 8
4 5
10 24
4 19
10 18
5 22
9 18
7 20
19 22
14 20
15 18
7 13
8 15
0 19
10 15
22 24
9 16
21 23
5 8
13 14
8 10
16 17
2 8
13 18
0 9
9 17
11 19
11 13
12 22
9 13
7 24
4 11
3 18
1 17
13 15
6 7
16 24
3 17
3 5
4 12
11 23
10 22
1 19
0 13
1 3
4 21
4 24
17 24
7 16
0 24
18 23
10 23
3 4
14 17
2 15
0 15
16 21
5 18
1 7
0 11
6 24
8 18
1 2
0 17
13 22
5 6
