15 100
38
41
80
68
36
87
105
82
30
80
103
63
67
67
23
3 12
3 8
4 12
1 5
0 4
4 14
4 11
3 7
11 12
0 5
0 1
11 14
9 12
13 14
11 13
4 8
0 11
4 5
0 3
2 11
6 9
2 14
8 12
2 3
9 14
6 13
2 12
0 13
9 11
5 11
8 11
2 8
6 14
12 13
1 9
2 7
7 9
3 14
12 14
3 10
2 9
4 10
5 14
4 7
7 10
2 13
10 12
7 11
10 11
9 13
2 5
1 4
6 12
3 5
1 10
6 11
10 14
2 6
5 10
7 8
0 7
10 13
3 13
1 13
5 12
7 14
8 10
1 7
0 12
5 8
7 13
8 9
3 6
5 6
5 9
6 8
1 2
5 7
3 4
0 8
4 9
3 11
1 11
3 9
6 10
8 14
4 13
0 9
6 7
2 4
1 8
7 12
0 2
1 3
4 6
5 13
2 10
1 6
9 10
0 6
