20 120
68
37
37
30
67
41
57
85
50
81
91
51
47
98
48
44
78
118
100
92
5 13
10 11
8 14
10 12
13 17
4 17
8 18
6 8
1 6
8 12
10 15
1 12
7 16
13 14
4 15
1 3
6 13
11 13
2 17
8 19
9 11
7 10
11 17
11 19
4 6
12 14
1 13
14 18
6 19
0 10
1 16
7 8
7 15
9 17
6 16
15 19
0 2
6 15
7 19
0 12
3 4
3 6
1 17
2 4
5 9
5 17
14 16
2 6
1 19
5 11
5 8
1 11
7 14
0 4
13 16
6 17
2 14
3 10
1 8
1 18
10 13
9 14
8 17
6 12
8 13
0 15
9 12
2 3
9 16
6 11
5 10
2 16
7 12
6 18
4 7
4 16
4 10
3 19
14 15
13 15
17 18
2 13
9 13
11 16
4 18
0 18
5 15
13 18
1 7
15 18
6 7
9 19
12 16
2 7
3 8
3 9
12 15
14 19
11 18
7 11
3 13
5 6
1 10
2 5
12 13
10 17
1 9
0 14
4 8
6 14
5 18
5 19
2 9
9 18
7 17
10 16
4 14
16 18
4 19
12 18
