15 100
53
86
78
49
86
44
118
51
98
100
32
59
97
45
22
7 14
2 11
1 8
2 7
5 9
6 12
0 9
8 11
1 9
1 13
10 14
3 14
7 8
5 14
5 7
7 10
8 13
6 13
2 4
8 12
7 13
3 9
5 10
4 13
5 11
3 4
9 11
8 14
0 8
3 13
3 7
0 12
4 5
0 14
6 10
7 9
3 6
6 7
0 7
1 6
1 11
5 8
2 5
9 13
4 7
8 10
1 3
3 5
0 6
11 12
1 4
2 8
4 14
12 14
13 14
4 8
7 11
2 9
9 14
6 14
9 12
5 6
2 13
2 3
3 8
10 12
0 11
0 13
3 11
0 4
3 10
10 11
2 12
2 6
5 12
6 11
4 9
6 8
10 13
12 13
0 2
0 1
0 5
5 13
0 3
1 2
11 14
1 10
2 14
7 12
1 5
11 13
4 12
8 9
4 6
3 12
1 7
6 9
4 11
4 10
