15 100
40
55
105
103
28
31
35
83
22
110
32
90
105
75
73
8 10
6 10
3 4
5 12
12 13
4 12
7 8
3 8
6 8
6 11
2 3
5 10
2 6
7 11
2 11
4 13
0 9
1 3
6 13
8 11
2 12
3 9
4 6
2 10
1 4
7 9
3 14
11 14
0 6
2 14
8 12
2 13
9 10
1 7
9 11
0 10
0 7
1 12
5 9
11 13
1 8
9 12
7 10
7 14
5 7
4 10
2 7
1 14
1 10
2 4
0 8
1 11
11 12
4 7
10 13
3 6
3 10
4 14
6 9
13 14
1 5
10 12
6 7
3 13
1 9
5 14
12 14
1 2
4 5
3 7
3 12
8 9
1 6
8 14
5 11
4 8
8 13
3 5
6 14
2 9
10 11
0 12
9 14
5 8
10 14
0 13
2 5
0 1
0 4
0 11
2 8
4 9
7 13
9 13
3 11
0 5
7 12
6 12
0 3
4 11
