20 120
90
105
25
49
97
84
61
39
79
20
82
37
66
35
106
86
74
111
33
43
3 9
7 19
10 19
5 18
4 7
13 18
6 10
13 19
1 16
9 19
15 16
18 19
4 17
10 16
0 14
2 16
7 17
8 9
14 17
1 18
14 16
2 6
16 17
8 14
3 5
2 3
9 12
11 18
5 13
7 12
2 7
2 9
5 15
1 3
14 19
12 16
2 17
0 12
4 13
3 8
2 14
6 19
8 13
2 4
0 6
3 17
8 18
6 17
3 7
1 15
5 11
1 14
13 15
1 11
16 19
17 19
5 10
15 18
2 11
1 13
11 12
8 19
6 15
0 3
6 16
3 11
9 15
4 5
4 15
0 17
0 1
4 9
6 8
3 12
10 12
4 6
9 11
3 18
7 8
11 15
9 16
0 13
5 9
0 11
4 18
17 18
10 17
2 5
8 15
7 16
8 17
8 16
6 18
5 8
2 18
2 19
1 17
1 5
7 14
10 15
4 11
4 19
0 2
11 17
2 12
0 18
11 19
2 15
11 13
9 18
3 15
10 18
14 18
6 9
0 7
13 17
12 15
9 10
7 15
15 19
