200 750
77
90
76
39
65
84
100
54
75
25
30
110
55
71
31
26
93
65
81
62
68
26
86
47
82
37
39
94
54
48
34
63
118
90
82
115
106
62
50
114
119
112
104
55
63
115
113
89
112
74
31
60
32
49
39
94
66
58
68
52
86
34
95
37
56
57
32
94
52
114
88
103
106
73
90
102
68
83
23
61
37
86
53
49
115
73
75
62
63
75
94
82
41
22
99
77
111
63
52
43
58
72
79
96
25
49
78
26
113
81
119
82
47
52
64
43
57
119
37
53
27
63
115
48
65
94
106
57
89
90
32
27
42
91
104
100
73
62
106
118
76
105
80
55
89
76
78
79
76
47
112
83
91
107
63
88
33
49
25
102
71
90
62
94
113
46
74
118
40
112
116
48
97
29
84
118
85
94
77
93
22
69
108
93
108
52
113
21
33
71
56
85
41
50
111
86
76
117
85
48
19 23
82 168
56 98
109 189
136 162
148 177
14 72
82 125
29 151
93 152
165 191
14 58
50 120
28 107
153 158
129 130
35 99
44 179
160 168
122 180
68 109
82 195
72 144
64 95
165 168
38 157
53 133
15 183
44 125
35 90
149 172
116 184
23 96
180 183
64 113
58 85
5 22
166 167
77 183
13 43
4 151
0 84
9 167
19 86
61 163
112 122
34 38
49 57
29 86
103 193
51 142
165 188
56 107
83 85
49 91
42 128
53 80
62 79
48 98
11 148
22 160
76 194
13 125
3 51
154 196
49 154
142 199
7 166
49 50
93 98
135 173
54 103
14 117
65 102
18 65
25 40
141 171
5 18
57 126
75 125
11 174
74 106
34 92
93 108
1 127
100 192
47 88
55 106
160 165
120 183
26 97
119 175
68 181
138 146
63 190
21 153
48 189
59 81
82 119
9 174
118 120
61 161
16 83
80 136
18 106
33 193
53 178
116 126
68 199
131 173
22 72
21 81
103 105
31 153
64 73
77 102
20 34
2 197
55 78
73 138
123 136
18 114
97 128
80 182
65 165
53 187
74 89
21 194
129 174
26 193
47 80
22 34
20 100
36 155
50 127
138 180
2 198
53 131
95 187
11 61
5 64
48 94
69 90
19 41
19 43
43 164
99 186
29 199
17 158
106 160
86 144
99 147
84 104
78 132
41 91
48 193
57 193
143 147
15 136
58 118
34 155
6 53
82 172
131 157
63 100
91 196
142 149
95 185
46 125
90 117
62 166
23 138
8 33
23 122
40 169
33 76
74 87
34 199
121 191
130 173
54 173
155 170
17 116
93 114
143 162
4 109
25 143
33 85
7 128
8 50
0 41
26 126
113 128
25 50
104 107
111 175
33 145
18 149
111 163
15 58
20 74
51 167
4 115
36 43
164 196
93 164
37 172
118 142
37 168
141 168
27 95
52 60
71 193
156 161
134 177
160 166
133 197
64 163
90 151
54 107
147 153
18 185
77 112
66 103
23 80
7 108
12 118
111 168
35 130
19 169
59 185
56 82
45 71
72 113
131 149
96 167
36 137
33 113
49 88
82 131
63 139
134 142
62 151
138 197
17 144
3 107
141 154
11 177
83 139
88 90
9 15
51 184
98 170
117 148
48 58
122 182
124 139
8 42
5 186
83 180
40 174
81 86
50 181
58 120
101 133
8 100
62 145
104 161
21 67
61 77
21 43
151 161
119 159
57 155
136 165
139 140
176 179
20 109
29 31
30 114
84 190
15 146
87 119
59 106
92 120
65 184
115 135
34 178
95 134
60 92
32 70
46 151
11 172
107 192
137 155
39 107
80 122
119 137
149 193
26 37
10 69
102 185
81 145
19 192
15 63
52 85
48 156
11 83
80 190
4 35
80 111
26 112
115 185
31 130
57 64
134 167
19 69
71 117
42 150
109 165
106 114
2 154
70 85
117 150
28 121
108 137
163 184
20 169
3 78
99 143
13 66
77 184
88 100
38 101
11 142
0 156
77 158
106 147
24 196
24 49
145 186
82 84
56 149
51 179
59 103
24 122
121 151
9 51
0 110
73 146
146 156
114 150
49 53
29 110
50 86
36 126
8 170
26 137
12 117
38 115
39 62
143 188
71 198
134 194
140 198
106 159
20 44
63 83
73 114
169 199
92 150
8 88
20 118
5 156
87 196
27 171
139 194
86 177
127 128
88 178
17 33
6 102
61 165
86 89
10 79
30 86
46 102
21 70
18 27
57 129
23 100
84 115
62 95
1 175
179 189
15 23
117 149
10 29
35 70
49 114
80 87
96 135
133 166
103 108
37 145
112 169
90 148
10 37
64 152
16 32
127 165
108 149
128 184
130 177
51 162
16 147
97 101
5 66
4 11
68 195
37 180
16 174
5 179
131 190
22 174
10 139
118 124
19 60
48 148
10 111
59 164
60 65
65 125
21 136
60 89
49 69
37 58
23 37
43 166
168 169
130 188
60 112
48 80
48 125
36 180
10 97
70 95
162 172
88 136
61 100
82 177
35 150
119 125
24 114
91 144
32 83
74 144
74 96
21 176
74 156
5 105
107 120
30 147
56 91
48 185
150 173
44 173
75 197
111 119
142 146
16 103
90 199
18 91
165 173
31 127
2 132
62 88
52 70
9 60
9 161
46 86
19 159
83 187
168 194
106 110
9 92
79 135
122 160
133 153
39 80
42 116
157 165
17 56
17 27
30 141
27 76
27 186
47 62
15 125
8 31
78 101
157 192
36 153
79 141
38 118
155 174
112 139
112 120
108 139
80 138
165 166
60 103
13 74
29 83
12 107
136 157
16 172
65 100
39 165
7 30
119 178
39 102
11 40
43 177
144 157
61 103
109 178
42 90
6 13
149 197
163 165
25 73
12 138
126 178
133 178
108 160
5 62
77 103
12 59
115 173
73 82
67 93
58 173
74 122
7 37
80 88
141 170
30 148
26 142
9 31
60 199
72 158
98 126
171 193
29 39
40 188
29 80
20 92
133 190
11 91
58 100
15 195
56 194
27 194
5 51
131 152
97 149
67 102
15 131
56 58
88 139
21 131
68 82
137 173
80 147
27 73
81 162
21 189
27 75
180 192
94 158
93 161
144 171
16 101
11 189
94 155
100 163
162 195
35 47
9 22
43 69
144 150
22 142
76 181
36 154
149 194
138 199
73 100
84 106
14 89
52 178
3 141
152 166
88 151
110 153
22 112
62 154
119 176
157 195
109 145
55 101
47 100
120 194
0 52
4 42
66 182
70 94
76 199
164 188
141 150
15 27
116 181
77 187
109 186
134 171
36 84
26 131
88 172
41 51
25 55
83 91
129 189
17 113
101 128
31 182
9 195
111 198
27 142
3 50
14 184
98 174
153 172
13 29
80 125
54 102
87 137
59 66
94 147
28 161
130 156
128 189
19 83
69 107
86 121
5 13
130 171
43 143
184 197
71 146
92 134
100 152
146 151
51 64
126 133
20 115
13 39
121 198
36 60
42 66
1 166
119 148
91 118
103 115
61 88
126 174
105 178
8 78
124 130
2 73
15 45
29 117
67 85
97 150
56 144
57 115
62 63
177 181
92 154
36 194
105 114
162 168
93 199
122 169
81 147
96 172
41 193
30 77
27 109
117 127
43 124
138 174
103 106
13 71
107 147
4 7
128 174
19 166
41 79
140 160
112 188
56 181
106 134
11 167
91 113
84 189
10 134
128 192
114 199
13 157
59 165
45 136
4 124
144 177
84 166
99 115
63 178
44 82
118 154
40 185
32 42
65 142
8 76
26 107
61 104
17 162
92 180
64 161
10 122
108 109
39 189
23 124
78 83
20 141
22 118
103 134
16 151
24 45
104 179
40 50
57 140
