300 2000
114
43
29
114
119
49
77
23
27
42
87
75
83
81
111
33
106
70
84
108
50
82
112
114
39
45
81
72
47
36
88
94
111
97
40
63
27
97
66
86
71
33
41
34
94
33
47
33
35
63
21
117
77
66
111
96
91
24
48
70
92
117
96
84
46
117
79
105
46
25
71
98
90
93
64
117
106
92
30
21
87
83
118
45
29
62
21
52
66
50
55
39
99
31
55
25
80
114
111
107
71
114
37
93
87
81
90
25
105
100
78
73
116
29
98
25
71
51
110
69
33
45
40
112
56
27
70
69
73
113
108
24
107
25
98
75
38
20
32
24
53
91
29
49
52
59
106
103
90
96
104
104
73
25
48
110
32
50
111
86
43
99
42
83
56
72
90
74
73
102
78
106
25
39
87
57
78
73
40
49
102
77
85
55
82
65
97
46
96
88
112
71
119
87
34
55
39
104
62
92
87
72
30
44
92
97
82
50
51
54
31
85
111
48
20
73
94
50
100
22
70
44
73
70
111
40
57
31
24
51
55
43
104
66
68
76
43
30
58
26
116
70
91
108
98
44
113
24
74
93
26
76
70
32
78
113
52
116
24
108
99
112
84
83
58
84
91
81
46
30
40
42
80
111
30
58
87
24
63
93
49
21
50
51
33
108
45
117
56
101
58
36
93
22
99
83
86
23
97
64
167 184
188 200
118 208
273 286
176 229
42 52
0 200
76 82
127 278
115 144
195 255
29 121
58 93
27 257
10 212
96 236
177 296
137 295
35 110
223 264
163 266
115 265
41 48
79 242
109 238
193 274
147 190
0 286
174 295
213 236
61 284
113 161
2 110
145 156
80 165
28 109
98 126
143 198
137 168
158 277
251 298
51 241
37 98
25 241
84 206
68 261
127 268
78 229
138 181
46 223
84 270
68 126
211 269
131 266
158 244
209 289
40 247
98 202
129 143
175 213
50 136
70 282
15 263
148 197
101 123
71 243
122 207
118 191
143 158
2 249
154 238
101 263
30 165
159 251
60 126
73 162
15 107
30 232
70 132
224 279
255 275
47 163
97 239
33 240
149 283
3 294
257 273
4 156
108 174
215 287
40 286
1 149
134 147
32 270
18 63
246 274
38 293
135 189
232 274
76 81
9 122
136 283
80 293
6 39
6 153
139 293
47 195
193 246
29 277
47 268
40 214
73 79
14 208
192 266
94 289
274 298
110 217
33 49
72 155
55 60
49 131
178 252
145 244
25 176
122 145
72 162
111 198
19 241
208 212
201 212
2 238
200 271
48 233
20 256
58 76
16 189
177 268
119 173
165 295
250 287
74 192
4 150
143 272
75 185
39 103
86 158
38 277
78 129
24 202
34 82
102 278
23 207
123 142
132 288
82 137
82 276
156 178
86 129
21 161
66 177
201 204
35 230
216 243
8 267
94 118
101 148
124 249
72 107
239 266
60 155
21 36
178 237
75 266
59 288
125 289
217 242
29 252
24 172
220 233
39 43
27 144
239 276
100 286
161 286
60 194
183 249
216 290
11 49
0 256
225 226
7 242
166 229
32 149
75 99
179 240
180 272
207 240
8 227
265 279
221 225
25 222
15 160
171 190
116 198
42 171
123 165
50 52
32 134
131 202
194 209
62 233
74 270
53 174
30 205
3 19
96 182
42 225
112 116
214 280
14 137
23 138
3 125
35 242
11 196
218 272
33 91
206 217
3 132
85 271
42 89
88 271
13 190
13 54
129 279
35 196
110 117
86 172
28 287
207 298
177 225
16 270
176 210
265 285
8 256
97 102
50 190
120 293
186 256
47 137
134 165
33 34
119 244
206 231
148 165
125 281
95 252
57 193
178 180
23 241
125 187
90 289
68 211
24 282
30 97
14 161
164 247
101 161
7 66
92 266
126 225
20 143
36 78
10 77
152 215
102 251
30 94
91 98
5 74
154 174
87 156
72 220
21 34
153 233
78 81
6 171
15 204
34 78
51 207
18 96
60 100
142 172
16 194
251 292
142 166
105 298
5 77
40 122
56 99
180 193
64 186
142 186
16 131
176 235
223 272
35 253
72 178
18 177
169 194
36 269
87 126
34 93
204 208
3 185
130 264
150 235
121 194
78 292
189 220
13 112
18 245
69 148
77 196
88 90
57 299
86 126
184 212
88 231
121 168
137 143
78 298
40 193
84 251
23 140
5 36
2 252
54 152
71 251
211 230
93 229
220 269
67 205
51 184
5 45
188 219
143 218
18 183
21 163
186 267
24 161
165 222
26 28
18 150
0 31
61 125
30 229
97 296
281 287
32 47
39 267
182 272
42 237
100 117
63 136
276 286
161 260
142 239
40 212
72 89
151 212
193 249
98 233
189 273
131 289
5 170
8 30
104 245
124 221
97 188
83 110
164 271
58 95
135 262
52 270
182 259
255 260
75 188
17 58
161 190
58 219
112 118
1 217
115 177
190 212
0 65
47 282
23 142
92 286
29 63
38 289
45 297
1 125
60 233
147 194
2 4
114 118
122 171
31 289
48 274
166 253
0 274
200 298
194 292
223 284
55 74
105 264
119 266
104 230
78 176
121 180
54 246
30 44
43 93
4 296
259 278
48 159
28 294
12 203
259 269
138 286
64 257
46 252
82 114
117 222
102 214
212 239
35 156
242 251
128 298
139 299
29 99
50 57
93 254
62 70
260 265
48 81
52 218
32 127
101 134
100 201
192 255
13 163
7 228
56 114
6 165
35 248
264 298
57 92
4 214
171 269
175 272
102 145
76 281
229 263
82 130
37 63
23 76
251 252
66 136
59 142
7 283
177 247
21 58
56 62
236 280
84 163
186 252
8 80
168 237
2 43
67 107
92 142
44 235
71 93
153 163
146 265
142 160
146 270
216 254
33 204
169 234
67 238
107 127
19 27
62 64
30 183
122 221
26 157
171 218
81 280
24 246
237 280
126 140
56 207
132 292
67 260
79 213
21 57
128 206
22 48
130 243
164 258
4 36
73 223
54 207
56 284
36 52
221 244
180 214
1 47
13 173
86 166
145 275
51 159
156 208
99 126
84 90
95 263
89 120
27 70
126 143
63 247
215 284
181 191
217 244
142 280
10 146
155 280
140 174
30 258
84 100
129 190
144 168
37 40
107 233
120 128
183 234
127 201
19 220
15 63
25 279
259 261
187 232
151 243
217 251
27 98
142 248
231 243
40 228
39 160
25 109
44 236
226 264
7 8
23 101
123 132
85 100
85 143
272 295
28 242
107 246
40 140
35 107
72 148
16 111
60 125
104 188
61 114
120 121
174 273
144 298
105 296
83 249
81 107
109 296
49 242
142 269
76 135
177 207
193 224
37 70
70 258
141 184
14 124
5 298
201 287
145 296
79 197
146 279
140 288
109 136
182 271
60 186
162 230
5 52
76 199
62 93
186 260
17 107
146 185
181 218
43 115
13 189
146 252
83 287
272 292
96 175
34 243
226 287
197 292
148 278
41 120
132 241
100 227
112 201
119 247
42 46
59 287
133 284
63 67
107 172
39 269
35 282
21 55
4 261
66 291
153 186
32 146
12 71
247 272
176 246
144 222
131 288
33 272
96 264
92 137
183 204
158 238
218 265
231 260
26 270
123 223
7 264
21 35
71 268
60 248
204 266
7 222
35 256
31 51
104 175
8 240
59 150
29 247
116 259
13 86
285 288
1 261
89 119
3 149
21 119
41 53
80 140
164 297
154 243
39 184
150 162
86 161
180 202
172 193
40 209
53 233
211 280
0 88
99 143
149 270
164 254
12 245
61 146
89 109
200 215
25 130
51 164
231 291
66 164
159 176
73 161
36 264
52 141
36 293
195 237
112 263
27 243
57 141
89 218
56 283
8 170
186 221
172 230
204 291
132 146
202 271
166 293
8 187
96 219
166 180
86 195
29 278
87 223
64 223
57 206
120 228
59 214
139 149
41 106
182 187
84 238
210 284
2 218
171 221
51 67
140 153
118 246
221 234
157 258
15 285
63 106
30 243
145 217
221 258
103 251
197 241
107 187
189 225
78 96
145 163
55 199
50 146
36 173
67 131
105 194
9 147
142 263
91 180
12 287
190 290
87 115
54 232
157 194
272 296
6 211
169 205
266 271
51 139
8 171
23 254
222 276
239 263
64 107
104 171
61 171
94 287
78 148
93 94
141 288
119 294
40 52
18 199
3 12
20 210
226 233
254 274
155 289
193 271
96 116
229 274
7 129
52 152
92 223
94 294
46 86
38 135
65 147
41 275
219 267
193 260
167 221
166 234
83 190
18 34
103 263
44 110
92 96
14 67
8 241
27 162
49 107
65 224
158 196
167 251
177 211
60 150
130 294
16 20
77 102
90 180
65 134
42 209
109 283
224 277
117 191
3 276
121 240
151 279
55 157
62 167
7 244
76 213
265 291
55 178
223 296
18 190
173 205
127 182
149 296
125 152
65 273
225 273
60 214
191 227
136 273
49 141
153 184
208 280
159 276
150 229
75 233
108 116
157 224
129 293
111 182
107 154
116 159
229 236
73 180
47 208
16 49
148 169
128 285
129 197
32 156
90 178
39 107
84 258
196 251
130 213
62 119
179 237
226 279
52 160
68 106
151 174
0 170
43 155
128 224
104 285
75 116
74 85
200 270
36 165
99 152
141 284
15 30
67 242
68 173
10 219
47 180
142 219
88 100
119 192
75 137
264 279
53 243
49 143
75 85
60 227
97 236
18 69
112 136
232 260
62 271
152 161
123 151
56 291
175 275
112 236
2 215
76 246
125 269
44 141
202 263
199 272
41 51
163 270
229 230
43 96
0 253
157 205
13 175
148 151
84 188
242 263
0 92
188 269
82 269
65 232
36 89
87 184
154 182
112 250
98 136
90 155
98 112
247 274
95 125
65 177
192 232
8 232
248 284
253 254
18 82
118 238
160 174
42 205
80 208
6 114
59 157
6 226
104 183
60 153
85 169
229 252
69 289
22 178
260 295
93 233
131 253
36 160
240 295
202 296
16 216
264 294
147 274
98 128
20 259
211 265
35 249
179 252
109 247
192 202
23 233
93 207
111 203
33 160
157 243
225 267
159 231
186 271
70 78
37 66
31 142
0 143
118 253
23 228
252 267
182 185
42 90
205 278
45 64
117 202
7 84
179 218
15 150
104 145
170 272
114 234
254 287
72 258
52 192
52 235
130 146
77 108
51 122
172 221
76 231
5 255
21 150
157 254
130 218
153 177
131 296
6 140
132 255
60 91
76 143
47 206
41 124
67 145
239 298
66 74
71 171
73 81
144 238
27 63
120 256
169 216
108 139
147 175
19 240
16 207
6 214
256 275
42 130
101 128
33 167
254 256
87 238
29 83
77 109
65 198
114 119
257 274
104 294
65 214
11 282
17 280
9 236
51 199
37 79
137 256
85 145
172 194
29 175
36 249
199 227
93 153
18 110
65 67
33 214
130 277
68 110
46 77
98 297
135 181
18 76
143 213
90 215
85 90
87 119
99 178
32 286
5 244
64 142
109 122
149 252
86 217
115 185
47 213
182 228
49 259
244 298
213 224
10 34
56 154
149 286
5 135
1 18
192 213
14 117
74 267
19 160
134 236
35 45
47 280
148 263
13 239
93 215
127 279
87 225
33 126
73 90
144 262
92 206
109 261
183 221
228 292
95 217
126 193
225 252
173 268
74 164
33 219
12 79
46 57
132 151
183 225
197 222
66 69
28 77
8 113
69 208
247 277
101 282
26 172
250 298
35 190
217 270
16 48
79 251
148 262
122 176
160 297
241 264
21 227
92 93
29 162
1 59
154 161
41 85
43 181
84 123
53 78
145 178
69 224
130 269
6 187
99 144
56 85
35 115
106 208
128 187
122 129
35 298
35 39
120 268
82 204
92 213
237 258
79 91
162 221
101 280
252 297
36 134
67 123
27 240
179 251
132 201
230 236
21 168
56 188
13 104
69 280
23 218
154 160
82 132
7 285
4 62
150 237
4 138
130 273
83 277
36 62
109 292
29 272
13 80
169 218
145 198
168 238
99 168
0 75
82 233
285 295
87 274
197 277
30 222
108 113
170 199
9 201
214 225
90 227
6 8
149 203
87 259
72 179
199 238
171 232
269 281
120 218
167 244
98 274
90 206
140 289
41 128
42 50
141 267
21 25
170 201
212 228
10 52
24 251
172 233
142 293
53 237
10 203
100 264
104 109
141 289
145 192
31 164
85 105
38 189
170 275
37 251
43 222
38 174
119 262
112 159
156 264
102 166
66 168
18 29
160 222
19 67
102 104
241 284
207 225
235 279
95 282
18 272
62 77
196 244
76 103
61 233
119 163
39 151
222 229
69 203
82 140
22 238
6 242
202 231
232 262
27 137
161 245
22 97
41 276
52 271
32 196
37 68
189 195
107 176
111 228
79 245
68 101
63 235
160 166
92 265
128 154
125 171
15 269
148 291
11 96
133 203
79 98
74 186
26 237
157 167
234 287
169 258
50 170
67 87
262 268
186 273
41 93
207 293
32 269
112 180
67 280
59 66
140 217
243 298
78 165
64 100
111 152
234 255
73 281
74 296
135 234
89 141
128 173
110 293
54 143
60 172
254 278
12 252
142 273
126 169
22 207
193 289
22 29
18 103
18 60
4 203
247 292
75 145
8 218
24 120
151 233
157 196
260 263
162 236
31 103
62 105
7 103
126 134
25 290
85 196
193 201
32 238
46 160
32 232
9 265
167 180
140 228
29 217
112 295
31 57
135 218
104 116
142 261
94 157
40 279
58 64
30 157
238 276
8 263
222 273
102 274
192 254
221 242
223 238
33 255
3 47
90 216
103 108
110 254
12 89
46 123
76 205
181 280
14 295
190 288
20 216
90 212
85 222
75 271
122 153
26 243
90 134
98 200
110 141
187 290
233 247
264 265
30 129
13 71
19 33
39 109
13 298
194 235
21 159
64 206
144 233
59 286
119 157
187 260
20 229
148 253
164 176
5 271
194 284
128 213
17 219
67 75
21 233
3 144
43 261
209 239
194 268
66 225
164 178
78 198
93 226
203 270
90 174
27 37
158 208
2 228
77 127
47 60
50 151
246 257
12 166
185 258
162 186
24 64
27 155
120 262
81 218
142 224
92 222
3 261
15 130
257 283
30 93
70 296
79 81
145 242
179 297
103 183
41 180
0 120
14 35
168 293
135 232
25 144
57 157
80 239
63 173
249 266
19 145
14 226
98 256
123 147
135 227
30 228
30 159
49 246
42 45
114 277
229 259
39 54
116 134
278 289
227 249
7 95
21 298
73 148
29 249
164 295
26 176
87 93
108 194
33 205
199 236
165 235
41 158
27 204
183 228
68 177
128 162
149 150
9 231
5 99
27 95
83 240
114 243
134 199
122 149
9 288
177 244
88 105
156 179
35 42
59 284
186 203
261 264
60 117
21 264
253 257
100 143
1 152
3 266
6 189
64 66
204 250
182 224
112 259
149 224
70 179
32 87
195 256
144 217
220 232
125 229
225 237
125 142
143 278
167 197
149 261
151 286
210 217
29 33
9 221
43 178
240 265
127 136
221 272
230 256
175 193
52 208
87 186
195 284
96 106
144 245
214 248
33 106
79 244
95 174
35 122
2 192
165 171
111 282
259 287
167 227
15 39
105 287
263 299
83 297
83 107
211 213
169 207
264 292
134 167
26 51
169 223
195 243
3 55
229 262
94 156
129 185
223 287
172 223
250 256
58 272
39 235
208 271
16 195
29 224
183 276
52 107
50 251
247 254
105 176
199 217
84 98
8 85
9 85
88 283
7 265
57 146
169 242
17 137
237 242
25 218
169 224
76 223
123 233
92 151
133 236
191 270
28 296
116 279
38 297
14 54
71 170
88 294
114 283
152 218
142 190
28 175
172 293
8 281
30 63
29 144
10 60
12 59
79 113
236 263
136 249
2 89
182 285
153 203
145 190
218 295
21 40
81 142
74 206
103 112
102 174
114 164
233 262
98 193
93 208
34 94
36 45
184 279
74 87
132 264
127 285
58 234
76 220
46 139
3 34
136 149
3 162
80 196
173 260
47 105
202 268
135 152
181 209
14 291
28 173
107 193
86 165
184 226
211 218
113 229
107 159
110 178
10 21
34 58
184 215
81 204
117 268
51 56
51 117
10 128
211 214
95 228
139 192
65 122
4 224
33 235
34 54
145 245
88 129
60 221
33 230
141 190
33 68
150 293
171 173
82 212
139 140
32 229
36 206
239 271
58 271
217 293
134 255
67 98
107 184
25 297
82 117
70 232
41 243
175 197
37 83
69 204
73 106
12 227
77 285
57 294
240 243
8 93
51 277
57 100
54 192
177 270
11 176
73 120
186 255
43 111
122 180
247 299
38 227
69 264
162 257
7 64
17 115
126 284
91 268
18 238
195 268
140 249
187 268
79 148
270 283
12 282
50 218
209 229
218 226
50 81
115 183
88 200
125 230
26 250
97 268
188 288
189 292
12 128
77 276
60 144
156 299
42 269
4 258
229 250
1 230
10 165
116 150
98 117
27 195
49 295
289 292
36 283
164 179
49 256
192 193
16 191
101 110
111 212
163 166
40 148
102 164
13 32
182 253
130 280
78 231
28 122
63 221
100 159
208 227
108 120
124 153
6 63
28 286
117 153
191 210
53 107
12 67
17 139
1 21
50 79
78 253
202 226
61 141
26 121
21 186
226 293
10 108
48 232
101 136
27 253
7 11
24 186
25 126
93 127
47 143
52 207
161 273
167 278
56 274
40 47
33 242
4 273
141 205
30 104
58 109
70 117
146 296
21 243
70 239
120 135
29 172
108 242
27 202
10 216
67 263
152 252
8 236
46 193
76 113
4 223
74 185
40 233
220 283
211 255
105 127
46 187
0 207
129 254
46 286
54 265
61 269
50 206
4 278
143 295
80 299
18 118
73 158
45 251
193 258
257 298
55 86
138 237
1 92
109 165
55 226
13 79
109 276
150 252
70 271
97 220
172 280
142 173
151 182
20 223
161 259
158 273
3 228
93 274
81 164
19 243
48 147
52 217
20 56
43 119
40 178
140 158
35 212
83 146
7 238
77 220
148 223
132 249
293 297
64 83
282 292
45 112
184 199
18 153
32 280
58 120
22 242
26 207
198 221
85 88
5 147
70 217
50 205
72 198
47 155
14 39
137 179
88 136
42 115
95 158
126 269
68 268
175 291
146 212
73 283
52 221
270 288
43 245
20 115
119 195
22 210
210 211
99 141
256 299
141 158
52 267
20 127
87 170
247 286
21 135
187 269
258 294
89 209
229 255
151 257
100 279
61 63
191 202
214 242
55 210
152 262
31 74
34 213
202 282
37 199
55 169
101 276
179 186
134 190
147 167
20 285
98 179
83 122
0 297
116 263
104 269
225 230
0 260
143 254
43 294
49 291
20 212
143 150
73 277
263 292
93 223
113 228
45 166
213 277
81 129
54 182
66 207
60 189
181 250
161 214
63 253
109 159
86 156
200 284
101 130
123 215
58 220
81 88
133 210
68 169
16 285
3 135
192 247
125 194
109 160
78 172
237 269
55 80
274 280
104 209
124 155
75 214
2 257
219 261
209 287
32 122
101 224
70 295
50 231
128 207
155 176
118 236
92 283
192 268
124 248
68 162
77 251
165 212
89 296
25 298
151 158
250 280
52 198
105 211
67 232
102 281
16 55
