200 500
98
21
112
77
56
73
99
61
58
38
94
75
32
59
32
40
28
59
58
58
100
85
86
80
23
33
94
49
49
103
32
27
56
77
36
92
82
115
85
20
85
59
27
50
98
39
22
59
31
60
97
63
77
64
23
81
29
98
62
110
33
26
117
69
83
85
93
45
32
58
46
98
98
53
80
28
25
82
67
36
23
97
79
32
93
35
93
102
113
87
93
78
94
42
27
57
108
100
83
20
90
61
50
68
46
62
29
51
25
76
119
80
105
79
92
78
46
118
113
91
85
86
49
59
60
108
49
100
40
112
53
110
105
35
111
31
78
20
115
35
76
114
47
114
25
71
72
51
69
117
22
87
35
51
78
76
39
107
108
59
51
41
102
88
57
93
100
67
93
47
82
101
41
109
95
47
112
100
78
114
97
81
81
113
64
91
21
36
31
109
75
114
31
109
83
20
82
115
67
55
19 23
82 168
56 98
109 189
136 162
148 177
14 72
82 125
29 151
93 152
165 191
14 58
50 120
28 107
153 158
129 130
35 99
44 179
160 168
122 180
68 109
82 195
72 144
64 95
165 168
38 157
53 133
15 183
44 125
35 90
149 172
116 184
23 96
180 183
64 113
58 85
5 22
166 167
77 183
13 43
4 151
0 84
9 167
19 86
61 163
112 122
34 38
49 57
29 86
103 193
51 142
165 188
56 107
83 85
49 91
42 128
53 80
62 79
48 98
11 148
22 160
76 194
13 125
3 51
154 196
49 154
142 199
7 166
49 50
93 98
135 173
54 103
14 117
65 102
18 65
25 40
141 171
5 18
57 126
75 125
11 174
74 106
34 92
93 108
1 127
100 192
47 88
55 106
160 165
120 183
26 97
119 175
68 181
138 146
63 190
21 153
48 189
59 81
82 119
9 174
118 120
61 161
16 83
80 136
18 106
33 193
53 178
116 126
68 199
131 173
22 72
21 81
103 105
31 153
64 73
77 102
20 34
2 197
55 78
73 138
123 136
18 114
97 128
80 182
65 165
53 187
74 89
21 194
129 174
26 193
47 80
22 34
20 100
36 155
50 127
138 180
2 198
53 131
95 187
11 61
5 64
48 94
69 90
19 41
19 43
43 164
99 186
29 199
17 158
106 160
86 144
99 147
84 104
78 132
41 91
48 193
57 193
143 147
15 136
58 118
34 155
6 53
82 172
131 157
63 100
91 196
142 149
95 185
46 125
90 117
62 166
23 138
8 33
23 122
40 169
33 76
74 87
34 199
121 191
130 173
54 173
155 170
17 116
93 114
143 162
4 109
25 143
33 85
7 128
8 50
0 41
26 126
113 128
25 50
104 107
111 175
33 145
18 149
111 163
15 58
20 74
51 167
4 115
36 43
164 196
93 164
37 172
118 142
37 168
141 168
27 95
52 60
71 193
156 161
134 177
160 166
133 197
64 163
90 151
54 107
147 153
18 185
77 112
66 103
23 80
7 108
12 118
111 168
35 130
19 169
59 185
56 82
45 71
72 113
131 149
96 167
36 137
33 113
49 88
82 131
63 139
134 142
62 151
138 197
17 144
3 107
141 154
11 177
83 139
88 90
9 15
51 184
98 170
117 148
48 58
122 182
124 139
8 42
5 186
83 180
40 174
81 86
50 181
58 120
101 133
8 100
62 145
104 161
21 67
61 77
21 43
151 161
119 159
57 155
136 165
139 140
176 179
20 109
29 31
30 114
84 190
15 146
87 119
59 106
92 120
65 184
115 135
34 178
95 134
60 92
32 70
46 151
11 172
107 192
137 155
39 107
80 122
119 137
149 193
26 37
10 69
102 185
81 145
19 192
15 63
52 85
48 156
11 83
80 190
4 35
80 111
26 112
115 185
31 130
57 64
134 167
19 69
71 117
42 150
109 165
106 114
2 154
70 85
117 150
28 121
108 137
163 184
20 169
3 78
99 143
13 66
77 184
88 100
38 101
11 142
0 156
77 158
106 147
24 196
24 49
145 186
82 84
56 149
51 179
59 103
24 122
121 151
9 51
0 110
73 146
146 156
114 150
49 53
29 110
50 86
36 126
8 170
26 137
12 117
38 115
39 62
143 188
71 198
134 194
140 198
106 159
20 44
63 83
73 114
169 199
92 150
8 88
20 118
5 156
87 196
27 171
139 194
86 177
127 128
88 178
17 33
6 102
61 165
86 89
10 79
30 86
46 102
21 70
18 27
57 129
23 100
84 115
62 95
1 175
179 189
15 23
117 149
10 29
35 70
49 114
80 87
96 135
133 166
103 108
37 145
112 169
90 148
10 37
64 152
16 32
127 165
108 149
128 184
130 177
51 162
16 147
97 101
5 66
4 11
68 195
37 180
16 174
5 179
131 190
22 174
10 139
118 124
19 60
48 148
10 111
59 164
60 65
65 125
21 136
60 89
49 69
37 58
23 37
43 166
168 169
130 188
60 112
48 80
48 125
36 180
10 97
70 95
162 172
88 136
61 100
82 177
35 150
119 125
24 114
91 144
32 83
74 144
74 96
21 176
74 156
5 105
107 120
30 147
56 91
48 185
150 173
44 173
75 197
111 119
142 146
16 103
90 199
18 91
165 173
31 127
2 132
62 88
52 70
9 60
9 161
46 86
19 159
83 187
168 194
106 110
9 92
79 135
122 160
133 153
39 80
42 116
157 165
17 56
17 27
30 141
27 76
27 186
47 62
15 125
8 31
