300 1000
38
115
25
90
64
107
60
87
55
96
88
30
28
47
25
23
106
99
118
67
102
67
103
55
45
69
70
67
65
116
100
84
111
105
54
56
44
46
75
80
22
95
90
30
22
47
85
61
26
83
60
108
31
95
43
108
45
93
55
90
90
35
106
33
73
92
21
97
118
28
57
20
55
79
82
58
107
47
51
65
63
91
54
26
66
29
66
43
103
102
114
25
69
52
90
74
25
44
104
23
52
41
76
88
53
90
78
92
118
61
37
113
32
71
119
30
81
117
54
116
51
100
73
101
32
95
107
37
119
91
93
104
65
101
24
98
71
34
70
21
75
87
66
39
91
65
49
52
63
35
100
94
115
53
27
28
80
115
97
80
38
22
116
83
55
72
61
107
86
63
60
93
83
107
112
54
104
93
38
99
109
118
26
104
103
33
64
115
80
94
75
51
48
23
114
84
75
108
23
93
51
63
66
114
50
110
100
87
84
118
66
25
68
72
61
51
38
58
47
50
32
54
81
60
110
28
24
65
116
79
91
47
23
37
94
105
28
74
72
44
25
71
101
73
23
42
57
93
80
36
24
92
22
37
85
112
45
41
110
93
101
81
73
104
50
47
41
110
53
94
34
58
97
115
64
100
90
101
26
50
117
82
75
119
99
40
112
77
113
54
50
94
115
103
30
45
82
104
88
68
67 295
28 45
220 236
98 161
57 76
44 205
265 286
67 237
90 194
117 176
39 237
58 122
16 39
212 290
183 218
2 3
100 213
83 149
72 244
148 248
1 205
39 244
170 181
12 106
76 223
167 189
63 160
226 228
102 268
193 285
186 196
39 99
48 122
1 120
1 118
20 119
17 258
129 159
17 198
26 141
30 293
205 246
145 224
134 247
27 192
131 284
76 275
23 282
198 283
17 195
36 267
188 295
99 284
176 235
17 169
13 162
100 259
67 245
183 253
128 245
32 229
7 259
5 241
82 256
25 277
65 245
60 213
65 281
216 236
6 234
148 230
106 241
103 267
177 221
5 100
30 253
13 16
9 87
95 286
120 125
52 122
86 164
103 203
72 101
107 189
37 54
265 295
4 120
224 277
221 229
3 283
245 296
142 255
143 290
20 293
97 162
0 142
262 298
63 203
70 92
176 222
129 239
186 223
111 148
32 215
77 198
75 87
246 282
82 142
127 272
134 162
57 225
135 187
55 90
2 177
183 224
64 105
28 215
2 26
176 218
111 254
168 198
81 167
215 232
9 204
42 223
91 267
278 280
87 206
68 208
16 251
121 184
68 99
122 150
26 178
40 289
32 261
165 239
128 172
80 137
123 128
112 219
93 142
49 197
180 266
9 249
194 269
70 89
45 220
212 223
4 247
31 264
256 265
145 197
180 277
8 34
147 152
47 280
229 240
148 172
157 247
173 269
103 244
58 149
22 164
124 163
79 141
96 247
97 144
242 277
173 276
37 78
69 175
125 167
273 299
92 246
182 265
267 286
78 209
126 135
11 100
41 231
152 288
28 249
22 132
58 278
50 68
136 226
13 137
93 188
38 237
135 220
154 203
112 206
41 232
33 290
32 53
257 264
20 44
205 259
66 237
117 263
5 151
43 195
164 188
83 202
126 270
29 174
81 125
57 193
174 184
142 279
159 268
40 237
196 203
245 270
185 260
87 191
130 163
79 138
70 221
196 281
156 244
69 225
171 289
163 178
21 107
75 143
80 180
83 115
28 113
53 213
73 192
156 237
74 294
68 145
41 212
19 258
33 299
190 211
162 297
57 284
124 164
137 239
217 248
52 53
131 178
246 287
20 167
34 235
2 165
37 259
47 266
51 278
46 168
261 262
217 247
18 41
163 208
32 163
125 137
217 256
15 215
234 296
82 287
169 205
136 259
102 216
58 194
105 205
114 167
83 118
136 166
30 124
96 208
222 245
45 214
60 230
129 278
169 294
60 216
126 196
42 227
50 285
236 255
102 142
123 260
41 185
61 149
123 245
69 269
15 167
150 283
127 165
122 128
86 189
90 212
17 85
136 254
54 242
91 197
44 266
157 281
58 60
42 183
4 11
4 223
40 78
73 206
202 205
80 291
91 222
203 228
209 239
116 293
151 260
242 247
100 278
38 280
22 158
214 274
85 278
138 216
18 211
122 275
165 254
8 266
176 221
115 237
105 182
33 160
65 103
32 44
12 255
134 165
86 108
80 224
139 218
140 209
14 181
47 185
203 268
55 144
177 292
11 59
150 171
145 215
26 177
11 281
146 242
80 199
254 279
4 93
196 249
55 130
210 240
178 229
195 285
72 74
29 85
132 179
257 277
35 95
106 154
69 148
4 268
229 259
285 299
0 104
159 182
130 144
112 151
47 75
97 149
119 126
235 251
58 244
205 280
187 279
48 63
35 68
16 68
27 67
2 183
119 236
2 95
132 246
114 207
45 211
57 165
89 292
147 168
149 236
52 215
36 168
16 123
136 236
15 140
194 256
75 198
45 182
14 77
191 292
37 222
102 279
244 254
23 175
91 259
76 196
164 226
64 294
52 287
131 179
67 87
17 125
7 162
63 292
74 107
183 296
38 196
27 203
50 282
78 125
61 206
73 287
70 189
57 282
165 241
60 289
4 114
130 166
174 193
210 248
52 94
0 244
23 184
166 203
33 73
134 291
117 239
61 173
6 207
171 248
72 160
8 76
26 138
200 295
83 205
148 187
51 144
235 240
143 167
153 292
197 229
178 220
14 52
20 282
84 268
29 65
91 212
219 259
55 292
165 192
268 294
37 234
130 256
109 249
6 59
31 127
20 231
41 65
243 270
61 79
87 142
231 291
114 251
221 275
167 168
188 215
150 256
144 213
32 254
143 214
12 93
33 174
25 292
20 126
14 239
99 102
90 134
33 248
8 93
221 261
136 227
150 184
38 46
70 97
0 63
13 213
140 156
98 233
132 276
146 253
0 101
85 195
49 288
145 270
2 73
159 204
9 197
158 250
20 251
221 233
16 77
114 125
11 257
142 264
57 156
69 208
159 264
46 260
191 252
254 283
16 194
77 210
91 161
163 235
156 164
97 180
222 286
46 297
188 232
13 140
82 297
100 208
46 146
51 221
90 204
57 106
98 268
236 241
129 171
45 105
28 254
14 225
23 228
63 212
76 263
52 260
153 211
9 221
51 142
60 141
46 170
0 196
190 236
71 189
46 107
116 187
0 93
253 281
16 116
79 193
145 298
56 91
12 203
65 254
178 206
4 148
100 148
200 290
84 90
61 243
136 229
131 189
22 136
170 190
115 205
21 50
112 165
68 158
177 275
75 83
205 223
5 88
40 71
47 207
108 182
71 150
33 89
12 111
170 234
53 75
49 74
177 267
87 239
35 116
62 110
251 268
85 91
156 273
21 184
115 118
181 266
23 189
51 253
186 273
187 240
100 289
14 277
253 256
64 291
121 179
125 154
147 291
172 268
152 200
15 245
23 179
212 281
85 202
88 218
58 105
28 159
43 94
50 188
253 296
94 170
0 132
31 295
263 291
191 203
168 201
191 259
80 240
155 282
73 77
70 136
151 231
25 295
183 194
128 242
188 274
72 164
159 274
17 103
59 175
95 261
220 260
38 92
212 245
74 290
19 196
2 178
47 173
27 293
108 207
288 297
152 181
69 207
64 225
277 291
36 290
48 86
176 210
140 174
121 214
192 216
94 162
194 262
19 274
128 255
181 295
115 177
200 298
22 264
275 299
7 11
145 289
59 251
21 251
142 178
146 217
35 80
281 293
12 42
49 255
189 192
97 121
4 297
26 120
13 95
20 78
107 119
165 218
123 186
53 170
80 87
167 199
192 219
13 149
156 257
63 201
45 160
23 49
143 157
128 222
206 290
149 242
77 107
68 200
290 293
73 253
129 205
49 241
142 149
106 114
177 298
44 60
83 89
273 278
220 268
162 231
9 118
21 238
66 261
228 267
109 192
133 172
21 210
25 27
25 180
254 292
44 121
75 267
53 94
15 292
73 224
191 229
233 251
129 246
17 109
209 213
85 271
94 181
159 173
91 206
161 251
72 83
158 257
51 91
84 263
88 118
48 60
45 280
51 161
120 291
23 205
82 294
42 176
175 201
102 134
53 292
4 177
269 285
0 55
105 174
89 165
121 274
25 262
34 253
57 197
210 279
103 253
31 208
10 154
165 199
63 264
240 274
12 268
75 261
12 118
153 249
275 283
245 274
9 52
250 251
118 161
229 274
114 189
5 21
199 222
14 220
186 246
7 206
10 20
23 281
139 283
122 228
203 258
11 120
123 264
13 82
284 294
56 151
113 184
135 224
87 196
202 273
142 209
179 205
213 229
68 228
196 208
154 243
111 115
75 217
238 282
210 274
18 277
177 213
101 132
100 271
2 49
192 245
176 263
97 193
77 89
13 285
8 285
149 192
123 161
113 276
144 186
140 173
69 257
86 141
112 272
57 241
204 216
65 286
127 149
142 163
165 180
57 171
47 81
57 218
114 212
52 296
253 287
125 174
94 97
12 206
69 253
16 286
2 209
51 59
181 246
46 222
145 178
103 259
74 244
68 157
64 240
228 261
69 135
53 163
117 284
106 122
122 138
32 144
192 195
73 91
65 193
120 123
262 275
134 207
101 203
42 116
19 129
22 89
75 265
1 4
126 245
67 107
151 208
199 294
34 144
59 206
22 268
154 233
87 281
57 97
129 226
203 218
30 243
274 297
101 275
95 104
108 169
130 246
59 241
164 203
126 223
55 78
107 142
187 256
16 23
183 226
178 286
257 261
175 284
32 114
79 283
78 140
113 199
29 71
123 154
78 151
207 250
57 208
95 101
14 125
112 249
98 103
60 127
55 111
97 225
87 176
209 279
6 74
77 230
84 104
201 255
151 214
162 174
260 264
26 270
134 141
27 244
207 284
57 96
154 262
21 101
30 282
80 89
57 62
161 166
67 198
116 165
31 270
39 283
9 47
9 188
89 195
180 184
241 296
258 276
49 95
111 178
32 191
89 267
5 133
2 203
170 253
68 275
108 253
0 258
20 169
117 240
161 177
157 297
25 118
115 266
74 226
144 158
163 169
226 299
1 48
53 129
224 250
29 177
39 110
31 230
111 222
148 272
99 197
129 270
222 296
49 236
80 274
195 207
207 295
43 121
3 260
97 184
178 253
63 114
96 269
81 146
