100 250
28
62
106
25
100
103
94
60
106
101
101
70
78
40
53
21
28
20
82
65
24
81
87
41
81
97
41
63
71
81
39
79
75
77
85
56
60
59
96
99
40
29
49
51
50
34
104
110
35
66
107
39
79
26
112
40
104
85
35
55
98
54
115
54
112
80
90
52
71
66
31
92
27
112
75
57
27
59
100
42
57
39
113
69
46
57
89
30
22
105
65
101
39
112
35
83
72
105
68
76
19 23
68 82
56 98
9 89
36 62
48 77
14 72
25 82
29 51
52 93
65 91
14 58
20 50
7 28
53 58
29 30
35 99
44 79
60 68
22 80
9 68
82 95
44 72
64 95
65 68
38 57
33 53
15 83
25 44
35 90
49 72
16 84
23 96
80 83
13 64
58 85
5 22
66 67
77 83
13 43
4 51
0 84
9 67
19 86
61 63
12 22
34 38
49 57
29 86
3 93
42 51
65 88
7 56
83 85
49 91
28 42
53 80
62 79
48 98
11 48
22 60
76 94
13 25
3 51
54 96
49 54
42 99
7 66
49 50
93 98
35 73
3 54
14 17
2 65
18 65
25 40
41 71
5 18
26 57
25 75
11 74
6 74
34 92
8 93
1 27
0 92
47 88
6 55
60 65
20 83
26 97
19 75
68 81
38 46
63 90
21 53
48 89
59 81
19 82
9 74
18 20
18 61
16 20
18 36
6 33
78 93
26 53
16 99
31 68
22 73
21 72
5 81
3 53
31 64
2 73
34 77
20 97
2 55
38 78
36 73
18 23
14 28
82 97
65 80
53 65
87 89
21 74
29 94
26 74
47 93
0 34
20 36
50 55
27 80
2 38
53 98
31 95
11 87
5 61
48 64
90 94
41 69
19 43
19 64
43 99
58 99
6 17
44 60
86 99
47 84
4 78
32 91
41 93
48 57
43 93
15 47
55 58
34 53
6 72
57 82
0 31
63 91
49 96
42 95
46 85
17 25
66 90
38 62
8 23
22 33
23 69
33 40
74 76
34 87
21 99
30 91
54 73
70 73
16 55
17 93
14 43
4 62
9 25
43 85
28 33
7 8
0 50
26 41
26 28
4 50
7 75
11 33
18 45
49 63
11 15
58 74
20 67
15 51
4 36
43 64
93 96
37 64
42 72
18 37
41 68
27 95
52 60
71 93
56 61
60 66
33 97
63 64
51 90
7 54
47 53
18 85
12 77
3 66
23 80
12 18
11 68
30 35
19 69
59 85
56 82
45 71
13 72
31 49
67 96
36 37
13 33
49 88
31 82
39 63
34 42
51 62
38 97
17 44
3 7
41 54
11 77
39 83
88 90
9 15
51 84
70 98
17 48
48 58
22 82
24 39
