200 750
25
114
46
58
30
31
69
117
110
46
37
96
98
27
98
92
76
84
61
21
109
64
117
52
51
27
38
28
38
93
60
95
87
39
33
49
50
34
47
92
61
116
69
39
23
99
63
31
64
104
84
105
101
82
37
84
89
107
93
59
32
85
34
99
104
99
81
86
113
60
59
54
56
108
26
111
87
69
74
31
106
38
117
39
100
86
55
21
26
80
112
90
46
26
22
82
57
83
49
51
75
88
37
111
28
43
54
95
45
108
59
83
26
108
102
59
26
89
112
84
50
105
55
28
63
57
90
101
72
119
84
27
39
101
70
47
77
104
23
54
44
114
117
102
102
99
93
60
20
86
25
50
71
60
58
114
97
29
47
101
80
111
108
52
45
58
79
102
94
34
36
70
28
85
52
62
116
26
103
116
44
60
47
95
100
85
41
29
46
21
110
59
112
98
91
37
88
50
71
62
122 123
83 118
67 144
2 184
81 135
80 189
24 154
101 124
72 83
11 171
115 127
175 185
9 21
126 197
49 129
123 140
4 11
149 158
78 161
85 165
26 194
100 197
3 122
1 86
164 194
57 74
79 194
1 52
3 128
2 4
9 142
79 166
37 153
67 183
104 150
96 101
98 130
133 196
149 172
167 171
28 113
144 193
146 174
177 197
26 199
133 188
12 93
154 199
2 173
104 134
35 77
7 153
86 149
58 93
51 64
164 177
45 170
19 109
58 117
95 149
57 82
83 150
37 47
49 101
10 36
39 105
58 71
157 199
44 160
11 16
108 193
105 127
36 116
77 185
26 46
80 103
60 164
6 107
59 153
108 116
95 166
155 167
24 106
76 136
44 150
11 99
27 190
106 116
15 193
43 62
19 123
32 117
39 75
139 145
0 135
61 182
166 168
149 190
75 178
79 177
22 178
12 188
105 157
70 125
50 113
22 187
56 189
54 180
84 193
125 171
138 193
111 153
55 107
102 134
133 185
7 111
63 100
21 172
157 194
7 98
37 60
29 49
35 93
129 181
107 181
52 126
6 45
38 104
13 92
38 198
25 150
40 157
2 129
13 159
111 124
118 184
100 148
185 194
118 135
116 123
25 176
23 43
81 134
127 147
166 173
97 150
54 68
70 190
4 184
60 181
99 115
64 196
133 199
10 135
51 133
29 51
46 61
52 147
127 179
46 52
97 143
2 165
145 198
134 187
149 168
16 194
68 142
32 67
42 75
126 154
128 158
141 155
4 159
84 89
135 139
136 188
31 91
29 106
93 188
137 163
62 109
82 105
51 138
101 126
56 132
4 60
14 112
18 154
43 71
54 162
130 191
113 151
34 57
142 174
57 102
63 164
169 198
58 100
95 191
52 156
3 170
157 164
140 187
152 195
35 150
101 138
124 148
43 110
12 98
100 161
19 129
81 127
140 188
36 179
131 135
40 86
4 57
143 196
93 97
35 183
132 146
56 111
9 127
21 179
102 122
3 198
139 181
143 161
26 127
48 167
58 113
109 123
8 66
57 105
41 112
58 92
125 155
52 67
88 116
31 38
142 182
123 193
89 121
0 36
85 115
167 180
42 143
89 103
60 147
160 172
4 188
31 113
50 111
27 165
90 148
17 32
10 130
3 155
51 144
3 119
29 122
99 124
116 141
177 179
88 139
28 149
95 132
6 141
58 182
72 185
2 158
41 104
12 164
16 44
0 156
87 137
74 186
61 191
127 192
167 168
69 131
178 195
2 88
136 184
98 169
9 57
65 123
87 98
29 94
55 185
94 142
74 169
81 87
112 160
32 79
128 162
75 101
55 140
76 164
62 192
1 197
71 120
18 121
48 160
16 167
62 185
60 110
143 183
47 147
103 179
79 183
141 181
59 82
23 36
28 158
37 108
61 181
28 152
140 182
0 150
108 185
165 170
97 113
148 168
27 76
152 169
11 160
51 197
162 186
23 177
70 111
36 50
19 63
15 191
51 121
38 152
21 150
86 139
39 199
27 54
66 158
27 196
0 169
155 176
114 153
131 184
31 186
138 177
12 46
28 199
1 50
101 141
52 87
94 180
47 79
27 52
26 174
2 27
81 93
12 107
77 124
16 132
70 107
154 193
82 174
85 153
6 175
15 26
58 159
89 109
113 158
116 184
87 96
138 169
45 189
19 181
65 121
29 35
136 180
170 183
88 154
7 82
94 186
49 104
145 158
103 193
71 109
87 111
157 177
80 99
13 22
96 118
79 153
125 167
60 85
40 137
97 100
74 146
83 123
28 50
33 43
56 131
104 170
14 167
99 199
113 121
31 165
44 169
94 136
21 163
100 106
6 13
39 149
32 104
154 162
143 149
4 6
164 172
85 123
38 88
7 68
84 156
47 102
160 177
99 143
49 119
23 182
81 97
94 130
44 79
0 37
37 103
9 124
19 199
57 94
87 114
70 119
0 170
21 79
143 150
70 77
104 174
104 126
171 198
135 187
171 173
47 90
62 182
29 46
85 119
136 143
8 166
55 130
87 166
61 152
37 174
138 163
17 78
28 67
155 188
16 111
58 80
14 111
120 157
43 192
139 195
128 155
57 184
23 86
71 190
36 60
126 164
24 195
43 143
83 175
191 198
30 195
50 58
45 122
40 167
114 162
43 131
118 188
27 156
50 163
146 199
62 110
86 126
9 69
130 185
80 153
100 176
111 178
110 156
77 101
15 196
40 128
58 110
37 68
32 66
12 87
31 150
26 157
21 166
47 84
136 197
110 176
46 66
77 123
14 44
94 115
25 103
140 163
91 195
55 180
130 178
82 88
118 166
67 133
91 103
88 132
39 42
16 37
45 60
26 112
28 90
121 145
5 84
37 49
17 31
9 104
138 147
97 114
8 116
19 131
10 140
108 125
137 199
106 112
163 196
84 92
120 130
103 146
3 148
95 113
93 162
102 161
79 160
50 153
43 45
13 168
12 154
60 105
69 124
8 16
101 105
66 178
12 183
81 131
167 194
61 179
109 140
115 188
68 101
144 190
3 114
20 65
168 170
80 92
40 191
49 61
93 127
91 108
8 59
55 187
72 164
127 187
28 104
55 94
121 125
50 190
18 141
21 112
56 62
13 75
105 106
84 154
46 183
191 192
47 57
129 130
11 57
67 116
38 123
115 162
45 164
105 186
134 169
148 160
25 173
24 82
80 130
15 166
159 176
6 33
136 158
114 170
30 145
183 189
106 151
98 151
67 155
89 153
49 125
102 150
78 175
7 33
8 151
22 137
110 180
69 170
13 191
19 180
125 149
28 103
118 155
57 80
119 159
46 182
167 189
5 197
27 119
86 181
57 159
46 193
41 65
126 190
162 191
171 189
65 96
89 122
128 161
33 63
7 174
13 30
10 192
35 152
19 37
65 179
172 183
109 131
74 114
71 104
88 197
87 152
81 163
0 196
144 159
126 171
47 124
117 180
15 57
21 77
4 152
142 187
25 77
48 191
51 119
47 49
0 160
88 123
81 88
71 177
42 199
103 124
41 83
99 193
14 50
55 176
70 118
42 195
43 48
99 139
114 186
74 148
138 188
19 197
69 76
76 148
52 63
105 152
87 145
4 138
111 132
29 145
139 154
2 177
68 182
97 102
2 54
171 193
121 191
19 164
65 190
5 47
117 199
62 156
18 144
150 191
37 105
131 166
107 113
34 161
40 162
134 164
107 185
7 102
126 149
167 174
17 125
40 70
35 87
77 138
66 78
161 195
32 54
18 27
16 189
59 132
44 75
39 82
117 146
31 65
91 138
17 101
107 142
39 94
116 181
11 32
135 179
119 125
34 152
2 138
141 149
125 145
3 44
35 42
109 134
11 125
32 103
