250 250
46
70
108
38
92
20
56
40
60
93
92
113
60
118
75
76
24
117
76
91
96
102
30
68
68
42
36
27
21
87
46
47
89
86
117
61
38
53
81
79
26
106
72
119
104
79
75
108
28
83
31
104
66
93
104
66
115
20
25
68
87
104
95
109
70
93
50
41
78
64
52
85
50
56
84
86
115
91
26
23
54
37
60
52
110
44
98
57
97
56
57
116
40
32
105
42
57
88
63
116
84
95
33
66
31
49
32
78
20
38
34
54
107
74
39
49
50
117
38
79
105
75
76
25
39
113
100
77
33
43
25
97
71
38
95
34
67
107
93
119
77
107
105
64
113
24
93
95
74
111
55
59
66
63
117
86
108
97
95
74
20
52
103
23
70
79
38
69
66
63
20
24
102
105
68
95
110
94
22
64
37
109
103
84
104
100
102
93
77
29
47
30
61
30
33
63
89
103
64
88
46
64
92
28
49
92
55
39
118
58
35
36
99
119
52
84
51
34
57
109
95
36
71
36
98
36
31
20
72
75
88
98
119
112
59
100
36
94
72
35
84
87
51
64
86
83
80
70
49
117
83 89
27 99
79 90
98 115
84 117
158 183
40 96
69 233
21 106
29 199
46 145
129 228
74 107
16 30
84 160
26 102
167 227
98 129
67 244
48 151
206 214
4 187
6 52
176 237
38 214
113 205
183 242
109 143
22 159
121 208
185 223
162 227
102 177
82 199
85 225
163 181
19 124
86 232
6 12
147 197
162 217
2 80
154 223
28 213
84 132
169 236
58 213
12 184
16 140
63 217
78 101
78 148
86 97
60 206
98 109
103 167
21 35
21 175
111 234
95 203
41 171
15 81
106 199
93 98
9 67
20 65
66 87
98 185
11 152
1 243
96 120
20 142
42 131
169 242
128 225
49 88
16 205
123 130
6 76
73 221
85 139
24 93
44 205
107 209
54 55
27 210
150 231
134 169
125 191
3 228
166 168
34 155
123 137
9 129
83 213
150 202
148 222
175 177
44 236
34 99
41 97
43 126
55 177
8 191
58 209
65 176
50 243
105 203
18 179
188 234
21 160
48 234
28 87
34 223
177 229
70 207
0 73
102 105
55 148
110 216
37 107
31 203
86 87
58 118
207 246
204 228
156 188
26 95
68 162
68 149
192 241
15 107
64 241
117 149
80 213
70 115
117 248
23 204
81 187
144 174
77 129
85 224
102 169
180 238
14 101
58 137
96 194
37 175
145 161
124 186
153 225
92 194
70 152
89 148
72 151
81 85
59 201
18 223
51 161
27 63
52 152
86 198
113 149
60 235
8 172
184 233
177 230
79 177
50 75
20 54
148 207
201 237
5 16
26 29
56 89
57 60
142 245
8 41
96 108
117 203
18 137
195 202
130 219
122 127
205 249
176 205
15 207
9 75
20 35
105 179
14 227
91 119
9 100
12 117
196 215
66 86
141 204
113 173
21 92
78 147
73 194
136 151
190 247
78 211
134 183
111 242
83 197
58 230
94 183
28 231
59 216
13 149
107 115
39 230
59 186
3 161
47 112
146 154
115 233
18 30
107 142
68 191
126 224
69 226
60 154
121 230
61 96
176 228
61 135
173 236
222 239
121 137
42 246
17 81
9 47
201 219
19 41
12 16
146 238
152 187
150 167
23 212
13 104
0 240
17 78
26 239
15 170
18 110
57 127
99 169
