250 2000
49
55
21
99
40
50
101
40
27
112
100
96
84
56
71
92
92
52
42
107
63
117
62
33
90
25
64
42
98
65
105
27
53
58
58
25
88
40
45
47
84
77
23
48
66
26
72
38
58
95
25
54
92
20
67
114
25
63
89
55
61
26
62
94
64
101
51
84
73
76
111
37
86
114
117
32
72
69
102
63
96
108
97
20
108
96
67
65
91
36
101
32
42
43
58
38
76
89
102
81
98
93
50
116
39
47
28
91
49
110
86
77
50
63
30
90
91
77
36
63
45
117
75
119
92
66
37
101
87
71
62
65
44
45
61
115
24
21
38
105
64
105
63
46
100
73
117
72
82
33
115
107
82
22
106
54
68
75
87
36
26
82
33
102
107
27
97
111
28
115
49
24
52
92
51
33
97
48
85
111
113
80
98
75
82
36
61
83
43
81
99
49
43
112
83
82
119
60
25
80
107
54
36
40
78
119
105
107
47
70
98
92
82
76
99
96
44
93
59
67
54
90
48
29
35
111
43
34
103
48
46
43
35
115
115
93
114
100
81
94
102
111
66
64
20
98
92
44
71
32
219 223
68 132
48 206
89 109
12 86
27 98
22 214
132 175
129 151
102 193
191 241
115 164
200 208
78 170
7 8
103 230
79 235
49 229
10 44
68 130
18 22
9 45
232 244
72 214
15 145
168 188
7 33
103 215
125 233
44 240
235 249
72 166
223 234
130 146
214 233
108 113
85 122
5 67
77 116
113 133
51 93
100 154
84 109
167 169
63 86
11 72
62 84
149 238
57 236
29 143
53 142
1 138
6 15
57 233
185 191
28 199
103 242
179 230
148 212
48 98
110 211
126 222
63 194
25 103
54 151
204 246
49 99
92 166
150 207
143 149
98 193
23 185
4 53
114 117
65 152
18 215
175 240
91 221
155 218
57 176
25 125
11 174
124 206
184 192
193 208
77 151
42 100
188 197
155 206
65 210
83 220
176 247
119 175
81 218
88 246
213 240
21 103
239 248
59 181
119 182
9 124
18 20
61 211
20 68
133 216
186 230
68 156
183 243
3 128
176 216
18 249
31 123
121 122
155 181
53 153
131 164
2 173
227 234
70 247
52 55
228 238
123 236
23 218
114 128
182 247
15 230
65 103
39 137
171 224
129 194
74 76
43 247
122 180
0 84
120 136
55 200
30 227
38 102
153 248
231 245
187 211
11 105
64 148
140 144
69 191
19 143
119 164
49 243
36 179
8 49
167 206
60 144
99 236
234 247
104 228
41 82
41 93
207 248
93 143
15 97
186 218
55 158
3 234
122 206
107 182
100 131
63 191
49 96
142 195
135 246
25 217
66 140
138 162
23 108
133 222
69 123
133 190
174 226
34 137
149 171
30 141
123 204
73 220
105 216
17 93
43 64
162 204
75 109
93 235
78 183
158 207
0 41
26 226
113 178
100 175
4 57
61 75
45 233
18 199
63 111
115 208
24 70
67 201
15 154
93 236
214 246
93 214
37 172
68 92
18 137
141 168
95 177
160 202
221 243
56 211
77 184
60 116
147 183
14 113
190 201
107 154
53 197
118 235
62 77
53 66
73 80
8 207
12 168
161 168
85 130
19 69
59 185
182 206
45 221
13 72
31 99
46 167
137 186
13 133
38 199
132 181
139 213
234 242
12 151
88 247
67 244
53 107
104 141
111 177
39 183
138 190
209 215
151 184
170 198
17 148
198 208
132 172
124 189
8 192
5 136
30 233
174 240
36 131
0 131
58 170
101 183
0 58
95 162
4 111
21 117
71 243
11 201
209 219
55 207
86 215
139 190
76 79
20 59
79 181
114 230
134 140
46 115
87 119
9 56
120 242
165 234
185 215
28 184
84 145
110 142
82 170
101 246
122 161
92 157
137 155
39 207
72 130
69 187
43 49
126 137
110 169
52 135
45 81
42 69
63 165
85 152
106 248
11 183
80 90
104 235
61 80
62 126
165 235
130 131
7 214
17 134
69 219
117 121
42 150
65 159
106 164
2 104
20 185
100 217
71 128
187 208
63 234
20 219
3 228
99 193
113 116
38 50
51 188
92 211
50 106
108 227
6 247
146 224
24 199
45 136
84 132
199 206
29 101
53 209
174 222
21 151
59 109
160 201
100 146
206 223
196 200
64 203
49 210
29 100
86 176
170 236
37 58
12 126
67 188
39 65
112 188
43 221
244 248
98 234
59 140
156 189
112 220
13 244
23 33
114 119
100 199
8 142
18 138
20 205
187 206
96 171
139 227
77 244
228 236
27 228
38 183
2 167
6 161
15 39
36 129
10 236
152 230
96 220
171 218
27 229
7 123
150 234
115 145
62 101
89 225
79 115
23 99
29 117
10 235
149 170
114 180
196 237
83 185
166 208
45 153
12 187
169 190
98 136
160 187
14 237
66 102
227 232
99 165
28 108
84 130
51 177
16 162
97 247
16 201
55 104
61 95
218 230
66 137
74 116
79 205
181 190
124 172
10 39
118 124
60 169
198 248
111 160
109 214
110 165
125 165
121 186
10 89
19 249
8 237
73 87
116 193
18 169
38 130
60 162
230 248
75 98
30 186
97 110
45 220
12 22
236 238
61 100
177 182
100 185
25 169
124 214
141 244
32 133
124 194
46 224
26 121
56 174
35 58
5 205
107 120
80 197
106 141
48 135
0 73
94 173
25 47
19 161
42 146
153 166
90 199
141 218
65 173
127 231
132 202
38 162
2 220
109 210
9 111
36 96
9 19
137 233
144 168
156 210
59 142
85 229
110 222
33 53
139 180
92 116
7 165
106 167
67 227
191 230
76 77
86 227
62 197
75 115
58 231
178 201
142 157
3 36
129 191
5 224
139 212
12 170
158 239
138 238
65 180
10 66
3 13
79 174
129 233
57 162
36 157
66 72
12 195
115 150
65 89
7 130
19 228
152 239
111 140
127 143
57 194
61 153
59 78
40 242
6 163
97 199
15 163
123 175
62 238
76 128
78 83
110 158
12 205
66 147
127 153
62 209
173 215
123 232
43 217
23 58
222 224
7 137
130 238
50 63
220 241
30 48
176 242
59 131
5 206
10 49
9 185
72 108
48 76
193 221
15 216
29 239
40 138
130 229
42 120
33 90
135 165
61 241
50 158
15 45
6 94
44 127
51 205
31 152
99 197
2 217
15 31
56 58
37 169
38 39
71 181
168 232
223 237
230 247
23 127
12 131
139 221
175 177
42 180
208 244
127 211
143 211
94 121
51 116
11 89
44 155
161 239
0 213
45 212
235 247
9 172
143 219
0 144
42 172
131 176
36 54
99 194
38 49
73 100
6 84
14 189
128 202
3 91
202 216
51 238
53 160
22 162
54 162
19 226
57 195
195 209
5 101
147 150
44 220
0 152
42 54
166 182
170 244
49 126
114 238
41 100
115 127
166 181
27 37
9 186
71 84
186 234
76 131
188 222
41 101
125 155
41 83
179 189
63 167
51 228
32 181
159 195
111 148
27 192
0 53
84 214
124 198
53 122
79 163
25 180
2 204
37 187
44 126
209 216
44 47
11 178
80 206
189 228
169 233
107 169
36 71
13 105
80 121
52 66
193 243
84 197
21 196
92 234
0 52
51 146
164 201
133 176
115 120
39 213
71 98
60 236
142 166
101 116
19 98
91 168
3 65
11 38
124 126
205 228
124 230
23 152
215 245
17 179
35 217
0 197
56 244
157 215
63 212
131 177
154 242
44 236
105 214
162 168
49 193
122 169
131 247
72 96
191 243
127 130
127 159
67 77
43 224
38 224
3 106
21 113
7 97
54 157
74 178
119 216
79 191
140 210
188 212
56 181
6 184
17 61
163 241
84 239
34 160
28 242
49 164
113 207
115 159
85 168
145 236
204 224
94 177
116 184
92 159
149 165
63 128
144 182
54 118
190 235
13 28
182 192
165 242
158 176
76 107
11 104
62 67
92 180
114 161
60 172
58 209
39 189
124 223
178 183
20 91
118 222
34 153
16 51
145 174
79 104
0 90
60 165
157 240
7 170
169 206
14 195
134 230
105 155
190 210
51 135
106 211
23 245
111 142
6 148
66 227
67 212
124 169
84 178
114 193
70 98
112 145
92 186
30 194
49 92
134 185
95 143
4 192
90 161
79 112
74 169
88 146
82 198
16 164
86 137
112 124
82 244
68 233
86 203
20 82
48 163
203 241
167 216
29 183
45 103
192 205
5 43
24 162
21 152
107 129
93 141
223 232
88 152
26 59
79 105
6 108
61 243
12 99
27 32
73 144
99 237
117 133
207 243
45 228
37 86
119 170
112 207
72 171
30 234
92 103
36 198
6 135
135 210
19 206
109 208
56 177
13 242
37 171
93 168
63 179
182 205
170 201
24 242
193 226
54 148
170 192
28 96
77 159
164 198
115 224
23 57
49 152
73 138
188 232
1 93
13 151
36 215
71 130
91 116
106 247
15 128
189 213
9 118
122 173
66 90
124 147
49 113
112 224
68 86
99 215
71 103
7 233
110 191
4 125
45 172
181 191
63 163
82 104
103 153
119 206
5 231
223 229
59 93
149 161
10 220
116 177
100 214
177 184
41 52
188 213
144 243
159 204
36 100
164 204
135 242
209 223
40 108
42 182
114 178
48 207
79 148
6 243
34 42
107 160
6 75
2 29
17 204
33 65
158 159
169 219
27 234
5 10
47 52
39 77
88 166
34 97
27 88
205 232
164 218
90 91
76 194
93 120
37 148
159 228
48 147
32 128
27 138
74 140
42 179
61 151
37 119
158 208
166 216
80 190
132 184
112 171
76 143
57 225
32 35
80 134
114 183
210 215
3 207
136 147
136 139
6 208
176 219
66 194
108 185
25 221
48 241
83 169
44 140
76 144
27 130
157 210
224 245
22 100
158 181
169 247
149 206
27 93
122 212
202 249
45 183
47 118
91 214
20 137
29 193
98 188
3 222
36 140
233 240
132 205
48 131
60 75
76 182
37 130
72 181
80 175
190 242
24 152
44 203
39 146
175 239
178 187
77 212
47 214
21 169
179 217
4 91
42 81
125 181
158 211
3 239
45 239
115 231
184 197
89 159
182 186
78 119
114 142
49 180
189 218
53 221
58 186
62 80
139 188
12 202
15 198
187 191
163 172
52 110
63 208
141 199
130 249
10 215
22 161
64 247
51 232
20 35
97 109
100 137
52 112
86 230
96 125
18 245
30 207
79 195
9 220
47 139
82 114
13 96
77 112
15 78
98 112
62 226
50 178
15 51
230 239
97 178
92 217
49 247
49 128
58 192
91 98
32 197
63 206
128 170
140 206
3 185
13 156
167 207
191 218
171 222
60 171
27 202
1 13
24 62
68 129
79 223
160 170
111 116
92 233
36 226
48 73
57 81
86 248
14 27
68 88
50 128
2 9
124 155
3 179
100 159
10 63
27 182
17 228
116 119
19 243
74 189
127 178
44 174
154 243
132 204
121 243
27 59
164 219
58 156
10 149
64 167
20 201
100 193
64 68
7 36
214 241
17 236
9 140
10 243
132 197
6 89
11 58
22 171
171 214
182 234
54 88
31 185
6 7
75 196
173 232
16 185
48 171
33 57
44 62
51 111
28 140
141 219
198 241
15 164
96 163
101 103
138 151
10 134
145 182
85 170
16 20
65 186
71 192
106 122
217 245
165 186
216 238
153 177
83 192
101 184
104 147
72 134
69 114
66 200
185 239
27 220
14 102
76 99
66 120
87 102
155 187
20 157
9 199
97 204
113 129
228 231
149 198
30 40
84 102
38 67
18 117
115 237
69 85
101 177
40 52
105 228
13 59
9 248
55 124
89 106
36 87
169 234
199 236
126 173
46 52
21 211
64 178
1 8
37 99
140 204
60 192
1 118
175 218
10 151
23 116
59 240
55 160
124 211
67 115
130 170
87 136
161 247
10 88
34 43
150 226
18 205
80 130
90 237
31 112
59 123
24 114
33 170
8 97
44 177
58 99
154 219
94 198
229 232
232 239
61 194
0 141
89 176
83 207
142 202
81 226
109 216
219 248
63 144
128 147
57 211
79 217
26 27
62 107
9 153
89 172
98 192
24 165
31 249
84 85
165 243
61 102
161 233
47 174
56 71
106 128
6 87
1 133
113 244
55 154
104 167
184 247
28 129
183 213
29 114
27 230
131 213
157 189
97 112
139 228
208 216
155 245
128 214
156 180
163 225
235 244
17 232
178 248
112 211
141 226
43 106
7 124
45 134
142 221
111 112
173 210
106 116
87 239
37 62
6 158
157 238
86 155
50 203
31 117
12 43
19 34
93 154
28 118
204 239
41 162
31 207
81 249
52 163
59 221
33 102
2 60
134 206
15 21
136 226
56 232
84 229
100 183
175 244
132 198
127 197
66 179
37 213
136 238
138 165
161 240
201 226
117 216
195 248
102 156
129 240
65 225
102 150
115 216
134 180
3 122
20 168
112 167
205 219
22 78
181 195
31 238
192 242
21 187
30 126
96 150
48 228
13 50
80 128
119 214
160 224
79 189
153 245
66 246
74 210
88 244
76 121
25 215
65 120
236 247
95 238
195 245
147 149
16 87
154 241
88 178
160 174
154 222
100 242
73 216
94 170
38 142
24 159
106 241
13 186
81 203
100 145
84 230
48 117
183 210
112 202
48 214
54 138
187 239
5 148
62 170
99 101
8 62
54 227
92 216
169 240
174 237
6 20
71 239
5 54
109 199
99 219
107 175
5 112
153 198
11 118
69 175
214 237
43 180
143 146
136 236
66 162
188 223
147 168
75 177
4 126
184 223
77 109
82 182
74 131
44 235
160 244
60 113
43 249
103 245
42 239
108 231
56 151
148 172
75 203
207 247
32 130
215 244
170 212
49 198
66 192
61 180
75 207
117 157
49 138
77 200
47 225
0 224
73 152
60 205
106 194
85 203
149 159
123 209
42 198
9 151
5 74
149 172
65 79
48 70
117 166
126 141
28 219
66 131
86 173
76 171
87 228
173 203
47 121
50 245
69 233
7 158
71 223
42 188
110 189
105 192
68 79
49 98
165 199
58 168
48 231
197 223
188 247
7 140
47 63
82 235
21 105
48 198
27 127
218 225
19 178
140 211
80 156
171 215
71 100
48 74
3 18
118 145
43 137
90 125
60 201
56 178
81 126
206 208
27 153
36 82
46 176
145 203
66 109
20 61
68 240
8 135
72 132
217 228
20 206
58 73
16 88
97 129
188 214
158 219
67 194
113 153
150 222
168 183
69 188
59 245
109 232
169 181
148 217
0 89
58 104
162 222
143 248
64 171
79 81
0 34
39 125
114 200
134 190
9 133
175 230
34 68
65 237
67 134
67 237
193 223
135 228
165 226
28 87
41 212
18 177
144 212
76 216
8 196
63 181
119 238
14 187
79 124
27 191
116 213
8 186
60 88
173 225
65 201
164 208
35 163
126 135
179 203
64 117
158 183
172 207
81 223
0 103
124 168
116 133
28 206
73 129
106 138
20 81
55 96
83 222
86 139
63 129
98 203
74 136
56 246
109 239
100 211
18 114
99 180
77 208
172 206
64 163
139 187
111 236
195 242
181 208
186 189
139 244
38 170
127 196
167 237
119 185
50 151
25 189
3 23
162 188
151 190
35 148
96 209
32 216
0 62
23 38
151 233
2 234
22 240
40 121
25 212
21 128
29 62
5 154
45 167
168 210
169 196
145 245
63 230
29 230
53 227
19 210
105 204
64 194
37 229
86 107
0 107
131 235
35 87
55 137
47 83
144 224
204 228
36 185
56 163
13 163
15 243
101 201
53 100
187 209
184 230
29 71
166 169
68 126
101 212
55 80
21 190
58 92
0 205
157 174
14 70
7 189
40 123
176 209
101 248
110 184
27 181
103 193
160 172
11 146
134 226
8 168
18 113
66 223
113 223
127 249
145 188
19 236
81 195
34 195
158 193
72 218
174 191
101 117
14 198
184 214
92 133
192 213
8 246
38 109
38 83
229 237
75 78
11 248
21 45
46 66
116 203
241 247
108 142
90 98
63 122
25 67
48 69
30 44
68 78
5 13
94 106
37 242
170 240
43 48
138 196
109 193
165 202
57 190
61 141
0 35
127 204
102 104
132 196
126 148
5 201
159 242
100 234
20 196
77 245
63 215
24 43
201 227
118 140
92 220
148 175
28 97
2 145
2 160
124 213
7 116
107 123
69 202
29 229
144 166
96 210
5 169
20 248
58 138
138 150
63 108
48 57
50 193
55 206
52 179
161 169
42 147
99 121
231 232
16 44
65 184
14 242
4 55
142 164
42 67
73 113
92 128
69 246
159 238
56 158
29 133
8 199
91 231
181 226
168 226
94 205
108 143
44 112
32 214
38 86
31 145
18 66
129 178
37 54
39 86
94 168
2 90
37 124
175 202
13 95
33 62
43 248
110 208
30 45
27 148
76 166
57 93
196 249
33 197
115 141
229 231
17 219
50 105
57 75
88 225
110 152
2 48
108 211
158 240
108 158
36 119
176 212
93 123
40 64
156 205
186 227
4 144
2 201
121 206
215 226
73 106
147 166
24 35
183 200
26 100
73 164
81 169
119 177
157 171
27 154
105 209
80 138
103 163
19 56
29 95
135 195
80 109
35 54
75 96
67 218
2 139
8 77
167 230
126 144
33 187
58 100
217 238
17 221
62 106
157 212
45 117
79 184
74 114
82 165
19 141
74 218
28 241
172 199
136 219
27 57
46 237
63 159
128 167
34 168
102 173
113 150
45 79
210 224
14 218
88 230
110 186
135 181
134 150
124 192
29 213
24 238
23 153
35 190
133 203
77 158
157 190
59 202
122 135
15 136
97 205
76 142
7 207
91 129
3 157
33 186
68 123
62 92
129 199
12 32
4 211
162 171
4 82
126 216
83 217
12 173
88 180
137 167
46 197
81 104
152 216
142 220
90 205
62 219
154 197
11 231
4 10
14 25
86 241
140 156
4 177
107 181
98 194
97 141
178 246
0 97
144 240
86 221
157 201
184 241
195 212
237 245
82 209
81 202
8 90
21 206
151 217
64 221
144 217
94 242
91 218
41 232
29 177
28 85
82 213
45 76
10 173
71 134
67 107
23 197
177 230
145 218
189 233
61 229
9 156
73 79
55 99
26 120
148 186
121 213
141 213
18 75
152 167
24 147
72 170
222 249
2 42
87 144
84 206
67 93
140 214
63 172
48 144
86 191
7 144
207 210
0 225
35 167
182 230
52 192
16 103
51 105
58 196
45 142
4 112
70 87
2 111
152 235
5 28
150 239
35 196
138 212
24 247
56 135
107 217
11 122
210 249
66 71
108 179
97 197
181 232
170 222
130 140
26 172
82 229
49 57
2 41
177 197
49 139
208 241
9 142
183 197
55 60
7 112
3 92
38 64
25 178
51 194
26 101
26 177
12 104
4 223
15 245
28 44
50 88
14 99
198 206
40 159
61 197
86 206
3 125
78 239
131 224
58 191
1 55
162 224
59 167
110 156
34 138
84 200
152 227
7 108
67 170
56 125
34 108
98 128
9 214
72 155
67 73
81 211
122 150
101 112
