100 2000
58
20
23
94
83
62
64
56
77
61
99
53
103
114
112
110
46
46
35
23
46
117
86
20
75
54
84
56
27
101
33
65
102
88
40
117
30
36
105
39
29
85
72
113
31
117
55
109
43
70
112
69
67
30
22
74
65
38
110
72
20
76
69
54
44
89
103
107
57
89
26
67
54
31
60
117
28
95
106
103
46
50
105
45
60
107
100
105
25
42
57
77
98
59
111
75
80
95
62
118
22 23
18 83
44 67
2 84
35 81
80 89
24 54
1 24
72 83
11 71
15 27
75 85
9 21
26 97
29 49
23 40
4 11
49 58
61 78
65 85
26 94
0 97
3 22
1 86
64 94
57 74
79 94
1 52
3 28
2 4
9 42
66 79
37 53
67 83
4 50
1 96
30 98
33 96
49 72
67 71
13 28
44 93
46 74
77 97
26 99
33 88
12 93
54 99
2 73
4 34
35 77
7 53
49 86
58 93
51 64
64 77
45 70
9 19
17 58
49 95
57 82
50 83
37 47
1 49
10 36
5 39
58 71
57 99
44 60
11 16
8 93
5 27
16 36
77 85
26 46
3 80
60 64
6 7
53 59
8 16
66 95
55 67
6 24
36 76
44 50
11 99
27 90
6 16
15 93
43 62
19 23
17 32
39 75
39 45
0 35
61 82
66 68
49 90
75 78
77 79
22 78
12 88
5 57
25 70
13 50
22 87
56 89
54 80
84 93
25 71
38 93
11 53
7 55
2 34
33 85
7 11
0 63
21 72
57 94
7 98
37 60
35 93
29 81
7 81
26 52
6 45
4 38
13 92
38 98
25 50
40 57
2 29
13 59
11 24
18 84
0 48
85 94
18 35
16 23
25 76
23 43
34 81
27 47
66 73
50 97
54 68
70 90
4 84
60 81
15 99
64 96
33 99
10 35
33 51
29 51
46 61
47 52
27 79
46 52
43 97
2 65
45 98
34 87
49 68
16 94
42 68
32 67
42 75
26 54
28 58
41 55
4 59
84 89
35 39
36 88
31 91
6 29
88 93
37 63
9 62
5 82
38 51
1 26
32 56
4 60
12 14
18 54
43 71
54 62
30 91
13 51
34 57
42 74
2 57
63 64
69 98
0 58
91 95
52 56
3 70
57 64
40 87
52 95
35 50
1 38
24 48
10 43
12 98
0 61
19 29
27 81
40 88
36 79
31 35
40 86
4 57
43 96
93 97
35 83
32 46
11 56
9 27
21 79
2 22
3 98
39 81
43 61
26 27
48 67
13 58
9 23
8 66
12 41
58 92
25 55
52 67
16 88
31 38
42 82
23 93
21 89
0 36
15 85
67 80
42 43
3 89
47 60
60 72
4 88
13 31
11 50
27 65
48 90
10 30
3 55
44 51
3 19
22 29
24 99
16 41
39 88
28 49
32 95
6 41
58 82
72 85
2 58
4 41
12 64
16 44
0 56
37 87
74 86
61 91
27 92
67 68
31 69
78 95
2 88
36 84
9 57
23 65
87 98
29 94
55 85
42 94
69 74
81 87
12 60
32 79
28 62
1 75
40 55
64 76
62 92
1 97
20 71
18 21
48 60
16 67
62 85
10 60
43 83
3 47
79 83
41 81
59 82
23 36
8 37
61 81
28 52
40 82
0 50
8 85
65 70
13 97
48 68
27 76
52 69
11 60
51 97
62 86
23 77
11 70
36 50
19 63
15 91
21 51
38 52
21 50
39 86
39 99
27 54
58 66
27 96
0 69
55 76
14 53
31 84
31 86
38 77
12 46
28 99
1 50
1 41
52 87
80 94
47 79
27 52
26 74
2 27
81 93
7 12
24 77
16 32
7 70
54 93
74 82
53 85
6 75
15 26
58 59
9 89
16 84
87 96
38 69
45 89
19 81
21 65
29 35
36 80
70 83
54 88
7 82
86 94
4 49
45 58
3 93
9 71
11 87
57 77
80 99
13 22
18 96
53 79
25 67
60 85
37 40
23 83
28 50
33 43
31 56
4 70
14 67
13 99
36 44
63 94
6 21
0 13
6 49
4 39
32 62
54 60
47 49
4 43
6 65
23 72
23 64
38 85
68 88
7 84
2 56
47 77
60 99
19 43
49 82
23 81
30 97
44 94
37 79
0 37
3 24
94 99
57 87
14 65
23 70
19 70
0 79
21 43
50 70
74 77
4 26
4 98
35 71
71 87
73 90
47 82
46 62
43 85
8 36
55 66
30 66
37 61
38 74
63 78
17 67
28 88
16 55
11 80
11 58
14 20
43 57
92 95
28 39
55 57
84 86
23 71
36 90
24 26
43 95
43 75
83 98
30 50
22 67
14 40
31 62
18 43
27 88
56 63
46 50
10 99
26 62
9 86
30 69
76 80
0 11
10 78
1 56
77 96
15 40
10 68
37 66
32 87
12 31
26 50
36 57
21 66
47 84
36 97
10 76
46 66
14 44
15 94
3 25
40 63
55 80
30 78
82 88
18 66
33 67
3 91
32 88
39 42
16 37
45 60
12 26
28 90
21 45
5 84
37 49
17 31
4 9
38 47
14 97
19 99
31 40
10 25
8 99
6 37
12 63
92 96
20 97
30 46
3 48
3 13
93 95
61 62
2 79
53 60
43 50
13 45
5 12
24 60
8 69
5 16
1 66
78 83
12 81
31 67
9 61
1 88
68 90
3 65
20 68
70 80
91 92
40 61
49 93
8 91
8 59
55 87
64 72
27 87
4 28
55 94
21 25
50 90
18 41
12 21
56 62
13 75
5 6
54 84
46 83
47 57
29 30
11 57
23 38
15 62
45 64
5 86
34 69
25 73
24 82
30 80
15 66
59 76
6 33
36 58
14 70
30 45
83 89
6 51
51 98
53 89
25 49
2 50
7 33
8 51
22 37
10 80
69 70
37 68
13 91
19 80
18 55
57 80
19 59
46 82
67 89
5 97
19 27
81 86
57 59
46 93
41 65
26 90
62 91
71 89
65 96
22 89
28 61
33 63
7 74
13 30
10 92
35 52
19 37
65 79
9 31
14 74
4 71
88 97
63 81
0 96
44 59
26 71
24 47
17 80
15 57
21 77
4 52
42 87
25 77
48 91
19 51
0 60
23 88
81 88
71 77
42 99
41 83
93 99
14 50
18 70
42 95
43 48
14 86
48 74
38 88
19 97
69 76
48 76
52 63
5 52
45 87
11 32
29 45
39 54
2 77
68 82
2 97
2 54
71 93
21 91
19 64
65 90
5 47
17 99
18 44
50 91
5 37
31 66
7 13
34 61
40 62
34 64
7 85
2 7
26 49
67 74
17 25
40 70
35 87
66 78
61 95
32 54
18 27
16 89
32 59
44 75
39 82
17 46
31 65
38 91
1 17
7 42
39 94
16 81
35 79
19 25
34 52
2 38
41 49
25 45
3 44
35 42
9 34
11 25
3 32
5 94
26 38
10 11
49 97
17 76
7 78
72 78
56 64
44 89
32 97
7 31
8 18
18 73
40 75
19 67
13 29
14 30
27 72
41 96
19 49
3 79
11 43
44 84
64 85
62 81
17 64
69 87
39 73
12 65
14 79
79 84
61 66
40 93
34 39
6 91
49 67
11 54
18 86
66 80
1 35
6 60
70 92
6 26
2 62
29 31
55 68
17 91
8 23
34 75
25 88
39 63
6 88
6 69
64 92
30 85
8 35
37 43
70 81
52 99
7 64
27 50
57 84
3 34
24 94
82 97
79 82
40 73
0 66
5 30
40 51
38 94
9 77
60 91
25 38
16 50
8 65
32 42
6 96
83 96
24 40
27 75
65 80
39 90
78 92
17 71
30 68
42 51
57 92
76 84
52 80
34 35
58 77
27 56
21 59
0 16
58 60
52 91
36 62
22 56
44 73
50 93
45 94
10 57
15 17
53 95
68 76
12 92
20 24
2 11
28 38
46 70
76 96
63 73
66 90
2 12
64 69
11 69
3 37
80 98
56 90
19 54
0 39
2 30
51 58
76 92
38 61
89 98
34 62
62 76
16 80
2 89
58 81
13 84
94 95
35 37
5 96
32 98
25 93
23 34
37 96
18 99
20 45
85 99
82 94
34 84
23 75
49 94
17 33
42 92
78 81
55 56
7 60
24 73
45 48
47 70
52 82
14 93
33 83
39 76
17 27
9 45
17 81
0 41
17 24
4 23
69 91
18 64
18 46
3 60
7 77
9 91
0 62
19 90
50 87
39 49
25 43
61 64
50 86
0 25
13 94
56 93
91 96
6 46
34 60
53 58
2 76
85 89
34 78
22 28
61 83
82 83
25 39
27 33
38 84
21 26
53 75
81 98
11 91
3 14
19 40
55 98
36 74
20 86
38 92
24 66
2 82
50 55
7 25
20 58
58 70
26 35
66 69
79 93
39 79
11 94
26 30
33 69
51 70
52 93
8 60
73 80
28 85
7 79
22 95
26 40
12 71
1 12
91 97
22 61
1 14
63 74
13 88
54 83
56 71
6 85
28 42
72 81
43 60
36 96
19 22
71 98
64 86
38 41
73 92
0 22
69 90
67 93
45 88
61 70
49 85
56 92
15 47
40 96
49 78
37 93
2 51
4 94
31 76
10 18
53 97
3 46
0 64
70 72
14 27
26 28
22 30
22 38
39 70
52 60
33 55
43 59
10 70
61 63
62 83
64 97
13 86
69 92
9 96
6 81
20 64
60 76
22 63
25 46
17 86
41 48
6 52
65 97
66 92
28 67
80 90
37 84
32 84
90 98
13 15
25 63
26 91
48 89
34 58
3 31
47 76
16 93
13 25
6 50
15 43
13 34
0 85
48 80
27 73
60 82
7 66
77 82
5 76
30 77
0 52
58 67
44 47
32 33
13 44
33 70
12 85
43 45
3 94
64 74
48 93
8 25
2 40
48 65
18 48
52 58
83 99
32 68
21 69
27 66
20 82
1 20
9 75
0 18
29 52
3 69
39 84
35 86
7 23
74 87
14 59
66 67
29 69
29 64
16 46
35 64
16 30
16 51
0 19
57 90
66 87
44 64
4 10
15 38
31 36
67 95
82 96
24 86
43 54
14 75
23 41
38 46
8 92
62 68
73 83
15 53
52 66
10 41
86 90
50 62
32 50
13 68
66 82
20 34
88 92
42 78
21 46
33 73
22 75
36 54
49 80
14 92
56 72
27 44
24 96
68 99
27 78
22 72
73 93
60 62
1 85
23 48
61 84
29 62
28 82
27 38
14 96
8 14
77 92
49 87
13 66
27 48
16 75
5 11
27 91
19 61
0 72
11 66
80 85
63 72
24 59
43 64
11 72
0 21
60 89
27 84
39 66
2 66
28 81
53 63
46 73
15 59
79 87
50 72
10 23
50 61
46 80
41 87
5 88
68 75
9 49
66 76
8 45
63 82
1 13
20 99
70 84
59 71
30 62
60 63
3 77
52 65
23 26
53 90
2 61
17 87
43 88
16 31
15 88
11 86
27 71
89 96
1 61
44 71
60 68
31 97
63 97
55 75
29 78
16 68
12 95
26 57
80 97
18 94
8 21
57 89
6 18
14 38
35 82
37 95
21 70
2 92
44 70
24 27
4 22
16 24
64 89
10 74
28 51
20 38
35 75
37 38
8 32
8 34
35 56
39 56
64 66
38 54
8 10
23 45
20 77
14 58
48 92
52 76
8 86
84 95
7 20
4 89
34 46
62 99
32 52
41 53
16 91
62 74
34 91
0 27
30 95
37 77
15 18
2 94
30 54
87 88
34 94
44 96
67 91
1 22
15 25
15 83
13 53
3 30
52 97
21 32
51 75
28 33
77 98
13 93
13 46
28 78
80 81
43 78
5 17
65 95
18 33
30 72
15 63
1 98
30 79
22 42
2 3
53 86
34 97
3 92
1 31
47 92
12 48
10 33
35 94
36 99
66 89
13 48
37 39
58 75
19 28
20 90
27 34
68 91
54 97
32 86
20 54
33 86
2 46
48 64
81 84
30 76
8 49
40 67
31 60
21 64
24 98
40 95
9 83
17 59
14 88
9 74
39 83
3 73
83 97
47 74
66 84
78 87
63 93
4 27
57 65
22 54
31 72
22 83
71 80
49 63
23 68
10 53
76 89
19 20
16 52
31 96
75 97
35 38
38 53
47 61
7 19
39 44
27 67
24 38
33 48
63 89
62 84
9 78
57 88
9 37
84 97
23 27
50 75
9 84
48 73
23 47
33 37
48 56
48 96
41 59
50 95
81 83
7 43
0 92
67 94
3 75
3 83
47 83
20 27
27 30
16 28
23 33
59 67
12 40
3 86
58 76
33 59
18 37
16 79
6 48
22 51
27 41
53 62
9 24
13 83
9 95
6 64
81 82
22 66
72 84
28 43
0 84
52 53
11 46
16 66
48 58
46 76
10 94
22 39
63 79
26 36
5 36
7 57
59 90
34 72
20 21
92 93
8 15
28 91
54 90
45 85
16 64
9 67
90 97
93 96
4 85
7 26
16 77
19 85
6 97
50 81
42 48
59 70
39 65
13 76
63 77
24 45
35 44
21 90
6 83
46 90
75 84
7 21
34 47
30 53
63 83
11 14
2 48
32 61
79 95
19 35
11 92
25 95
23 98
96 98
45 56
83 87
50 66
2 6
72 92
4 16
47 53
43 51
35 78
55 62
13 82
30 71
29 48
4 68
26 51
43 77
46 69
13 35
5 28
10 64
15 28
51 54
0 38
22 65
3 12
30 70
15 65
59 84
75 98
1 55
56 65
20 81
19 87
26 56
0 71
37 98
23 42
2 78
13 56
29 67
11 85
29 84
65 69
33 58
33 49
27 51
12 86
72 76
59 66
17 92
5 71
72 89
57 85
20 74
22 24
62 75
48 86
3 58
50 77
2 93
80 91
31 89
37 62
16 82
52 79
52 54
30 84
26 98
12 57
6 71
34 73
27 83
37 81
14 73
56 81
43 55
25 98
0 8
36 41
38 68
35 96
9 55
39 43
29 74
23 62
45 76
49 88
55 65
10 47
6 99
9 36
14 56
7 96
22 32
51 86
36 83
63 71
19 38
37 88
37 99
25 94
8 13
4 65
73 79
41 52
61 75
25 64
44 97
7 46
20 36
9 26
55 63
1 7
32 81
45 57
53 71
72 79
35 85
79 89
13 72
16 98
71 73
13 80
53 73
28 41
33 72
41 82
30 94
2 53
26 68
74 81
20 49
24 93
21 37
38 83
10 49
44 99
37 97
45 86
6 77
5 13
5 33
29 55
76 79
4 18
60 74
12 25
27 43
11 74
19 69
10 58
16 21
54 61
50 60
81 85
25 91
59 86
46 67
22 90
37 94
48 97
40 99
34 51
5 20
2 43
29 41
35 66
18 77
40 77
37 86
57 69
44 83
18 88
17 40
13 98
91 94
2 87
42 84
7 76
21 71
16 97
7 68
44 63
54 85
20 42
67 82
58 68
11 13
56 95
7 15
71 79
36 87
55 92
61 87
12 49
80 82
38 99
46 58
56 83
46 78
21 34
49 64
3 36
9 72
68 98
59 68
37 57
12 43
16 92
76 77
10 65
15 30
7 38
3 18
17 49
15 78
13 90
23 61
6 66
58 88
36 78
58 87
50 99
52 61
39 68
15 54
29 90
38 96
19 24
51 82
70 79
18 22
61 69
75 89
36 81
51 68
32 93
18 31
10 50
10 75
41 60
51 52
47 81
21 74
58 74
13 61
36 75
11 63
76 86
5 7
6 73
10 90
77 87
3 56
64 84
29 68
20 37
21 30
11 55
70 77
59 69
27 60
19 50
40 52
29 79
44 68
89 94
26 61
14 66
47 65
27 70
60 79
74 93
17 93
22 82
1 48
47 73
24 57
41 72
9 69
40 44
8 46
43 92
21 36
69 88
7 56
41 63
16 95
53 87
33 82
21 54
46 60
20 65
12 66
53 54
35 41
27 82
24 67
38 70
7 75
41 77
8 68
63 84
7 9
17 54
67 81
16 20
48 61
12 42
23 66
5 38
29 32
2 16
3 6
30 60
59 78
7 86
21 55
29 85
71 85
68 77
40 50
1 92
9 82
30 55
59 64
7 8
5 98
92 94
60 65
77 80
70 94
6 34
29 91
7 36
51 78
23 46
58 83
63 68
40 71
28 87
13 87
10 48
50 69
3 21
43 82
58 90
40 78
17 36
53 64
75 92
0 54
24 31
35 69
49 65
8 17
46 85
49 83
2 55
79 80
8 79
23 57
31 77
9 47
20 33
9 14
35 51
1 45
52 62
8 9
19 55
69 93
90 96
56 98
64 91
21 96
47 54
13 16
15 19
1 60
20 53
23 29
61 94
7 37
55 91
53 69
37 48
30 64
69 81
2 64
8 33
23 25
52 78
36 73
45 54
5 43
21 52
12 29
29 95
62 64
5 81
14 76
0 83
13 18
45 47
43 98
25 47
7 16
8 90
4 83
11 21
69 77
49 96
37 83
39 80
36 89
71 83
18 51
8 30
2 63
58 98
75 79
10 29
30 35
20 62
1 18
41 51
3 20
15 73
43 69
41 42
27 39
1 79
40 41
11 22
25 28
20 55
24 91
56 75
28 32
30 56
9 97
4 81
46 98
57 67
49 99
18 40
60 96
20 25
36 47
62 78
23 44
25 75
78 99
49 98
31 49
64 73
32 91
64 68
52 68
0 29
39 57
51 76
40 98
44 72
0 94
64 67
51 67
11 68
83 84
39 60
29 89
7 32
7 65
30 58
22 33
1 42
26 75
9 15
6 43
8 87
17 95
15 49
13 77
0 55
66 81
52 55
5 51
47 97
24 42
2 33
10 37
43 91
8 75
0 20
20 32
13 55
69 89
18 65
36 59
11 42
1 25
14 82
72 73
9 53
55 60
74 94
20 95
14 72
56 96
35 73
14 35
17 66
7 41
56 60
66 91
98 99
26 72
68 80
82 87
4 35
21 95
13 47
54 78
6 38
18 63
25 36
5 15
13 70
35 53
88 94
4 47
9 43
12 27
39 89
25 33
37 80
7 87
34 96
11 93
48 54
2 60
31 39
31 83
74 90
49 76
3 35
23 96
50 52
18 71
1 36
74 99
3 29
0 89
66 70
28 57
30 93
3 8
32 45
26 63
62 94
74 76
44 79
14 43
0 59
9 25
29 82
33 61
9 40
13 17
13 74
45 65
23 76
14 83
63 87
20 69
15 97
14 90
7 80
25 99
11 82
22 58
29 72
65 77
