50 750
107
75
77
40
119
79
24
117
83
99
101
98
118
119
100
110
54
22
87
108
37
38
35
107
105
39
47
71
110
22
25
98
29
83
118
29
94
75
26
109
106
107
39
104
106
119
46
93
22
66
19 23
18 32
6 48
9 39
12 36
27 48
14 22
25 32
1 29
2 43
15 41
8 14
0 20
7 28
3 8
29 30
35 49
29 44
10 18
22 30
9 18
32 45
22 44
14 45
15 18
7 38
3 33
15 33
25 44
35 40
22 49
16 34
23 46
30 33
13 14
8 35
5 22
16 17
27 33
13 43
1 4
0 34
9 17
19 36
11 13
12 22
34 38
7 49
29 36
3 43
1 42
15 38
6 7
33 35
41 49
28 42
3 30
12 29
11 48
10 22
26 44
13 25
1 3
4 46
4 49
42 49
7 16
0 49
43 48
23 35
3 4
14 17
2 15
25 40
21 41
5 18
7 26
11 25
6 24
34 42
8 43
1 27
0 42
38 47
5 6
10 15
20 33
26 47
19 25
18 31
38 46
13 40
3 21
39 48
9 31
19 32
9 24
18 20
11 18
16 20
18 36
6 33
28 43
3 26
16 49
22 23
21 22
5 31
3 31
14 23
2 27
20 34
2 47
5 28
23 38
23 36
14 18
28 47
30 32
3 15
37 39
21 24
24 26
43 47
20 36
0 5
27 30
2 38
3 48
31 45
11 37
5 11
14 48
40 44
19 41
19 43
14 19
43 49
8 49
6 17
10 44
36 49
34 47
4 28
32 41
41 43
7 48
15 36
8 18
5 34
3 6
22 32
7 31
0 13
41 46
35 45
25 46
17 40
12 16
8 33
19 40
26 33
24 37
34 49
23 30
4 23
5 20
14 43
12 43
4 9
25 43
0 8
0 41
26 28
0 4
7 25
11 33
18 45
13 49
11 15
8 24
17 20
1 15
4 36
43 46
14 37
22 42
18 37
18 41
27 45
2 10
21 43
6 11
27 34
10 16
33 47
1 40
4 7
3 47
18 35
12 27
3 16
7 8
12 18
30 35
9 19
32 35
6 21
22 45
17 31
36 46
33 37
31 38
13 32
39 42
1 34
12 47
38 44
7 17
11 41
27 39
33 40
9 34
1 48
8 48
32 48
22 39
36 42
5 30
24 33
36 40
0 31
8 20
1 33
12 45
4 11
17 21
11 27
1 11
5 7
39 40
26 29
9 20
29 31
14 30
34 40
15 46
19 37
6 9
20 42
15 34
15 35
28 34
34 45
10 42
20 32
1 46
11 22
7 42
5 37
7 39
26 37
10 19
2 35
19 42
13 15
30 40
4 35
11 30
12 26
30 31
7 14
17 34
19 21
0 17
9 42
6 15
2 14
4 20
17 35
0 28
21 37
8 34
13 20
19 28
3 49
16 27
0 1
38 42
0 27
6 8
46 47
24 49
24 45
34 36
32 49
1 6
9 29
3 22
1 9
0 10
6 46
0 14
10 29
0 36
26 36
12 17
12 39
38 43
21 48
34 44
40 48
20 44
13 33
19 49
8 38
37 46
21 27
39 44
27 36
27 28
28 38
17 33
2 6
36 39
30 36
2 46
20 21
18 27
7 29
0 23
1 25
29 39
15 23
17 49
20 35
14 49
30 37
35 46
16 33
37 45
12 19
36 37
10 37
16 32
15 27
1 12
16 47
1 47
5 16
16 24
5 29
31 40
22 24
10 39
18 24
10 14
9 10
15 25
15 21
10 36
19 39
23 37
37 43
16 18
19 38
10 30
12 48
25 30
30 48
45 47
12 20
22 38
11 36
0 32
19 35
24 25
14 41
33 44
24 32
44 46
5 35
20 30
6 47
41 48
11 47
3 46
16 40
18 23
2 31
32 38
2 12
10 11
9 46
9 36
19 33
6 44
10 35
33 39
16 30
15 42
17 27
17 30
27 41
26 27
36 47
12 25
8 15
28 31
7 36
3 29
38 41
5 12
38 39
30 38
15 16
3 10
13 24
29 33
7 12
16 22
0 15
15 39
7 30
2 39
11 40
27 43
7 44
3 11
9 28
40 42
6 13
47 49
23 25
12 38
28 33
8 10
3 27
9 12
23 32
17 43
8 23
7 37
20 41
26 42
10 49
9 35
8 22
26 48
38 40
15 45
27 44
1 5
2 17
15 31
21 31
30 47
23 27
12 31
21 39
25 27
30 42
8 44
11 43
21 44
1 16
11 39
5 44
35 47
9 22
0 44
26 31
44 49
38 49
6 34
14 39
2 28
3 41
2 16
1 38
4 12
19 26
7 45
9 45
0 47
0 2
4 42
26 49
14 38
16 31
27 37
21 34
1 41
5 25
33 41
13 17
1 28
31 32
27 42
0 3
14 34
24 48
13 29
2 4
37 44
16 26
9 44
28 30
6 39
7 33
5 21
13 21
34 43
1 2
14 26
10 21
16 48
18 19
3 38
11 26
5 24
8 28
24 30
2 23
17 29
7 15
12 13
27 31
36 44
5 14
19 22
31 47
22 46
9 27
24 43
24 38
7 47
24 28
16 19
29 41
10 40
6 31
11 17
13 41
34 39
10 34
7 13
9 15
36 45
4 24
15 49
13 28
32 44
4 18
32 42
8 26
11 14
8 9
24 39
23 33
28 41
22 34
1 45
24 29
7 40
6 20
19 45
5 10
6 23
11 45
42 48
6 16
17 19
24 34
14 28
35 43
43 45
12 40
19 29
24 46
38 48
14 25
17 36
12 37
18 44
33 36
3 20
3 13
17 41
29 45
3 5
42 43
12 21
2 29
7 41
32 43
2 9
5 26
8 29
6 43
11 49
28 45
24 36
7 22
13 18
1 32
4 26
20 48
42 46
9 14
15 48
7 24
1 13
1 36
30 41
15 47
28 39
9 13
18 22
16 23
40 47
23 49
2 24
21 49
33 42
7 10
4 41
22 25
41 45
13 31
4 13
3 32
5 19
23 31
29 43
9 49
14 27
2 41
13 38
43 44
4 14
35 42
9 23
8 40
29 48
6 25
4 17
19 34
10 27
5 47
5 27
14 32
18 40
26 41
28 37
9 48
27 32
24 42
11 19
8 37
8 16
30 34
21 32
7 43
34 35
14 15
8 39
6 26
35 44
8 25
33 48
19 44
10 45
8 47
2 49
33 45
18 47
20 37
5 32
31 48
10 25
26 32
22 31
3 44
39 46
25 39
14 47
31 42
25 31
8 11
3 39
39 45
32 36
14 42
30 49
18 39
8 36
12 30
37 41
13 22
8 13
9 47
0 37
39 47
13 46
15 28
30 39
17 42
28 49
8 42
32 47
20 28
6 40
3 35
12 24
18 29
23 29
10 20
11 16
23 48
36 48
18 38
0 9
10 13
17 28
24 44
4 43
4 32
1 20
0 43
9 40
10 43
14 21
32 34
4 38
31 35
16 35
12 44
28 40
21 42
6 22
17 25
17 45
16 38
4 47
0 16
35 39
20 27
2 37
4 25
