300 3000
110
107
62
118
71
84
59
100
103
38
39
65
113
49
52
58
97
37
48
106
87
45
78
49
22
63
61
34
99
44
61
41
31
104
39
82
20
30
115
103
100
34
101
93
63
33
31
92
102
112
79
70
89
89
99
91
33
92
57
64
68
98
85
79
34
56
93
35
118
40
70
98
55
51
23
50
116
86
23
99
78
34
101
99
55
32
70
68
104
107
64
52
38
81
63
52
117
88
67
115
109
118
45
96
101
48
26
98
115
81
77
25
47
110
105
83
22
107
83
58
47
28
42
65
89
37
97
39
105
45
86
94
95
112
70
76
92
29
54
39
90
63
97
70
53
34
33
107
21
48
97
48
56
71
93
78
88
23
97
74
100
115
100
75
107
51
83
32
112
70
103
34
65
80
84
51
46
49
38
48
78
68
28
66
119
54
24
88
57
53
94
89
49
74
96
88
57
59
100
49
61
36
116
107
96
80
38
23
110
108
103
20
56
63
66
108
49
23
76
38
56
50
107
37
56
83
106
94
75
38
75
116
54
71
55
83
84
73
38
74
114
21
26
102
116
72
90
46
75
98
64
64
80
104
81
117
67
67
43
22
38
50
71
72
102
106
35
118
112
53
24
58
106
30
40
55
82
111
81
90
41
77
86
102
61
47
99
61
47
74
63
65
104
66
69
38
53
85
36
97
82 194
32 161
76 263
82 287
125 129
171 237
39 180
188 236
54 61
31 148
70 235
59 258
39 89
37 255
44 143
110 277
142 290
118 190
158 178
35 201
59 124
98 272
57 208
118 286
18 262
18 249
130 140
208 229
215 221
18 64
11 129
2 94
23 284
120 233
73 214
268 273
198 292
72 255
110 200
125 214
180 195
21 164
25 124
2 247
21 39
51 63
157 202
105 277
194 225
108 263
51 283
1 82
206 276
8 176
16 185
143 197
7 80
158 270
131 272
157 222
220 293
25 247
130 277
24 108
132 240
159 223
212 266
172 199
128 220
105 189
138 271
30 237
95 108
80 213
135 252
126 225
125 161
55 291
102 131
94 151
62 263
18 230
269 274
102 194
43 149
172 299
233 289
41 202
84 167
89 174
3 52
14 216
69 177
32 259
111 252
126 215
173 196
148 197
52 218
67 94
146 147
81 240
135 194
122 219
48 62
8 117
74 100
33 278
143 292
10 147
155 188
29 63
12 85
3 229
23 116
122 264
62 221
45 56
9 219
28 123
88 268
68 240
25 163
58 98
17 108
206 225
21 49
6 134
33 235
150 189
10 11
114 232
126 211
40 187
68 130
10 98
209 250
72 219
17 27
96 130
36 178
21 227
27 57
113 143
2 14
77 293
65 159
61 243
70 101
130 252
140 222
51 131
22 142
169 203
39 85
217 266
39 174
144 283
67 257
81 126
11 171
129 158
82 219
72 204
73 203
157 295
43 260
126 238
81 282
21 107
125 218
92 291
135 165
76 284
145 254
65 208
126 276
37 260
110 247
20 165
13 22
67 108
193 282
16 98
26 258
89 245
80 83
0 89
165 268
165 284
102 120
73 298
78 163
77 258
123 273
38 98
165 197
198 231
111 297
189 247
90 134
169 224
91 137
127 141
2 13
76 229
11 59
22 239
137 264
197 287
2 95
152 252
15 26
26 249
205 256
63 91
47 232
67 190
122 209
17 124
222 247
200 286
58 191
8 195
205 207
182 261
52 87
79 214
102 215
7 157
172 220
151 219
204 218
78 109
127 178
102 203
125 155
88 236
47 148
6 183
66 105
158 268
182 205
59 289
97 146
67 269
118 218
74 240
101 188
16 153
56 280
157 170
10 263
62 93
29 158
15 69
37 147
52 173
214 219
68 111
112 230
90 230
82 200
57 89
184 210
157 216
18 27
125 281
37 271
96 247
0 165
147 262
188 202
173 199
62 102
241 267
31 45
197 245
6 114
50 86
216 243
18 286
22 143
20 59
116 166
58 166
21 281
13 235
261 264
108 115
49 79
82 124
32 133
121 299
38 208
7 101
119 151
45 174
14 65
181 285
96 233
99 266
165 169
130 201
9 181
260 297
80 111
136 296
164 258
47 202
148 166
69 261
7 19
85 295
33 124
58 266
66 129
24 298
231 278
112 180
39 177
125 202
9 261
173 198
219 297
76 137
89 197
216 259
96 254
2 221
20 287
31 168
55 138
69 166
46 85
125 234
111 276
27 285
72 278
44 159
275 287
173 233
76 192
141 225
195 199
146 238
216 229
54 107
25 284
122 176
124 162
100 247
26 273
97 137
4 296
32 193
127 283
112 257
71 150
37 270
46 235
261 262
68 164
68 200
145 244
22 269
21 158
121 131
48 259
52 229
7 174
43 136
1 93
244 296
42 95
56 179
4 95
124 176
74 295
18 121
95 279
39 217
111 139
92 228
244 287
80 266
20 30
226 237
145 222
181 292
112 264
20 101
29 207
196 203
17 103
199 273
64 297
160 168
148 204
200 252
135 270
166 280
42 258
103 239
37 232
196 232
85 149
57 268
114 217
12 270
37 234
221 231
141 153
57 91
95 289
9 176
118 290
94 160
0 198
100 233
84 287
181 188
150 221
87 297
9 119
53 109
30 98
252 285
128 171
61 212
71 276
89 94
113 183
6 113
133 158
46 120
228 242
61 215
58 130
3 249
112 120
2 218
39 195
66 170
220 284
31 196
55 120
168 290
55 296
241 281
80 155
113 149
8 174
65 190
53 139
193 284
179 271
194 233
153 298
29 178
49 285
91 201
8 205
87 238
249 294
18 63
78 196
237 261
170 268
107 133
117 275
1 247
286 297
47 193
123 191
128 292
29 108
65 83
37 222
3 39
102 165
39 100
69 178
11 262
228 237
180 229
229 236
129 267
158 276
4 104
112 202
37 185
177 275
12 233
14 281
116 255
107 198
76 207
169 176
87 105
19 107
86 95
106 249
16 225
82 229
94 219
8 267
23 242
20 256
1 8
176 263
71 199
27 84
253 299
156 166
112 186
208 243
101 135
112 185
117 166
88 194
12 162
36 97
156 169
44 217
8 223
93 122
131 177
130 202
68 183
47 287
254 282
141 255
83 192
252 254
111 148
93 123
62 242
211 271
8 111
34 188
16 281
147 209
111 211
29 94
16 231
141 186
149 298
79 133
33 93
86 204
231 234
80 296
173 291
267 284
207 299
67 71
241 280
152 266
143 296
74 298
64 191
12 115
40 92
186 248
86 125
59 142
17 222
108 242
127 266
17 227
50 87
28 85
30 103
173 232
151 230
247 268
121 260
83 214
31 52
100 229
118 242
41 187
201 217
130 183
28 109
115 200
37 159
195 241
44 114
57 113
12 231
73 95
145 177
179 297
49 159
252 291
236 260
118 153
143 233
44 227
101 138
133 296
26 79
124 245
71 233
59 135
164 184
61 231
110 114
25 110
154 159
147 277
114 182
258 266
115 245
54 216
136 187
215 265
141 214
37 213
74 272
172 291
155 208
52 74
17 215
99 228
69 128
76 183
10 94
178 193
39 299
146 175
111 187
143 153
108 252
27 242
114 132
40 70
122 270
39 167
89 266
44 147
94 157
190 287
87 281
234 287
209 226
45 52
131 298
73 212
44 77
187 199
84 209
3 73
163 249
217 270
21 169
13 167
78 255
155 166
194 236
100 145
120 145
249 251
161 195
24 205
223 263
42 173
45 297
160 174
67 143
233 236
101 208
15 163
8 181
99 202
281 297
74 178
77 246
108 126
101 150
65 116
107 126
41 175
205 215
87 272
72 110
18 261
225 276
209 233
33 187
30 242
120 261
28 90
188 298
191 201
60 254
27 113
101 254
69 70
41 43
113 179
56 250
32 39
24 183
268 293
235 264
50 225
79 107
16 106
19 259
7 25
71 86
173 191
92 261
133 294
4 225
60 298
89 175
111 144
137 166
79 130
124 182
107 284
13 175
32 90
135 149
58 258
249 287
79 131
177 210
264 267
103 262
79 278
104 276
141 270
165 273
42 100
155 207
26 168
83 116
200 270
10 17
11 112
135 274
41 151
144 241
72 165
175 269
16 100
266 291
41 143
8 196
34 103
64 238
17 202
208 271
79 188
27 91
52 214
65 146
58 65
230 290
182 217
252 283
243 286
1 27
61 139
224 242
40 147
49 180
109 140
72 189
80 99
185 280
65 97
31 130
73 155
37 112
64 291
29 72
60 73
56 199
32 186
33 193
73 134
182 265
123 206
45 57
103 282
122 200
4 13
107 139
117 197
181 182
211 269
95 293
19 244
52 281
15 137
177 262
111 201
108 227
25 235
90 217
7 40
73 291
44 98
161 212
94 295
17 95
57 140
76 112
85 145
180 274
57 212
114 237
216 221
156 274
191 293
1 246
231 289
28 126
38 140
187 189
36 184
204 241
68 229
14 69
214 250
40 178
29 59
280 292
246 266
188 291
158 187
141 292
118 176
16 169
111 208
92 204
160 199
85 128
155 229
194 195
105 235
73 216
66 264
197 262
84 85
254 294
136 201
57 169
77 269
168 225
120 222
7 86
67 248
143 162
19 262
87 130
146 236
185 205
109 290
22 115
36 47
165 172
0 34
269 282
112 150
34 247
85 270
93 271
152 256
114 166
27 296
5 15
142 211
3 200
223 253
118 289
36 270
22 214
70 196
234 291
46 290
20 69
75 114
92 227
122 206
145 201
151 254
96 217
62 117
67 100
92 270
56 62
6 270
129 136
128 166
115 265
118 136
86 194
2 178
173 176
71 136
77 90
222 294
36 186
38 164
103 256
9 159
182 207
48 248
64 87
65 258
151 252
204 254
77 81
11 148
59 122
58 298
158 222
36 261
97 230
1 173
55 165
165 261
48 155
221 229
6 181
124 210
187 206
40 121
175 240
133 235
63 191
273 285
21 165
95 235
160 171
88 97
110 215
122 253
158 183
43 217
116 168
126 219
1 177
10 212
27 288
253 273
0 118
214 218
63 147
11 173
83 237
32 246
0 63
180 200
78 119
48 151
115 132
59 172
64 142
143 198
183 245
149 182
82 215
264 273
137 196
185 284
231 272
218 273
46 170
205 217
108 249
133 265
76 224
5 118
141 203
76 261
196 200
115 225
189 278
140 174
78 177
50 60
30 108
75 206
200 280
123 201
88 141
34 65
40 217
58 183
197 243
144 186
93 163
11 123
104 152
182 297
29 109
189 284
60 139
92 147
285 293
80 110
27 50
120 286
115 137
75 235
11 80
75 238
42 203
252 279
60 276
114 261
5 249
73 148
149 165
143 170
151 280
253 275
60 95
249 291
262 278
25 26
15 110
65 101
58 132
70 86
192 236
120 241
41 91
38 211
241 286
243 261
3 246
108 290
5 122
20 82
148 183
1 97
207 248
70 133
25 294
6 41
218 248
11 214
4 91
129 222
166 297
90 243
221 250
226 285
6 72
8 273
106 241
26 189
13 160
12 59
18 237
18 67
109 219
71 142
120 290
60 132
63 281
82 101
207 208
159 268
100 232
74 258
41 140
53 170
52 72
68 142
171 287
4 294
181 294
114 293
127 230
261 275
31 235
168 190
152 203
30 42
83 111
33 222
137 173
193 261
261 278
103 149
1 107
144 234
154 258
228 281
188 255
242 271
163 242
197 213
15 255
178 279
212 280
105 127
157 241
67 96
6 120
202 256
54 110
161 282
101 143
137 289
125 231
0 38
68 129
46 108
137 246
62 158
117 189
16 110
46 83
104 206
203 214
7 9
76 220
44 219
33 73
57 198
109 265
94 237
177 283
176 202
172 264
86 289
102 205
3 99
57 237
108 192
24 167
100 202
87 246
20 160
129 279
111 244
48 238
90 168
83 293
44 255
9 182
267 296
147 285
222 270
130 256
115 280
69 297
84 133
15 205
46 297
34 108
24 291
133 208
43 244
46 223
207 260
177 193
182 201
8 49
5 234
67 118
142 185
139 272
58 232
275 299
134 207
79 108
250 287
0 171
94 227
46 134
54 291
63 289
71 244
90 178
129 261
245 271
146 269
130 162
79 161
105 266
68 266
45 70
253 268
70 232
115 168
118 221
181 211
155 210
5 53
86 134
14 83
157 160
53 71
184 291
148 232
52 150
114 247
119 122
216 244
51 83
112 169
4 75
51 267
56 282
20 68
34 242
151 152
194 257
222 237
141 206
44 86
200 258
132 291
20 259
76 123
42 240
47 293
15 96
66 297
66 146
120 270
49 66
227 271
4 120
90 177
164 187
42 208
19 114
95 219
238 262
87 231
61 154
79 127
203 283
21 265
85 181
230 291
151 270
155 253
91 130
7 297
17 92
88 215
144 235
22 201
14 127
176 258
79 193
158 241
101 174
144 243
104 146
109 115
54 206
8 265
195 233
102 148
83 120
21 298
157 178
35 85
136 228
78 165
18 86
81 252
109 214
29 227
218 281
210 287
85 253
32 270
119 186
58 186
185 254
79 112
115 166
197 251
94 114
81 232
86 184
13 99
247 292
128 165
168 274
111 127
98 121
59 143
30 269
169 223
248 267
35 82
114 285
85 260
99 167
192 284
253 257
135 200
249 263
56 86
95 282
116 167
36 64
39 83
36 127
165 202
164 250
162 263
106 169
122 299
63 134
65 74
150 244
33 40
179 189
36 90
161 257
152 277
46 243
60 82
122 277
285 286
147 279
2 149
1 6
23 69
98 188
38 134
42 227
123 283
106 213
71 267
223 275
269 296
56 218
51 93
33 36
12 131
133 236
213 242
187 237
63 75
87 250
165 181
177 288
216 283
254 287
2 177
262 298
198 232
1 106
77 139
38 209
26 203
94 117
268 281
54 83
108 141
33 273
74 262
262 290
216 297
277 299
145 291
43 49
155 275
44 53
14 250
108 160
119 180
90 225
198 264
49 118
172 192
12 186
102 211
61 247
162 202
42 177
116 282
273 296
118 133
105 237
66 195
30 214
32 145
69 131
195 224
158 255
109 205
18 69
108 271
150 180
201 250
183 289
14 119
180 237
227 265
141 232
47 77
179 226
150 199
74 206
31 61
16 130
101 176
102 282
55 79
120 284
103 238
118 134
20 103
87 299
46 213
139 217
116 225
42 52
22 103
83 90
185 233
87 267
46 219
142 255
133 166
52 111
204 251
85 107
84 276
189 194
111 131
81 108
123 279
2 212
48 278
144 263
111 285
103 204
209 245
127 211
22 130
82 179
226 265
241 254
196 284
93 278
57 152
32 182
105 177
90 145
40 248
46 250
246 258
76 129
9 32
11 210
26 151
127 265
39 161
38 112
190 257
68 94
14 153
120 276
30 122
122 262
9 122
68 124
19 254
51 197
15 107
41 114
80 259
50 168
280 293
88 184
208 289
4 278
7 61
143 176
138 181
3 18
142 199
124 218
21 148
22 163
136 180
191 204
125 268
241 262
81 157
147 198
42 228
151 155
79 235
116 299
17 217
169 172
211 296
69 213
1 223
50 180
70 193
57 186
32 214
268 282
10 113
211 264
165 198
95 216
65 67
239 285
234 249
125 287
9 108
39 284
89 109
211 273
241 296
209 240
53 278
241 271
70 188
165 192
157 259
142 230
216 250
91 289
42 152
81 97
189 258
105 222
13 133
131 254
71 129
160 215
124 238
153 194
45 126
112 283
56 94
6 178
11 21
53 295
144 226
115 186
103 108
116 272
103 293
122 175
37 174
51 87
240 275
153 297
109 286
42 189
119 204
101 267
148 192
72 118
258 293
148 233
118 206
16 111
61 138
38 236
125 227
39 254
36 66
104 159
48 198
154 198
167 299
112 121
193 200
230 245
164 203
21 93
122 161
183 184
171 278
100 210
218 232
91 299
74 249
192 273
103 111
24 276
223 224
154 221
124 169
14 70
197 244
133 175
127 226
51 108
204 261
188 261
6 280
224 261
31 116
35 55
92 259
13 280
165 201
189 235
86 216
91 231
58 272
18 132
109 274
77 163
187 195
83 149
114 119
154 265
110 169
82 123
13 103
69 71
0 151
175 214
59 284
8 220
101 259
95 122
178 283
13 69
184 188
179 201
49 94
11 12
2 187
164 252
103 280
164 195
275 279
39 179
190 248
43 140
64 71
78 133
84 262
73 264
164 168
65 227
119 232
26 114
29 66
9 242
107 222
204 253
82 84
82 292
26 184
91 126
204 255
92 224
219 298
108 135
218 225
62 150
44 229
125 176
47 119
21 135
39 278
112 274
18 175
195 202
210 293
269 277
54 248
214 267
83 185
139 198
87 236
179 264
61 226
135 196
274 288
215 277
45 172
0 117
162 245
210 275
17 132
151 275
111 231
71 89
61 176
59 240
27 218
69 218
109 192
222 245
24 42
146 194
42 92
119 292
21 146
144 253
233 257
18 76
109 135
2 10
7 281
81 128
26 251
248 289
14 248
94 290
32 260
68 238
37 109
58 113
256 257
11 265
87 242
36 103
46 274
34 157
79 239
31 162
204 265
265 279
22 218
111 230
50 54
50 91
159 163
150 167
120 213
114 133
53 169
75 267
47 61
66 276
83 130
161 180
48 150
160 183
132 290
182 262
81 173
46 283
41 218
197 226
33 250
3 147
29 114
78 143
145 213
95 119
51 228
29 257
192 253
85 189
151 182
16 267
24 65
51 117
0 284
69 95
2 242
32 72
109 150
22 175
46 47
28 170
149 179
57 102
71 246
6 187
149 206
74 225
125 272
95 256
178 190
77 180
133 149
212 242
51 139
16 99
186 237
86 127
65 236
189 240
127 234
83 247
21 86
58 60
155 198
66 76
98 143
231 257
44 221
95 225
113 293
50 246
125 180
189 297
61 129
238 295
9 185
95 130
243 258
153 157
150 271
248 285
114 294
158 231
208 216
5 81
202 252
131 134
72 129
131 243
122 202
263 290
7 173
116 263
175 266
160 286
100 267
155 250
10 123
15 159
61 204
19 87
201 247
130 160
114 144
134 252
129 260
7 239
175 278
153 202
194 240
13 161
40 220
102 111
22 95
135 189
82 139
51 90
213 234
165 217
177 180
155 285
55 239
8 249
74 179
110 271
73 142
190 296
132 245
131 136
221 266
187 231
156 207
28 97
26 202
208 239
234 263
178 242
57 265
68 127
80 167
101 153
9 150
6 96
34 227
52 143
30 149
56 284
133 239
136 141
81 93
11 60
77 88
121 208
201 204
6 75
55 136
151 208
143 294
78 286
46 227
30 68
7 36
163 172
23 149
81 168
256 293
114 158
62 217
68 292
120 123
80 129
272 274
74 104
10 121
78 84
120 203
67 86
44 287
13 142
10 21
14 146
4 19
181 236
119 249
228 291
109 124
72 98
81 146
91 254
19 38
222 223
8 158
42 255
47 184
167 194
134 265
67 223
42 201
68 182
34 192
158 291
42 125
4 297
76 268
35 190
51 246
93 250
253 297
273 277
117 223
4 192
116 189
71 90
140 210
24 296
16 32
75 154
141 211
211 287
52 90
2 157
162 183
52 160
136 221
28 83
24 225
196 297
107 167
189 191
103 221
10 207
48 100
221 224
260 262
14 136
45 50
68 233
120 208
44 145
94 280
19 124
5 21
16 172
180 205
35 115
23 179
45 279
137 204
40 278
28 203
137 272
13 45
144 158
141 238
18 191
196 258
26 39
120 271
235 284
6 215
10 52
238 246
70 150
49 127
31 242
129 132
55 143
177 199
190 244
89 148
180 192
64 226
151 262
52 157
114 229
176 261
32 52
26 180
21 133
262 263
18 153
82 157
217 263
107 153
242 259
7 152
122 286
25 268
0 20
183 230
187 196
106 239
184 280
113 171
134 205
110 128
37 204
122 193
52 98
12 281
41 216
79 215
184 241
79 257
124 144
115 135
0 105
59 270
193 257
68 150
150 240
13 272
111 292
4 5
46 204
105 125
165 257
82 217
22 145
134 204
45 91
150 195
0 159
135 224
24 128
29 36
184 292
105 128
5 164
29 262
76 262
122 229
40 86
63 231
114 197
159 188
38 288
107 200
38 242
62 124
122 212
205 271
69 164
151 291
6 273
92 272
13 35
75 180
232 263
39 273
1 146
91 173
49 141
101 262
74 167
124 290
153 288
139 168
174 197
18 178
146 257
58 241
163 214
48 139
6 189
189 212
203 257
31 65
122 189
74 110
43 294
2 240
167 221
161 239
97 118
85 208
60 247
26 58
106 162
166 168
48 107
5 132
10 197
88 132
87 162
130 294
209 296
122 130
163 283
13 121
102 259
214 221
258 279
120 240
137 158
185 288
17 173
79 242
31 70
157 263
245 258
39 206
6 213
36 222
158 197
51 235
135 257
24 247
168 287
210 237
160 204
17 231
235 280
140 233
232 290
139 297
145 228
138 154
7 145
10 162
186 197
133 172
92 273
120 183
29 33
46 88
75 264
79 156
60 69
140 252
66 286
180 285
18 80
191 278
77 253
192 263
64 202
148 176
156 268
111 186
53 251
69 284
63 79
139 226
66 133
91 199
23 104
41 237
180 215
134 170
88 224
264 281
2 132
70 76
27 55
55 125
106 170
103 298
3 221
26 165
244 263
124 258
181 230
10 89
14 99
48 65
115 198
102 191
157 268
75 271
34 129
189 246
1 179
21 111
8 189
238 252
196 204
129 186
77 191
27 144
42 93
158 244
43 46
49 63
42 139
137 202
81 231
94 190
154 199
35 92
203 291
41 84
170 177
205 276
18 66
10 50
145 176
56 278
12 208
50 99
4 54
37 288
138 179
132 292
78 219
33 137
178 211
88 118
94 100
45 167
112 147
41 177
234 292
19 201
121 298
0 52
126 289
89 264
220 273
8 298
145 193
83 156
75 201
176 244
42 295
95 160
189 272
220 258
135 256
8 219
150 228
148 235
123 244
68 198
141 282
224 269
183 221
197 231
263 292
91 204
264 292
138 223
5 179
161 240
90 160
265 290
156 240
10 274
19 158
89 298
208 232
203 224
41 224
188 199
67 79
245 280
71 170
121 161
83 163
178 291
104 264
41 130
27 112
62 288
40 61
61 264
37 265
57 164
176 225
171 295
118 156
228 279
193 210
49 220
13 226
180 253
126 220
16 206
50 129
163 247
145 264
201 202
178 180
79 176
101 235
195 294
26 265
123 159
95 288
214 260
61 236
111 193
65 192
26 210
156 227
37 164
158 243
259 265
231 259
154 248
30 37
25 159
120 177
240 286
12 160
73 273
96 219
213 236
111 263
123 268
39 242
5 100
22 35
18 112
266 281
71 266
48 178
96 278
50 88
62 264
248 290
96 136
72 261
9 72
87 184
82 92
149 224
182 259
46 171
205 277
13 295
113 276
124 225
91 275
108 213
38 213
150 174
10 111
19 298
86 235
80 256
180 220
102 229
153 191
201 220
58 214
86 267
210 223
168 175
83 206
89 233
99 132
96 183
83 170
21 126
163 241
58 145
1 95
50 296
108 273
42 246
134 208
17 54
84 100
13 173
24 233
80 246
16 101
73 232
42 183
77 138
127 237
134 210
97 287
151 285
37 139
193 208
144 277
8 157
145 202
54 278
78 135
146 225
50 236
78 279
207 233
117 222
3 86
73 133
36 100
58 291
4 74
199 270
259 281
127 236
104 233
214 234
68 139
57 81
211 241
88 227
119 205
149 205
260 282
19 141
52 145
4 145
115 179
263 294
115 120
81 227
106 296
187 273
105 214
151 193
150 291
110 227
258 273
44 171
152 276
241 297
176 295
43 50
30 115
177 274
26 150
183 213
64 76
34 206
226 249
36 262
71 260
124 236
12 174
121 216
146 171
79 201
23 53
225 279
18 214
83 289
247 290
169 216
183 248
5 223
156 265
280 294
58 201
154 169
179 257
51 132
155 263
4 230
36 68
87 155
2 196
170 293
39 196
196 261
223 266
119 131
165 283
163 236
70 224
103 105
79 290
206 234
253 263
22 216
51 123
19 31
98 267
60 122
97 164
35 78
62 228
92 253
50 229
162 208
32 241
198 291
151 227
6 143
109 225
18 34
37 214
13 117
57 240
37 203
60 266
13 265
24 242
27 224
17 174
70 244
76 77
3 139
157 237
89 151
207 246
55 164
147 289
28 236
89 193
210 254
64 154
97 278
140 254
157 176
128 246
153 258
74 292
63 261
50 201
200 214
9 131
208 255
36 172
117 145
99 177
31 80
58 216
56 180
65 108
214 245
106 119
180 203
164 216
65 295
28 265
93 273
17 237
9 134
187 238
233 267
21 201
77 254
194 258
62 224
140 169
95 101
12 259
25 97
31 59
42 111
67 204
100 221
128 234
66 160
127 220
88 121
42 205
99 131
107 156
25 291
87 203
127 162
151 276
234 239
34 35
45 291
101 198
264 282
125 132
48 104
188 252
109 282
104 217
164 172
43 243
34 94
19 26
80 106
60 126
149 213
76 114
195 208
239 296
13 243
167 205
18 152
6 69
122 222
66 293
28 266
37 212
106 293
196 218
45 119
131 247
79 211
155 202
75 220
11 146
103 263
116 230
121 288
237 295
211 231
61 229
11 274
117 266
35 138
12 218
85 223
49 292
126 176
24 265
188 228
127 170
0 96
34 159
70 295
28 299
17 83
50 145
232 284
240 296
25 150
219 252
45 69
34 128
68 69
248 263
59 239
98 248
162 220
53 271
136 190
35 40
24 186
19 126
20 222
203 292
174 272
2 89
59 159
22 71
10 159
108 133
31 160
80 104
157 193
51 84
171 231
168 191
109 188
64 113
180 287
88 270
112 181
92 221
107 174
34 252
56 138
31 166
217 265
10 115
39 61
229 293
154 230
43 169
102 270
59 82
123 124
5 206
180 236
149 162
102 287
125 249
115 158
176 208
24 33
146 186
115 232
45 75
86 244
98 222
168 222
33 279
6 129
196 293
145 231
141 170
79 260
17 45
155 256
243 270
18 188
15 155
83 113
129 251
88 174
67 78
136 208
156 196
130 179
1 52
13 21
90 131
111 286
46 54
8 286
75 125
13 192
148 282
57 111
38 230
213 246
118 161
0 154
41 207
53 114
184 220
31 204
3 223
138 231
263 289
2 59
41 155
151 212
3 153
23 285
103 189
43 184
104 277
91 222
145 296
6 68
144 299
40 52
107 111
14 43
204 246
57 226
36 249
0 286
111 189
141 296
245 284
273 286
65 206
52 209
113 267
204 270
139 299
36 44
245 262
101 246
51 102
162 232
43 74
28 210
71 236
14 278
1 275
82 166
242 254
30 105
231 286
75 122
166 283
20 126
229 230
162 174
143 217
54 288
60 245
12 290
43 90
172 287
261 282
43 178
87 161
29 215
67 284
78 150
51 204
222 281
96 185
29 195
14 184
11 135
177 296
23 86
63 272
10 233
45 188
184 276
5 50
86 99
125 178
176 288
134 211
20 157
7 104
73 101
236 288
36 85
160 165
122 137
184 223
70 268
46 73
175 205
4 103
228 261
1 182
69 156
65 212
89 272
170 242
45 210
182 230
95 247
43 121
232 266
2 6
79 287
100 192
6 255
19 248
20 40
233 252
93 106
28 257
35 54
238 265
185 237
60 280
7 44
13 298
37 46
144 198
150 229
153 230
89 169
113 241
65 182
40 226
68 245
6 238
210 227
22 244
251 259
66 257
16 164
212 295
62 276
114 267
206 283
19 57
239 276
136 203
279 294
76 239
105 201
55 101
14 275
41 104
120 272
19 257
32 71
47 146
148 181
25 210
139 214
113 170
251 260
252 269
80 126
135 153
129 228
32 150
174 222
193 237
240 251
42 136
69 246
24 190
29 279
144 290
199 250
96 168
47 108
11 275
213 237
7 211
87 212
32 91
95 202
25 90
23 137
80 211
99 243
89 161
61 87
40 235
281 294
28 111
102 175
55 91
115 140
3 228
79 146
12 33
37 293
123 183
87 113
212 263
30 124
2 169
105 271
51 243
107 195
34 36
89 222
16 53
87 229
118 262
112 231
131 143
4 197
1 241
132 212
16 126
22 75
109 123
58 97
126 251
150 187
154 289
24 168
33 252
1 255
151 160
133 164
48 186
92 106
44 70
170 224
86 299
244 261
54 160
110 111
180 261
219 250
111 254
67 252
164 256
18 29
27 187
110 123
9 34
45 96
85 290
109 298
44 220
212 233
12 235
175 183
