200 250
101
45
115
72
113
77
100
98
43
61
107
45
110
109
88
31
102
44
117
50
81
34
84
67
21
81
86
27
112
86
45
46
63
40
98
56
97
30
35
72
71
22
50
114
111
118
25
94
94
74
76
107
40
92
54
41
53
73
101
98
91
26
24
35
98
54
71
27
116
38
80
20
92
62
114
36
112
71
62
86
25
118
25
97
42
60
119
76
113
100
106
84
106
62
51
36
96
55
43
92
73
55
92
98
97
38
114
89
89
56
107
46
54
113
24
28
105
23
84
50
55
70
114
41
112
98
109
40
33
32
65
38
68
89
116
97
108
110
119
77
46
106
104
32
51
108
41
88
63
57
118
98
60
113
71
104
43
60
25
56
72
22
74
72
91
71
50
31
113
49
89
40
87
25
104
71
65
25
39
108
63
38
38
103
83
41
87
106
81
44
42
85
46
48
38
70
51
20
81
45
67 184
0 88
108 118
73 86
76 129
42 52
0 100
176 182
27 78
15 44
155 195
121 129
158 193
27 57
12 110
36 196
77 177
37 196
35 195
23 110
163 164
65 66
48 115
41 142
38 79
74 109
190 193
147 186
100 174
113 195
36 184
13 61
10 61
2 56
45 65
9 80
28 98
26 143
68 98
37 177
58 98
41 51
37 198
125 141
6 184
161 168
68 127
29 78
38 81
123 146
70 84
126 168
69 111
66 131
44 58
109 189
40 47
102 198
29 43
13 75
36 50
70 182
115 163
148 197
1 23
71 143
22 107
18 191
43 58
102 149
54 138
101 163
65 130
51 159
60 126
62 173
107 115
30 132
32 70
24 179
55 75
47 163
39 97
133 140
49 83
103 194
157 173
104 156
8 174
15 187
86 140
1 49
47 134
118 163
46 174
38 93
89 135
132 174
76 181
9 22
36 183
180 193
39 106
6 153
39 93
95 147
146 193
29 177
147 168
14 140
73 179
108 114
66 192
89 94
98 174
10 117
33 49
72 155
60 155
31 49
52 178
45 144
76 125
22 45
72 162
11 98
119 141
8 12
101 112
38 102
0 171
33 48
20 156
58 176
16 89
68 177
19 73
65 95
87 150
92 174
50 104
72 143
85 175
39 103
158 186
77 138
78 129
102 124
34 182
2 78
7 23
23 42
32 88
137 182
156 178
29 86
61 121
66 177
4 101
130 135
16 143
8 67
118 194
1 148
24 149
107 172
66 139
36 121
78 137
166 175
59 88
125 189
17 42
129 152
24 172
120 133
39 43
44 127
76 139
47 68
0 86
61 186
60 194
16 90
11 149
0 56
25 26
42 107
129 166
49 132
99 175
40 179
172 180
7 40
8 27
79 165
21 25
22 25
60 115
71 190
16 198
42 71
23 65
150 152
32 34
2 131
9 194
62 133
70 174
153 174
5 30
3 119
96 182
25 42
12 16
114 180
14 137
23 38
3 125
35 142
96 111
72 118
91 133
6 17
3 132
171 185
42 89
71 188
13 90
54 113
29 179
35 196
72 186
87 128
107 198
25 177
70 116
76 110
65 85
8 56
2 97
50 190
93 120
156 186
137 147
134 165
34 133
119 144
31 106
48 165
