150 1000
26
61
38
68
34
31
111
24
42
49
117
86
110
63
41
70
105
46
92
26
28
93
61
26
46
109
33
80
32
79
57
38
21
28
38
87
39
29
91
62
110
40
80
52
83
101
102
21
28
27
79
88
52
20
94
78
61
60
90
73
119
80
92
72
88
62
91
107
24
114
101
114
34
113
47
50
95
81
51
55
88
110
23
72
62
50
31
103
42
53
57
93
113
81
98
81
23
69
21
27
64
54
74
78
48
101
108
75
62
91
62
83
33
117
35
75
99
98
111
21
32
100
47
25
61
77
87
116
26
40
76
22
74
30
81
102
63
21
109
57
45
51
20
58
49
88
66
28
66
57
44 82
11 32
76 113
82 137
125 129
21 87
30 39
38 86
54 61
31 148
70 85
59 108
39 89
37 105
44 143
110 127
140 142
40 118
8 28
35 51
59 124
98 122
57 58
118 136
18 112
18 99
130 140
58 79
65 71
18 64
11 129
2 94
23 134
83 120
64 73
118 123
48 142
72 105
50 110
64 125
30 45
14 21
25 124
2 97
21 39
51 63
7 52
105 127
44 75
108 113
51 133
1 82
56 126
8 26
16 35
47 143
7 80
8 120
122 131
7 72
70 143
25 97
127 130
24 108
90 132
9 73
62 116
22 49
70 128
39 105
121 138
30 87
95 108
63 80
102 135
75 126
11 125
55 141
102 131
1 94
62 113
18 80
119 124
44 102
43 149
22 149
83 139
41 52
17 84
24 89
3 52
14 66
27 69
32 109
102 111
65 126
23 46
47 148
52 68
67 94
146 147
81 90
44 135
69 122
48 62
8 117
74 100
33 128
142 143
10 147
5 38
29 63
12 85
3 79
23 116
114 122
62 71
45 56
9 69
28 123
88 118
68 90
13 25
58 98
17 108
56 75
21 49
6 134
33 85
0 39
10 11
82 114
61 126
37 40
68 130
10 98
59 100
69 72
17 27
96 130
28 36
21 77
27 57
113 143
2 14
77 143
9 65
61 93
70 101
102 130
72 140
51 131
22 142
19 53
39 85
67 116
24 39
133 144
67 107
81 126
11 21
8 129
69 82
54 72
53 73
7 145
43 110
88 126
81 132
21 107
68 125
92 141
15 135
76 134
104 145
58 65
37 126
97 110
15 110
13 20
22 67
108 132
43 98
16 26
89 108
83 95
80 89
0 118
15 134
15 120
73 102
78 148
13 108
77 123
98 123
38 47
15 48
81 111
97 147
37 134
19 90
74 91
137 141
2 127
13 79
11 76
59 89
22 137
47 114
2 137
2 95
26 102
15 99
26 55
63 106
47 91
67 82
40 122
17 59
72 124
50 97
58 136
8 41
45 57
32 55
52 111
64 87
79 102
7 65
7 22
1 70
54 69
68 109
78 127
28 53
102 125
5 88
47 86
33 148
6 105
66 118
8 55
32 139
59 97
67 146
118 119
38 74
3 101
16 130
20 56
7 113
10 93
8 62
29 69
15 147
23 37
52 69
64 111
68 112
80 90
50 80
57 82
34 89
7 60
18 66
27 125
37 131
96 121
0 97
15 112
52 147
38 49
23 102
62 91
45 117
31 47
95 114
6 86
50 66
18 93
22 136
20 143
16 59
58 116
16 131
13 21
85 111
108 114
79 115
49 82
124 133
32 121
38 149
58 101
1 7
45 119
14 24
65 135
31 83
96 99
19 116
15 51
31 130
9 147
110 111
80 136
14 146
47 108
16 52
111 148
19 69
85 124
33 116
58 129
24 66
81 148
30 128
39 112
9 52
48 111
23 69
76 147
47 137
89 109
66 96
2 104
71 137
20 31
18 138
16 55
69 85
46 84
125 126
27 111
72 135
9 128
44 125
83 137
23 76
42 141
49 75
45 146
66 88
79 107
54 134
25 26
122 124
12 97
100 123
26 137
4 97
43 146
32 133
107 127
71 112
0 37
46 120
14 112
50 68
94 145
22 119
8 21
121 131
48 109
52 79
7 24
43 136
1 93
5 125
94 146
42 95
29 56
4 95
26 124
74 145
18 121
95 129
39 67
111 139
78 92
94 137
80 116
20 30
76 87
72 145
31 142
112 114
20 101
29 57
46 53
17 103
49 123
64 147
10 18
54 148
50 102
120 135
42 108
89 103
37 82
46 82
85 149
57 118
67 114
12 120
37 84
71 81
3 141
57 91
95 139
9 26
118 140
10 94
0 48
83 100
84 137
31 38
0 71
87 147
9 119
53 109
30 98
21 128
61 62
71 126
89 94
33 113
6 113
8 133
61 65
58 130
3 99
112 120
2 68
39 45
20 66
70 134
31 46
55 120
18 140
55 146
91 131
5 80
113 149
8 24
40 65
53 139
43 134
29 121
44 83
3 148
28 29
49 135
51 91
87 88
99 144
18 63
46 78
87 111
20 118
107 133
117 125
1 97
136 147
43 47
41 123
128 142
29 108
65 83
37 72
3 39
15 102
39 100
28 69
11 112
78 87
30 79
79 86
117 129
8 126
4 104
52 112
35 37
12 83
14 131
105 116
48 107
57 76
19 26
87 105
19 107
86 95
99 106
16 75
79 82
69 94
23 92
20 106
1 8
26 113
49 71
27 84
103 149
6 16
36 112
58 93
101 135
35 112
16 117
44 88
6 36
19 44
67 73
8 93
27 52
33 130
68 137
47 104
105 132
83 141
42 104
93 148
62 123
61 92
111 121
8 38
16 34
59 131
61 147
29 111
81 94
16 141
36 148
79 149
93 133
33 86
54 84
80 81
23 146
117 141
134 149
57 71
67 91
116 130
2 143
146 148
64 74
12 41
40 115
92 98
36 125
86 142
72 108
92 116
77 127
17 87
50 85
28 30
82 103
1 23
80 97
118 121
83 110
52 64
31 100
79 118
41 92
37 67
51 130
28 33
50 109
9 115
37 45
91 141
114 127
44 57
12 113
73 81
95 145
27 29
49 141
86 102
3 110
118 143
77 83
44 101
133 138
79 146
71 95
59 83
14 135
34 81
61 114
25 110
4 9
127 147
32 114
108 116
95 115
54 66
37 136
65 115
64 141
37 63
74 122
22 141
5 58
52 74
17 65
78 99
69 128
33 76
28 43
39 149
25 146
37 111
3 143
102 108
27 92
114 132
40 70
120 122
17 39
89 116
8 118
44 147
7 94
40 137
87 131
59 76
45 52
131 148
62 73
44 77
37 49
59 84
3 73
13 99
67 120
19 21
13 17
78 105
5 16
44 86
100 145
120 145
99 101
11 45
24 55
73 113
23 42
45 147
10 24
67 143
83 86
13 15
8 31
52 99
131 147
28 74
77 96
108 126
0 101
65 116
107 126
25 41
55 65
87 122
72 110
18 111
33 37
30 92
111 120
28 90
38 148
41 51
60 104
27 113
101 104
69 70
41 43
29 113
56 100
32 39
24 33
85 114
50 75
16 106
19 109
7 25
71 86
23 41
92 111
4 75
60 148
25 89
111 144
16 137
79 130
32 124
107 134
32 90
135 149
58 108
99 137
79 131
27 60
114 117
103 112
79 128
104 126
120 141
15 123
42 100
5 57
18 26
83 116
50 120
10 17
56 130
124 135
1 41
91 144
15 72
25 119
16 100
116 141
41 143
8 46
34 103
64 88
17 52
58 121
38 79
27 91
65 146
80 140
32 67
102 133
93 136
1 27
61 139
74 92
40 147
30 49
109 140
39 72
80 99
35 130
65 97
5 73
37 112
29 72
60 73
49 56
32 36
33 43
73 134
32 115
56 123
103 132
50 122
4 13
107 139
47 117
31 32
61 119
95 143
19 94
52 131
15 137
27 112
51 111
77 108
25 85
67 90
7 40
73 141
44 98
11 62
17 95
57 140
76 112
85 145
30 124
57 62
87 114
66 71
6 124
1 96
81 139
28 126
38 140
37 39
34 36
54 91
68 79
14 69
64 100
28 40
29 59
130 142
96 116
38 141
8 37
141 142
26 118
16 19
58 111
54 92
10 49
85 128
5 79
44 45
85 105
66 73
66 114
47 112
84 85
104 144
24 148
51 136
19 57
77 119
18 75
72 120
7 86
67 98
12 143
19 112
87 130
86 146
35 55
22 115
36 47
15 22
0 34
119 132
0 112
34 97
85 120
93 121
2 106
16 114
27 146
5 15
61 142
3 50
73 103
118 139
36 120
22 64
46 70
84 141
46 140
20 69
75 114
77 92
56 122
51 145
1 104
67 96
62 117
67 100
92 120
56 62
6 120
129 136
16 128
115 118
86 136
2 44
23 28
26 136
71 77
72 90
36 144
14 36
38 103
9 106
9 71
57 98
48 87
64 65
1 54
81 104
32 77
67 148
11 59
58 122
8 148
36 72
80 111
23 97
1 15
55 111
48 79
6 71
31 124
37 60
40 56
25 121
90 133
63 85
41 135
21 85
21 95
10 97
65 88
103 110
8 122
18 29
1 62
10 138
27 103
0 123
47 118
64 137
68 147
6 63
23 114
11 87
83 96
0 32
50 63
30 119
1 78
48 132
59 115
48 64
33 143
32 95
65 149
46 123
134 137
35 122
68 81
20 55
67 99
108 115
74 133
5 76
118 141
53 111
50 76
46 75
115 128
39 140
24 78
50 108
30 75
50 56
123 130
51 141
34 88
65 67
33 40
93 144
11 13
104 123
2 147
29 32
109 134
39 139
60 147
135 143
80 110
27 50
120 136
115 137
75 85
11 80
75 88
42 53
102 129
60 126
111 114
5 99
73 148
15 149
1 130
103 125
60 95
99 141
112 128
65 101
58 132
70 86
42 86
91 120
41 91
38 61
91 136
93 111
3 96
108 140
5 122
20 82
70 133
25 144
