200 1000
60
26
75
52
111
80
96
63
67
26
61
44
87
65
118
59
86
94
91
91
101
93
64
58
47
83
40
76
36
89
59
28
95
67
60
39
27
36
34
26
95
76
50
62
21
48
53
87
74
76
58
107
49
103
97
29
118
118
85
34
39
77
94
114
24
34
85
31
102
100
37
29
56
119
71
57
99
57
76
105
65
114
92
95
49
69
56
47
119
73
113
38
30
87
85
34
53
50
97
88
30
66
97
118
117
101
55
96
38
63
33
35
110
105
110
39
107
98
119
106
52
64
25
62
84
42
29
69
72
106
37
35
105
67
33
102
48
69
79
118
64
44
33
54
30
76
74
69
106
25
55
38
21
112
33
37
34
94
87
39
80
56
54
65
55
67
100
83
68
59
33
113
35
99
47
45
107
53
46
93
110
82
64
112
26
29
81
41
103
48
112
115
37
46
113
72
45
93
88
94
67 184
0 88
108 118
73 86
76 129
42 52
0 100
176 182
27 78
15 44
155 195
121 129
158 193
27 57
12 110
36 196
77 177
37 196
35 195
23 110
163 164
65 66
48 115
41 142
38 79
74 109
190 193
147 186
100 174
113 195
36 184
13 61
10 61
2 56
45 65
9 80
28 98
26 143
68 98
37 177
58 98
41 51
37 198
125 141
6 184
161 168
68 127
29 78
38 81
123 146
70 84
126 168
69 111
66 131
44 58
109 189
40 47
102 198
29 43
13 75
36 50
70 182
115 163
148 197
1 23
71 143
22 107
18 191
43 58
102 149
54 138
101 163
65 130
51 159
60 126
62 173
107 115
30 132
32 70
24 179
55 75
47 163
39 97
133 140
49 83
103 194
157 173
104 156
8 174
15 187
86 140
1 49
47 134
118 163
46 174
38 93
89 135
132 174
76 181
9 22
36 183
180 193
39 106
6 153
39 93
95 147
146 193
29 177
147 168
14 140
73 179
108 114
66 192
89 94
98 174
10 117
33 49
72 155
60 155
31 49
52 178
45 144
76 125
22 45
72 162
11 98
119 141
8 12
101 112
38 102
0 171
33 48
20 156
58 176
16 89
68 177
19 73
65 95
87 150
92 174
50 104
72 143
85 175
39 103
158 186
77 138
78 129
102 124
34 182
2 78
7 23
23 42
32 88
137 182
156 178
29 86
61 121
66 177
4 101
130 135
16 143
8 67
118 194
1 148
24 149
107 172
66 139
36 121
78 137
166 175
59 88
125 189
17 42
129 152
24 172
120 133
39 43
44 127
76 139
47 68
0 86
61 186
60 194
16 90
11 149
0 56
25 26
42 107
129 166
49 132
99 175
40 179
172 180
7 40
8 27
79 165
21 25
22 25
60 115
71 190
16 198
42 71
23 65
150 152
32 34
2 131
9 194
62 133
70 174
153 174
5 30
3 119
96 182
25 42
12 16
114 180
14 137
23 38
3 125
35 142
96 111
72 118
91 133
6 17
3 132
171 185
42 89
71 188
13 90
54 113
29 179
35 196
72 186
87 128
107 198
25 177
70 116
76 110
65 85
8 56
2 97
50 190
93 120
156 186
137 147
134 165
34 133
119 144
31 106
48 165
25 181
52 95
93 157
80 178
23 41
25 187
90 189
11 168
82 124
30 197
61 114
147 164
61 101
7 66
66 92
26 125
20 43
78 136
110 177
115 152
102 151
130 194
91 98
5 174
154 174
156 187
20 72
121 134
133 153
81 178
6 171
4 15
34 178
107 151
18 96
0 60
72 142
116 194
151 192
42 166
105 198
77 105
22 40
156 199
80 193
86 164
42 86
16 131
35 76
123 172
53 135
78 172
77 118
69 194
36 69
126 187
34 93
4 8
3 85
30 164
35 50
121 194
78 92
89 120
12 113
45 118
148 169
177 196
88 190
157 199
26 186
12 84
31 88
21 68
43 137
78 98
93 140
151 184
40 123
36 105
52 102
152 154
71 151
111 130
93 129
69 120
67 105
51 84
105 145
119 188
18 43
18 183
63 121
167 186
24 161
22 165
126 128
118 150
0 31
61 125
129 130
196 197
81 187
47 132
139 167
72 182
42 137
0 117
36 163
76 186
61 160
42 139
40 112
72 89
112 151
149 193
33 98
173 189
131 189
70 105
108 130
4 45
121 124
88 197
110 183
164 171
95 158
62 135
70 152
159 182
55 60
88 175
117 158
61 90
58 119
112 118
1 117
77 115
112 190
100 165
47 82
23 142
86 192
29 63
38 189
45 197
1 125
133 160
147 194
2 4
18 114
122 171
31 189
48 174
53 166
74 100
0 98
192 194
23 184
55 174
5 164
19 166
104 130
76 78
3 32
21 80
146 154
130 144
143 193
104 196
159 178
48 159
28 194
12 103
159 169
86 138
157 164
46 52
14 82
17 122
2 114
12 39
135 156
51 142
128 198
39 199
129 199
150 157
54 193
162 170
60 165
48 81
18 52
32 127
1 134
0 1
155 192
13 63
107 128
56 114
65 106
35 48
64 198
57 192
4 114
169 171
172 175
2 145
81 176
63 129
82 130
37 63
76 123
51 52
136 166
42 59
107 183
47 77
21 58
56 62
136 180
63 184
152 186
8 80
68 137
102 143
7 67
92 142
35 144
171 193
53 63
46 165
42 160
46 170
16 54
33 104
34 169
138 167
107 127
19 127
64 162
30 83
121 122
26 157
18 171
80 81
24 46
80 137
40 126
56 107
92 132
160 167
13 79
57 121
6 28
22 48
30 143
58 64
36 104
123 173
7 54
156 184
36 52
44 121
47 101
13 73
86 166
45 175
8 156
26 99
84 190
95 163
127 170
126 143
63 147
115 184
181 191
44 117
142 180
10 146
55 180
74 140
30 58
84 100
90 129
44 168
40 137
107 133
28 120
34 183
101 127
119 120
37 82
63 115
125 179
159 161
132 187
51 143
17 151
27 98
42 148
131 143
28 140
39 60
9 25
44 136
126 164
7 8
1 123
23 132
0 185
43 85
95 172
28 142
7 46
40 107
135 172
48 116
11 60
125 188
61 104
20 114
21 74
144 173
98 105
83 96
149 181
7 196
9 149
42 169
76 77
7 124
170 193
70 137
41 158
24 84
14 105
98 187
1 196
45 97
79 146
39 79
40 142
136 188
9 82
86 171
130 160
105 162
52 99
162 176
60 93
107 186
85 117
46 118
43 81
15 113
46 189
83 152
87 92
96 172
143 175
87 134
26 97
78 192
120 148
41 132
27 100
1 112
119 147
142 146
59 87
84 133
163 167
7 172
69 139
35 182
21 155
4 61
91 166
86 153
132 146
112 171
47 172
146 176
44 122
88 131
133 172
64 96
37 92
104 183
38 58
18 165
31 60
26 170
64 123
7 21
35 71
68 160
48 166
4 122
7 135
56 131
104 151
140 175
8 159
47 150
116 129
59 113
85 86
161 188
101 147
89 182
3 19
19 49
53 121
80 141
140 197
43 164
54 139
62 184
50 86
61 180
2 72
40 93
33 109
11 153
88 180
100 199
43 149
164 170
112 154
45 46
9 61
89 115
25 100
130 151
64 191
64 176
59 173
161 164
136 141
93 95
63 137
12 43
57 127
41 189
18 83
56 70
108 186
21 172
146 191
2 32
71 193
8 166
19 87
180 196
66 86
78 195
123 129
87 123
57 64
6 120
114 128
59 149
39 141
6 182
38 87
110 184
102 184
71 118
67 121
51 140
46 153
18 34
58 121
157 185
43 106
30 117
21 145
58 151
3 97
141 187
7 125
78 89
163 196
145 199
50 55
46 73
36 167
131 194
47 105
109 163
42 91
80 187
90 112
90 115
32 187
54 194
96 157
72 106
11 169
66 105
151 171
8 139
23 71
154 176
22 63
64 139
107 171
4 171
61 94
48 87
78 93
188 194
19 141
94 152
140 199
18 112
103 110
120 126
74 133
54 155
89 193
171 196
116 127
129 168
7 174
52 129
52 123
86 94
35 146
38 165
141 147
19 75
67 160
93 121
67 134
66 190
83 134
3 118
44 63
10 192
14 96
41 67
8 162
149 165
24 96
51 58
67 77
11 160
30 150
16 94
20 177
90 102
165 180
134 142
109 183
109 177
24 117
91 103
40 176
0 21
79 88
51 155
62 157
67 107
44 113
65 76
91 178
23 155
90 96
5 118
27 73
49 182
25 96
73 152
65 173
25 105
5 77
60 114
91 127
136 173
41 49
84 153
108 180
59 76
129 150
33 175
16 108
24 157
129 193
11 182
59 116
36 129
80 173
8 147
16 49
85 128
29 97
132 156
178 190
39 107
84 158
151 196
13 130
19 162
79 137
79 126
52 160
6 168
151 174
100 170
55 143
28 124
104 185
35 56
116 175
74 85
0 70
36 165
152 199
41 184
15 30
142 167
68 173
19 110
80 147
42 119
88 100
119 192
37 175
164 179
43 53
43 49
75 85
27 160
36 97
18 69
36 112
132 160
71 162
61 152
23 151
56 191
75 175
112 136
102 115
76 146
125 169
44 141
102 163
72 199
141 151
63 170
43 196
100 153
57 105
75 113
48 151
88 184
63 142
92 100
69 88
169 182
65 132
36 89
84 187
54 182
50 112
136 198
90 155
12 98
147 174
125 195
77 165
32 108
148 184
53 154
82 118
38 118
74 160
105 142
80 108
106 114
59 157
6 126
4 83
153 160
85 169
29 52
69 189
122 178
60 95
133 193
131 153
36 160
40 95
96 102
57 155
16 116
64 94
74 147
20 59
65 111
49 135
52 179
9 147
2 192
33 123
107 193
3 111
33 160
43 57
25 67
131 159
71 186
78 170
137 166
31 142
0 143
53 118
123 128
67 152
82 185
142 190
5 178
145 164
2 117
7 184
118 179
50 115
104 145
70 172
34 114
54 187
58 172
40 133
52 192
135 152
46 130
77 108
22 51
72 121
31 176
105 155
21 150
54 157
118 130
77 153
131 196
