150 1000
53
84
116
44
32
26
102
64
59
97
33
108
93
64
30
25
68
68
118
60
36
115
113
74
97
67
105
52
90
107
39
75
72
87
99
36
45
34
81
37
63
46
25
88
91
35
45
91
83
44
84
100
39
77
106
68
24
44
52
47
83
71
102
87
91
34
104
116
100
65
33
95
43
90
63
114
105
88
38
21
64
102
53
35
111
91
83
116
67
116
95
31
119
29
98
90
95
82
87
27
79
52
102
103
75
45
49
112
66
67
113
62
49
98
78
41
22
93
89
69
89
116
32
89
77
63
111
53
77
30
60
37
63
43
72
118
20
101
62
118
101
108
61
82
86
71
55
40
44
24
42 71
43 131
74 76
3 7
77 105
106 135
66 93
0 149
50 104
13 114
64 107
72 103
50 100
44 61
99 147
72 121
43 115
102 120
91 105
29 98
66 84
28 54
54 132
80 84
8 45
98 124
20 54
5 77
23 123
22 118
25 40
68 143
57 147
51 90
5 119
89 149
36 54
19 70
10 100
5 70
5 145
44 101
24 25
106 148
99 127
21 124
66 69
95 127
35 64
28 121
57 79
60 145
35 80
45 65
30 122
17 77
114 127
3 80
37 138
53 139
66 126
16 135
43 111
9 112
42 48
105 130
40 122
59 100
22 68
7 104
24 40
70 83
14 138
28 73
28 103
18 19
5 34
4 100
19 47
95 109
113 141
103 137
83 105
47 106
54 75
60 116
46 78
88 119
60 63
65 147
15 91
84 96
101 140
46 148
9 57
25 146
1 48
12 132
59 106
32 140
102 113
50 94
138 148
63 110
51 112
25 44
11 30
131 141
2 89
32 63
28 49
88 149
29 101
33 37
10 23
26 121
21 28
22 78
61 137
14 39
64 99
59 129
102 128
111 130
45 93
43 142
73 132
4 142
25 83
93 145
65 101
73 129
95 138
57 102
82 148
84 116
77 115
63 93
76 81
25 73
18 121
69 96
0 113
2 135
41 96
33 44
63 106
51 75
104 132
3 36
22 33
22 148
1 86
83 91
64 66
10 36
84 131
34 137
37 147
24 38
35 57
98 134
14 59
51 118
93 107
56 126
79 129
32 124
67 117
17 33
27 85
20 69
6 61
58 59
83 95
130 148
132 141
57 78
41 129
77 134
35 86
13 117
16 137
52 135
7 69
19 92
140 149
14 60
125 146
20 91
18 59
71 102
51 52
61 145
83 138
19 129
75 142
39 92
32 91
77 91
10 148
61 85
2 139
121 135
43 127
88 129
61 102
15 40
4 101
10 87
42 141
8 67
47 86
9 20
40 138
103 111
99 137
14 28
38 101
13 130
44 81
45 69
11 147
53 60
15 123
6 42
15 50
73 101
0 134
92 122
25 135
45 64
60 84
87 92
0 7
68 81
52 137
101 126
50 89
4 65
46 62
72 77
47 148
80 148
84 104
11 143
38 90
75 76
0 69
0 14
76 82
30 134
110 121
21 131
37 101
13 87
61 135
36 142
108 125
42 86
79 105
71 118
30 148
20 99
12 21
78 146
5 108
17 117
138 142
81 119
34 75
38 119
5 79
106 147
35 91
21 47
9 41
7 129
61 79
71 134
7 67
17 139
34 59
9 74
80 143
16 52
90 112
95 117
87 103
58 81
131 139
50 128
9 22
109 136
30 88
120 147
12 149
67 85
71 128
1 9
61 121
69 83
2 15
102 141
63 118
9 72
44 102
111 119
70 112
102 105
2 127
1 2
69 139
86 112
15 71
59 85
4 113
2 107
105 120
72 79
32 116
45 84
98 137
92 116
20 50
104 122
22 111
74 123
60 141
44 120
76 100
78 135
109 142
31 101
35 124
58 148
37 80
6 98
108 130
4 119
115 141
40 115
53 91
83 109
61 136
60 121
19 140
16 91
51 140
100 108
8 138
20 57
26 116
76 133
42 69
24 122
35 37
20 138
124 147
82 109
124 148
30 66
65 133
56 93
6 136
51 125
14 108
32 47
124 134
16 53
68 92
5 78
66 129
28 78
10 93
39 143
70 134
101 111
17 53
40 44
75 147
67 141
16 106
42 143
98 110
26 85
18 117
96 144
47 139
8 87
34 44
7 145
112 145
12 91
54 139
88 121
32 96
10 138
30 89
3 37
43 141
113 115
108 109
5 59
1 119
35 144
13 53
8 31
16 95
1 70
85 89
19 94
36 82
27 29
14 85
64 109
86 124
33 40
93 143
54 138
67 129
10 41
109 127
105 128
30 92
26 68
6 112
43 108
24 33
30 149
36 106
10 80
22 94
88 96
0 116
76 95
19 68
7 45
31 112
61 76
55 144
69 87
52 97
23 45
111 136
53 118
122 148
120 140
8 86
64 120
5 90
12 135
16 38
27 114
129 134
10 118
62 105
117 119
49 141
35 66
4 120
3 28
45 118
21 106
13 72
13 57
51 78
105 126
67 105
89 129
96 126
65 93
136 142
79 132
4 141
19 134
82 122
70 130
38 91
52 103
11 104
31 58
136 137
27 145
7 127
121 125
100 116
41 145
75 103
74 146
59 131
67 103
43 137
81 135
37 130
100 118
45 140
104 124
134 135
8 33
109 134
52 124
31 129
29 105
10 125
66 95
15 109
92 115
29 89
92 102
49 147
3 82
67 75
109 137
127 149
101 145
26 103
35 133
10 131
45 100
105 113
59 90
15 54
105 107
59 83
47 80
10 31
83 85
98 123
44 75
24 91
29 78
61 117
1 64
12 72
79 101
62 125
116 126
101 147
44 87
83 149
69 75
75 85
31 94
52 118
33 123
49 142
94 114
126 146
101 148
59 69
77 143
98 141
29 35
87 112
74 83
27 140
95 105
130 145
45 128
25 72
18 61
43 89
15 41
40 126
85 110
58 105
76 134
14 146
79 82
12 14
7 14
47 142
72 104
10 142
6 59
98 103
35 115
34 141
76 110
27 72
26 78
57 105
63 116
25 75
91 130
79 134
136 141
5 53
58 98
7 20
1 135
113 138
14 15
35 40
144 146
111 146
73 110
36 143
66 72
28 115
76 109
26 126
35 43
10 98
130 136
64 118
78 99
36 37
20 84
16 31
44 45
133 141
37 110
11 55
64 73
119 149
42 102
51 57
37 104
18 37
38 58
96 146
19 75
80 107
27 35
1 79
10 90
39 117
3 103
40 95
29 39
116 132
23 133
85 88
24 113
69 138
124 149
61 147
26 50
42 88
81 140
107 143
87 148
18 140
89 107
0 73
130 137
11 71
16 126
78 85
52 114
13 136
16 64
2 105
12 94
31 98
10 141
1 101
98 102
126 130
39 141
55 126
13 44
31 91
32 145
18 46
60 62
123 135
22 39
78 116
49 113
1 69
69 115
5 91
48 102
33 130
46 103
24 134
56 137
31 33
91 127
14 147
72 116
53 96
90 105
42 77
48 68
43 85
79 122
112 148
4 102
28 60
47 138
20 137
16 133
13 32
30 130
83 104
45 76
3 90
61 139
72 146
48 89
128 129
99 115
82 149
12 131
11 114
44 121
23 147
68 87
32 148
47 141
6 77
24 102
63 114
52 54
15 31
33 114
84 146
30 98
96 115
43 93
86 90
56 66
28 144
78 113
6 27
33 125
0 135
48 136
16 90
31 102
37 121
20 48
48 121
50 68
13 143
1 111
79 84
14 57
72 73
100 144
120 130
36 115
22 74
66 90
14 18
23 38
56 71
27 58
108 120
35 147
3 10
37 139
89 146
3 65
121 148
67 101
20 103
94 119
35 79
34 94
11 132
31 40
50 140
53 88
27 53
95 142
24 98
47 109
27 148
50 70
19 130
14 112
48 54
10 56
8 90
73 91
32 66
134 144
57 82
12 89
34 110
36 56
16 35
33 83
75 104
20 55
11 37
121 145
21 129
137 147
70 71
63 64
22 55
48 145
81 143
96 116
9 81
52 104
6 117
22 29
78 119
33 49
107 114
4 28
0 6
75 121
116 131
15 46
28 132
75 109
74 125
36 76
5 128
122 140
20 36
46 114
41 132
5 14
89 94
15 118
14 118
48 82
8 147
7 24
15 103
14 51
60 123
66 68
94 134
85 124
35 130
82 127
22 51
117 127
37 98
21 93
4 83
1 63
77 107
52 133
101 134
58 75
39 69
54 111
68 133
26 124
116 143
30 141
64 84
17 140
51 149
5 94
34 35
80 136
71 138
43 61
22 79
97 148
6 104
13 84
6 78
50 121
17 37
55 141
97 119
60 72
56 149
33 77
59 91
13 71
48 133
56 127
55 57
27 115
49 87
2 99
59 136
16 19
29 138
16 141
15 60
39 47
48 139
99 120
49 54
5 12
62 78
67 106
28 128
49 77
65 148
26 131
0 37
40 111
2 58
7 126
42 76
43 146
46 102
51 144
16 72
44 80
113 129
23 81
15 107
57 104
98 133
2 41
118 149
66 139
4 133
20 108
6 36
38 132
18 21
48 114
63 112
22 66
22 98
42 132
24 75
45 121
43 44
12 48
32 48
6 121
29 120
96 102
50 114
3 9
12 26
115 127
31 48
76 122
20 65
141 146
19 65
11 86
32 98
80 112
32 83
2 86
32 112
6 12
16 49
67 113
32 94
91 142
69 116
31 114
4 74
11 32
15 64
44 144
112 132
46 126
53 66
17 41
108 121
65 131
43 124
9 109
43 125
92 132
17 137
71 136
53 80
91 135
31 83
45 135
32 65
22 34
63 137
51 108
73 84
75 116
34 58
3 27
22 61
48 135
23 39
21 120
62 112
91 98
9 58
31 32
46 146
29 70
104 130
88 91
40 116
94 101
132 138
51 79
5 73
100 134
