100 500
111
103
74
36
114
30
97
111
81
55
83
84
76
117
100
106
42
66
117
52
108
33
60
117
102
20
28
66
66
41
71
110
24
77
26
118
88
56
61
49
91
25
65
48
74
45
34
48
43
83
32
83
96
72
80
31
73
41
29
71
62
80
61
66
90
20
116
110
56
109
91
27
66
36
107
20
113
73
101
36
36
113
99
65
118
111
76
23
32
85
74
26
98
68
24
20
68
20
110
104
67 95
28 45
20 36
61 98
57 76
5 44
65 86
37 67
90 94
17 76
37 39
22 58
16 39
12 90
18 83
2 3
0 13
49 83
44 72
1 48
39 70
6 81
12 76
23 89
60 67
26 63
2 28
68 93
85 86
39 96
48 99
1 22
18 20
1 20
19 58
17 59
29 98
17 41
26 93
30 46
5 45
24 34
47 92
27 84
31 75
76 82
23 98
83 95
17 36
67 88
84 95
76 99
35 69
13 17
0 62
59 67
45 83
45 53
28 32
29 59
5 7
41 82
56 77
25 77
45 65
13 60
65 81
16 36
6 34
30 48
6 41
3 67
21 77
0 5
30 53
13 16
9 87
86 95
20 25
22 52
64 86
1 3
72 89
7 54
37 65
4 95
20 24
29 83
3 45
42 96
43 55
90 93
20 62
42 97
3 98
63 70
22 92
29 76
23 39
11 86
15 48
32 77
87 98
46 75
42 82
27 72
34 62
25 57
35 87
55 90
2 77
24 83
5 64
15 28
2 26
18 76
11 54
68 98
67 81
15 32
4 9
23 42
67 91
78 80
6 87
8 68
16 51
21 84
68 99
22 50
26 78
40 89
32 61
39 65
28 72
37 80
23 28
12 19
42 93
49 97
66 80
9 49
69 94
70 89
20 45
12 23
4 47
31 64
56 65
45 97
77 80
8 34
47 52
47 80
29 40
48 72
47 57
69 73
3 44
49 58
22 64
24 63
41 79
47 96
44 97
42 77
73 76
37 78
69 75
25 67
73 99
46 92
65 82
67 86
9 78
26 35
0 11
31 41
52 88
28 49
22 32
58 78
50 68
26 36
13 37
88 93
37 38
20 35
3 54
6 12
32 41
33 90
32 53
57 64
20 44
5 59
37 66
17 63
5 51
43 95
64 88
2 83
26 70
29 74
25 81
57 93
74 84
42 79
59 68
37 40
3 96
45 70
60 85
87 91
30 63
38 79
21 70
81 96
44 56
25 69
71 89
63 78
7 21
43 75
15 80
28 83
13 53
13 73
56 92
37 74
68 94
45 68
2 41
12 58
19 33
90 99
11 62
84 97
24 57
37 64
39 48
17 52
31 53
46 78
67 87
20 34
35 65
2 37
59 66
47 78
46 51
62 68
17 61
18 47
41 63
8 32
25 63
17 37
15 56
15 96
34 87
69 82
5 36
16 59
2 58
5 94
5 14
18 67
66 83
24 36
30 96
8 45
22 45
14 30
29 60
78 94
60 69
16 26
27 96
42 50
36 85
42 55
2 23
41 49
23 61
45 69
67 69
15 83
27 50
28 65
22 86
89 90
12 85
17 54
36 54
42 91
57 66
60 81
42 58
4 83
4 11
23 78
40 73
5 6
2 80
22 91
3 28
9 39
16 93
51 60
42 47
0 78
38 80
14 74
78 85
16 38
11 18
22 75
54 65
8 66
21 76
15 37
5 82
33 60
3 65
32 44
12 55
34 65
8 86
24 80
18 39
9 40
14 81
47 85
3 68
44 55
77 92
11 59
50 71
15 45
26 77
11 81
42 46
80 99
54 79
4 93
49 96
30 55
10 40
29 78
85 95
72 74
29 85
32 79
57 77
35 95
6 54
48 69
4 68
85 99
0 4
59 82
30 44
12 51
47 75
19 26
35 51
44 58
5 80
79 87
48 63
35 68
16 68
27 67
19 36
2 95
32 46
7 14
11 45
57 65
89 92
47 68
36 49
15 52
36 68
16 23
36 40
94 98
75 82
45 77
14 92
23 44
75 91
59 76
26 96
64 94
52 87
31 79
17 25
7 62
63 92
7 74
83 96
38 96
3 27
50 82
25 78
6 61
73 87
57 82
41 65
60 89
4 14
30 66
74 93
10 48
52 94
0 44
23 84
3 66
33 73
34 91
17 39
61 73
6 7
48 71
60 72
8 76
26 38
0 95
5 83
48 87
44 51
35 40
43 67
53 92
29 97
20 78
14 52
20 82
68 84
29 65
12 91
19 59
55 92
65 92
34 37
30 56
6 59
27 31
20 31
43 70
61 79
42 87
31 91
14 51
21 75
67 68
15 88
50 56
13 44
32 54
14 43
12 93
33 74
25 92
20 26
14 39
2 99
34 90
33 48
8 93
21 61
27 36
50 84
38 46
70 97
0 63
13 56
40 98
32 33
53 76
15 46
0 52
1 95
49 85
45 88
2 70
59 73
50 97
20 58
21 51
16 33
11 14
42 57
56 64
57 69
8 59
46 64
52 60
