100 1000
93
88
94
84
53
39
99
32
66
77
71
52
103
45
42
117
89
86
24
50
48
97
33
28
89
28
97
67
21
102
92
46
70
118
110
55
37
90
68
36
99
71
68
82
96
42
80
117
61
84
47
41
113
112
49
82
21
79
81
74
61
105
101
63
104
43
98
73
65
98
89
44
50
89
107
26
64
119
76
105
35
55
26
28
48
107
42
49
118
55
55
59
40
88
102
24
112
33
78
57
67 84
0 88
8 18
73 86
29 76
42 52
0 82
27 76
44 78
15 95
29 55
21 93
27 58
12 57
10 36
77 96
37 95
10 35
23 64
63 66
15 65
41 48
42 79
9 38
74 93
47 90
0 86
74 95
13 36
61 84
13 61
2 10
45 56
65 80
9 28
26 98
43 98
37 68
58 77
51 98
41 51
37 98
25 41
6 84
61 68
27 68
29 78
38 81
23 46
70 84
26 68
11 69
31 66
44 58
9 89
40 47
2 98
29 43
13 75
36 50
70 82
15 63
48 97
1 23
43 71
7 22
18 91
43 58
2 49
38 54
1 63
30 65
51 59
26 60
62 73
7 15
30 32
32 70
24 79
55 75
47 63
39 97
33 40
49 83
3 94
57 73
4 56
8 74
15 87
40 86
1 49
34 47
18 63
46 74
38 93
35 89
32 74
76 81
9 22
36 83
80 93
6 39
6 53
39 93
47 95
46 93
29 77
47 68
14 40
73 79
8 14
66 92
89 94
74 98
10 17
33 49
55 72
55 60
31 49
52 78
44 45
25 76
22 45
62 72
11 98
19 41
8 12
1 12
2 38
0 71
33 48
20 56
58 76
16 89
68 77
19 73
65 95
50 87
74 92
4 50
43 72
75 85
3 39
58 86
38 77
2 24
34 82
2 78
7 23
23 42
32 88
37 82
76 82
56 78
29 86
21 61
66 77
1 4
30 35
16 43
8 67
18 94
1 48
24 49
7 72
39 66
21 36
37 78
66 75
59 88
25 89
17 42
29 52
24 72
20 33
39 43
27 44
39 76
61 86
60 94
16 90
11 49
0 56
25 26
7 42
29 66
32 49
75 99
40 79
72 80
7 40
8 27
65 79
21 25
22 25
15 60
71 90
16 98
42 71
23 65
50 52
32 34
2 31
9 94
33 62
70 74
53 74
5 30
3 19
82 96
25 42
12 16
14 80
14 37
23 38
3 25
35 42
11 96
18 72
33 91
6 17
3 32
71 85
42 89
71 88
13 90
13 54
29 79
35 96
72 86
28 87
7 98
25 77
16 70
10 76
65 85
8 56
2 97
50 90
20 93
56 86
37 47
34 65
33 34
19 44
6 31
48 65
25 81
52 95
57 93
78 80
23 41
25 87
89 90
11 68
24 82
30 97
14 61
47 64
1 61
7 66
20 43
36 78
10 77
15 52
2 51
30 94
91 98
5 74
54 74
56 87
20 72
21 34
33 53
78 81
6 71
4 15
34 78
7 51
18 96
0 60
42 72
16 94
51 92
42 66
5 98
5 77
22 40
56 99
64 86
42 86
16 31
35 76
23 72
35 53
72 78
18 77
69 94
36 69
26 87
34 93
4 8
3 85
30 64
35 50
21 94
78 92
20 89
12 13
18 45
48 69
88 90
57 99
26 86
12 84
31 88
21 68
37 43
78 98
40 93
51 84
23 40
5 36
2 52
52 54
51 71
11 30
29 93
20 69
5 67
5 45
19 88
18 43
18 83
21 63
67 86
24 61
22 65
26 28
18 50
0 31
25 61
29 30
96 97
81 87
32 47
39 67
72 82
37 42
0 17
36 63
76 86
60 61
39 42
12 40
72 89
12 51
49 93
33 98
73 89
31 89
5 70
8 30
4 45
21 24
88 97
10 83
64 71
58 95
35 62
52 70
59 82
75 88
17 58
61 90
19 58
12 18
1 17
15 77
12 90
0 65
47 82
86 92
29 63
38 89
45 97
1 25
33 60
47 94
2 4
14 18
22 71
48 74
53 66
0 74
0 98
92 94
23 84
55 74
5 64
19 66
4 30
76 78
21 80
46 54
30 44
43 93
4 96
59 78
48 59
28 94
3 12
59 69
38 86
57 64
46 52
14 82
17 22
2 14
12 39
35 56
42 51
28 98
39 99
29 99
50 57
54 93
62 70
60 65
48 81
18 52
27 32
1 34
0 1
55 92
13 63
7 28
14 56
6 65
35 48
64 98
57 92
4 14
69 71
72 75
2 45
30 82
37 63
23 76
51 52
36 66
42 59
7 83
47 77
21 58
56 62
36 80
63 84
52 86
8 80
2 43
7 67
42 92
35 44
71 93
53 63
46 65
42 60
46 70
16 54
4 33
34 69
38 67
7 27
19 27
62 64
30 83
21 22
26 57
18 71
80 81
24 46
37 80
26 40
7 56
32 92
60 67
13 79
21 57
6 28
22 48
30 43
58 64
4 36
23 73
7 54
56 84
36 52
21 44
1 47
13 73
66 86
45 75
26 99
84 90
63 95
27 70
26 43
15 84
81 91
17 44
42 80
10 46
55 80
40 74
30 58
0 84
29 90
44 68
37 40
7 33
20 28
34 83
1 27
19 20
25 79
59 61
32 87
43 51
17 51
27 98
42 48
31 43
28 40
39 60
9 25
36 44
26 64
7 8
23 32
0 85
43 85
72 95
28 42
7 46
35 72
16 48
11 60
25 88
4 61
14 20
21 74
44 73
83 96
49 81
7 96
9 49
42 69
76 77
7 24
70 93
37 70
41 58
24 84
5 14
87 98
1 96
46 79
39 79
40 42
36 88
9 82
71 86
30 60
5 62
52 99
62 76
60 93
7 86
17 85
18 46
43 81
13 15
46 89
52 83
87 92
72 96
43 75
34 87
26 97
20 48
32 41
0 27
19 47
42 46
59 87
33 84
63 67
39 69
35 82
21 55
66 91
53 86
32 46
12 71
47 72
46 76
22 44
33 72
64 96
37 92
4 83
38 58
18 65
31 60
26 70
7 21
35 71
60 68
48 66
4 22
7 35
31 56
4 51
40 75
8 59
47 50
16 29
13 59
85 86
61 88
82 89
19 49
21 53
41 80
40 97
43 64
39 54
62 84
50 86
61 80
2 72
9 33
11 53
80 88
0 99
43 49
64 70
12 54
45 46
9 61
15 89
0 25
30 51
64 91
64 76
59 73
61 64
36 41
93 95
12 43
27 57
41 89
56 70
8 86
21 72
46 91
2 32
8 66
19 87
80 96
78 95
23 29
23 87
6 20
14 28
49 59
39 41
6 82
38 87
10 84
2 84
21 67
40 51
46 53
18 34
57 85
6 43
17 30
21 45
51 58
3 97
41 87
7 25
78 89
63 96
45 99
50 55
46 73
36 67
31 94
5 47
9 63
42 91
80 87
15 90
54 94
57 96
6 72
5 66
8 39
23 71
54 76
22 63
39 64
7 71
4 71
61 94
48 87
78 93
88 94
52 94
40 99
3 10
20 26
33 74
54 55
89 93
71 96
16 27
29 68
7 74
23 52
86 94
35 46
38 65
41 47
19 75
34 67
66 90
3 18
44 63
10 92
14 96
41 67
8 62
49 65
24 96
67 77
30 50
20 77
2 90
34 42
9 83
9 77
17 24
3 91
40 76
0 21
79 88
51 55
57 62
13 44
65 76
78 91
23 55
90 96
5 18
27 73
49 82
25 96
52 73
65 73
5 25
14 60
27 91
36 73
41 49
53 84
59 76
29 50
33 75
8 16
24 57
11 82
16 59
29 36
73 80
8 47
16 49
28 85
29 97
32 56
78 90
7 39
58 84
51 96
13 30
19 62
37 79
26 79
52 60
6 68
51 74
0 70
43 55
24 28
4 85
16 75
74 85
36 65
41 84
15 30
42 67
68 73
10 19
47 80
19 42
19 92
37 75
64 79
43 53
27 60
36 97
18 69
12 36
32 60
62 71
52 61
23 51
56 91
36 75
2 12
15 76
46 69
51 99
41 70
30 96
0 5
57 75
13 48
51 88
0 42
88 92
69 82
32 65
36 89
84 87
54 82
12 50
36 98
55 90
12 98
47 74
25 95
65 77
8 32
48 84
53 54
18 82
18 38
60 74
5 42
6 14
57 59
6 26
53 60
69 85
69 89
22 78
60 95
33 93
31 53
36 60
40 95
2 96
55 57
16 64
74 94
47 98
28 59
20 65
35 52
9 79
47 92
2 33
11 93
3 33
57 60
43 67
25 59
31 71
78 86
66 70
23 53
28 52
67 82
42 85
17 64
2 7
79 84
15 18
45 72
34 70
14 54
58 87
40 72
33 52
52 92
46 77
8 51
22 72
21 76
5 31
18 54
30 77
53 96
31 40
6 55
32 91
60 76
43 47
6 41
24 67
45 98
71 74
71 81
27 38
20 63
16 56
8 75
7 19
14 16
6 75
30 56
1 42
28 33
54 67
38 56
29 87
77 83
9 98
65 98
14 19
57 74
4 94
14 65
17 80
9 36
37 56
45 85
72 94
29 75
36 49
27 99
53 93
10 18
65 67
14 33
10 68
97 98
35 81
18 76
13 43
85 90
78 99
32 86
5 44
42 64
49 52
17 86
15 85
13 47
28 82
44 98
13 24
10 34
54 56
49 86
5 35
1 18
13 92
14 17
67 74
19 60
34 36
35 45
48 63
13 39
15 93
27 79
26 33
73 90
44 62
6 92
21 83
28 92
17 95
26 93
25 52
