250 3000
105
98
101
75
101
80
53
111
91
59
59
104
106
50
45
44
68
105
93
106
117
73
52
38
48
57
33
69
27
55
46
112
86
27
119
67
87
53
110
110
44
49
94
83
31
72
107
31
57
80
117
106
85
102
24
65
39
89
114
46
25
40
90
91
99
90
90
119
75
80
61
51
110
36
114
73
88
53
85
77
65
82
63
30
116
119
27
88
88
22
66
45
94
37
116
26
59
86
25
66
47
66
97
89
34
44
94
54
77
59
63
75
74
58
37
22
57
45
90
78
47
37
103
21
54
52
27
45
118
84
43
97
83
72
118
49
96
93
84
106
84
27
61
38
118
78
41
55
103
111
65
82
28
101
84
114
33
43
91
31
60
114
61
23
67
59
104
95
84
68
81
49
28
74
67
26
33
40
113
68
84
111
31
44
92
95
39
105
70
62
116
110
109
109
65
108
49
50
83
113
50
97
94
110
51
42
116
116
114
62
65
78
53
76
103
25
103
74
62
53
116
58
96
105
100
93
93
29
23
109
74
54
86
49
44
69
23
93
66
117
87
111
28
20
67
63
77
102
117
119
21 92
43 131
126 224
153 207
27 105
35 106
93 166
0 49
4 150
14 213
114 207
3 22
0 150
44 61
49 147
21 122
165 243
120 152
55 241
179 198
66 184
28 54
104 232
130 234
108 145
74 198
204 220
77 105
73 223
18 72
125 140
93 118
97 157
1 90
5 19
189 199
4 86
69 170
200 210
155 170
95 205
151 244
174 175
6 248
127 249
71 124
16 119
27 95
114 185
28 221
57 79
160 245
185 230
145 165
172 180
127 167
14 127
53 130
137 188
39 153
76 116
16 235
93 111
12 59
142 148
30 205
190 222
9 200
22 218
7 54
140 174
33 120
164 188
173 228
153 178
18 19
5 34
4 200
119 247
9 145
113 141
187 203
5 183
197 206
75 204
10 216
128 146
169 188
60 213
65 147
141 165
84 146
51 190
48 96
59 207
25 46
98 101
32 212
106 159
90 182
113 202
0 94
98 188
10 13
12 151
75 144
11 30
41 81
202 239
113 232
28 49
138 249
101 129
87 133
10 223
121 226
28 121
172 228
37 161
164 239
49 64
59 79
178 202
130 161
43 245
92 243
23 132
4 92
225 233
95 193
51 65
79 173
38 95
52 57
132 148
34 216
65 127
113 243
126 181
123 225
121 218
169 246
100 113
102 185
46 191
94 133
56 213
1 25
4 82
53 136
83 122
22 148
101 136
33 141
114 116
110 236
84 131
37 84
97 187
38 74
85 207
48 234
9 14
18 151
57 193
6 26
29 179
132 174
17 167
17 233
127 135
219 220
111 156
109 208
183 195
30 98
82 141
7 78
91 229
34 127
36 235
67 163
87 116
52 235
69 107
219 242
40 49
64 160
25 196
141 220
68 209
171 202
2 101
61 195
183 188
219 229
25 142
139 142
82 191
41 127
10 198
135 161
52 239
71 185
77 143
138 179
202 211
65 90
54 151
10 237
92 191
58 217
86 197
20 109
88 240
61 103
37 49
14 128
101 188
30 63
81 94
145 169
47 111
203 210
73 115
42 56
100 165
1 23
150 234
22 242
175 185
64 95
110 234
187 192
107 150
218 231
137 202
101 126
100 189
54 215
12 96
22 177
48 147
30 198
154 234
11 43
90 138
75 176
100 119
0 114
82 226
30 84
71 210
131 171
1 37
13 137
11 235
42 136
158 175
142 186
79 229
5 21
80 118
70 198
62 199
28 71
155 246
58 67
42 217
219 238
125 181
19 84
229 238
147 155
6 91
85 141
71 147
41 209
79 157
29 111
34 71
57 67
189 217
9 134
9 224
43 80
16 202
62 190
217 245
87 103
58 81
189 231
0 228
22 159
9 236
80 188
20 97
62 249
167 235
151 209
71 161
19 133
15 102
41 202
113 118
122 159
94 202
11 219
20 112
152 205
77 202
102 201
19 139
62 186
47 248
65 221
85 159
104 113
57 202
70 155
22 129
82 116
184 195
148 187
142 216
20 50
4 72
211 222
10 23
24 173
110 191
20 144
26 100
228 235
9 242
31 151
85 224
148 158
30 187
56 98
80 208
4 119
65 91
190 215
91 203
64 113
33 109
161 186
171 210
140 219
16 41
1 240
1 126
0 8
158 188
107 120
116 226
33 226
169 192
122 224
87 135
20 38
197 224
9 182
174 248
80 116
183 215
106 193
36 106
201 225
14 58
197 232
34 174
16 203
92 218
178 205
179 216
78 228
10 43
89 143
170 184
1 111
103 217
140 194
175 247
41 217
16 56
125 192
42 243
10 248
85 176
68 117
146 244
139 197
8 37
44 134
207 245
45 162
91 212
154 239
88 121
132 246
110 138
180 189
103 187
41 43
213 215
158 209
105 109
201 219
85 244
13 53
145 216
1 120
89 135
94 119
86 232
127 229
14 185
64 159
131 226
224 236
83 90
143 193
154 188
167 229
60 241
59 77
78 205
180 192
126 168
62 106
108 143
224 233
149 180
156 236
30 210
222 244
146 188
50 116
95 126
218 219
7 45
131 212
61 226
144 155
69 187
102 147
64 85
223 245
61 86
3 218
22 248
20 190
158 186
70 164
105 140
112 235
38 116
14 177
29 184
10 68
105 112
67 169
41 49
16 135
20 204
78 103
18 145
21 156
72 113
13 57
51 78
5 26
55 167
29 189
146 226
43 243
42 65
82 186
29 141
204 234
219 222
170 232
130 138
191 202
103 204
111 181
108 137
127 186
45 227
21 157
150 225
41 166
45 103
74 225
31 96
59 167
3 143
87 235
31 130
134 187
150 187
45 168
104 140
24 185
33 184
58 159
184 224
52 81
129 179
25 155
66 160
15 45
209 234
0 92
39 115
52 79
42 247
182 199
75 203
117 137
27 109
145 149
1 53
35 131
160 195
50 205
9 63
165 190
157 204
33 205
209 247
10 30
31 233
85 148
194 223
175 224
28 191
129 167
61 164
151 222
201 212
25 29
62 219
16 190
126 247
151 187
33 244
25 49
119 135
25 194
52 181
123 168
149 183
142 244
43 64
26 68
96 98
51 159
93 169
27 148
91 179
85 187
212 237
183 213
90 224
127 155
45 245
130 178
125 195
111 172
93 168
15 239
40 191
26 110
155 235
8 76
84 196
14 149
79 183
82 157
62 169
107 164
92 147
22 154
42 117
106 210
3 159
185 248
215 234
76 91
27 60
22 176
28 57
5 213
66 175
25 230
191 234
136 229
103 241
105 108
167 248
67 157
167 170
135 195
138 151
63 64
85 165
46 240
244 246
60 111
23 136
66 143
222 224
54 65
78 159
26 76
76 93
85 98
14 86
149 168
78 186
87 170
81 84
166 195
41 244
137 183
155 210
14 111
41 73
99 174
102 219
157 192
54 201
37 187
68 208
38 146
125 246
80 169
127 201
60 229
189 190
67 153
140 203
195 229
16 239
33 82
135 173
88 213
24 156
62 171
19 155
74 188
99 247
11 226
50 92
138 240
31 57
87 143
190 198
39 168
0 207
73 130
13 237
11 93
21 116
28 176
114 135
86 102
213 216
13 164
52 160
44 105
212 248
131 160
41 151
51 248
152 226
230 241
176 239
105 113
31 144
132 141
96 145
210 218
62 235
222 223
78 139
16 101
178 249
113 219
151 165
69 155
141 152
233 248
103 180
74 96
134 237
131 206
27 83
91 247
114 166
3 72
96 190
105 127
42 218
193 198
18 235
200 229
22 198
202 212
154 160
38 128
147 187
83 170
66 113
180 182
4 30
126 183
140 195
3 89
54 211
134 196
72 84
175 196
134 239
38 148
128 149
149 179
65 99
131 232
164 212
61 94
21 97
68 73
178 237
157 198
41 232
156 247
24 227
102 213
14 102
15 104
33 231
46 164
234 248
30 196
15 193
36 143
40 216
28 206
113 144
78 127
6 75
33 85
100 136
48 216
90 152
71 231
37 248
21 220
0 98
113 218
111 193
1 234
179 207
73 114
44 172
30 200
86 120
72 115
16 74
140 164
168 223
88 206
58 221
70 227
47 58
35 103
10 37
96 189
53 115
98 121
151 167
3 70
119 244
135 179
94 134
107 155
111 182
181 240
103 191
90 150
3 138
27 203
45 142
98 124
97 109
27 48
100 220
30 219
62 214
98 104
10 156
58 190
91 223
16 32
34 194
82 107
139 162
110 184
86 156
43 183
135 154
105 175
220 237
61 171
71 245
37 229
70 147
163 171
14 205
122 198
95 136
58 131
43 246
16 59
31 52
167 204
129 206
22 28
83 219
199 214
7 178
6 104
25 100
21 216
231 246
165 178
75 132
59 175
76 174
86 205
40 128
122 186
170 246
214 241
164 182
189 205
161 194
47 147
68 187
168 215
64 232
197 198
7 58
84 224
61 185
39 165
14 203
101 123
10 168
44 216
24 184
85 230
132 185
122 127
195 201
40 117
90 177
87 166
98 243
33 171
54 63
7 51
77 152
189 233
51 172
208 234
69 75
11 189
54 168
5 133
26 113
143 224
116 141
214 230
4 134
40 100
67 151
144 149
155 234
180 185
21 36
111 138
179 193
122 247
6 98
63 104
78 134
0 206
71 187
67 205
19 191
97 110
22 99
106 177
41 83
209 221
63 98
6 83
27 57
105 227
165 209
37 99
109 152
36 219
79 166
116 238
10 41
147 215
39 48
189 249
20 104
199 205
78 212
12 67
56 178
128 199
165 227
48 231
126 187
145 200
16 40
11 58
57 192
126 246
43 146
172 216
80 185
63 144
29 223
78 81
205 207
7 15
133 204
48 215
43 52
101 191
68 244
139 199
4 66
20 233
8 20
206 236
88 232
118 121
48 114
12 63
122 216
22 48
92 182
45 171
43 244
162 212
232 248
6 121
70 179
52 196
50 64
3 109
76 112
15 27
198 231
72 76
15 20
146 241
65 169
136 161
82 98
12 80
133 182
2 86
32 62
112 156
16 199
163 217
194 232
142 191
66 119
81 214
139 212
174 204
61 132
115 214
127 159
44 194
112 232
26 196
103 116
167 241
208 221
81 165
43 124
109 159
225 243
42 132
187 217
86 171
135 141
31 33
85 145
32 115
84 172
163 237
1 208
184 223
16 225
58 134
153 227
122 211
35 148
89 223
70 71
57 129
48 191
158 159
81 182
169 242
96 229
30 70
188 204
190 191
94 166
38 151
151 232
205 229
50 73
84 233
114 246
162 174
82 156
89 94
13 177
23 38
94 210
48 155
148 198
90 166
93 145
127 204
35 97
82 170
19 187
5 52
117 179
66 125
114 161
67 143
26 105
18 121
25 65
21 213
214 224
119 130
57 186
98 154
32 74
113 177
51 182
17 21
84 214
146 180
213 245
123 175
170 193
235 244
118 218
44 51
15 241
71 113
146 247
146 175
49 111
128 209
25 70
212 217
57 59
32 232
55 183
29 175
142 246
147 193
142 229
78 158
2 221
123 219
19 249
212 246
57 69
193 241
7 83
60 140
67 93
102 123
148 150
131 142
131 248
141 188
16 212
35 151
24 120
4 120
102 146
67 82
127 160
58 243
202 235
64 108
64 156
111 139
109 206
85 102
3 161
31 120
28 125
3 174
79 188
93 239
65 151
84 200
20 70
4 186
12 30
0 141
152 207
24 103
101 205
109 114
209 230
89 248
103 207
115 138
41 208
109 212
11 232
16 134
165 168
21 130
32 158
113 228
159 181
69 120
46 130
100 146
159 219
84 249
41 48
28 144
3 102
92 113
87 227
108 231
112 244
4 231
209 246
118 155
140 187
26 38
169 228
138 184
184 240
77 218
168 179
10 73
13 144
126 237
83 223
204 238
88 234
163 206
155 242
18 245
98 230
88 154
16 228
195 228
48 146
121 157
236 246
87 182
20 163
173 178
165 226
73 186
35 232
64 141
183 222
201 221
19 128
105 199
208 242
78 229
57 177
40 239
14 204
9 39
87 234
170 205
12 240
4 249
69 124
199 242
2 213
2 232
84 201
178 189
17 160
69 157
46 198
58 162
4 169
90 202
6 157
113 120
117 249
119 226
38 213
40 175
28 177
125 214
64 230
142 242
50 184
61 230
143 206
38 197
46 146
11 104
16 205
129 237
167 181
52 106
60 80
135 185
44 116
101 187
35 108
89 170
11 141
32 99
208 247
30 164
9 47
119 138
51 136
41 157
9 217
121 145
4 18
106 113
57 221
141 146
9 243
39 135
122 138
80 167
135 197
96 246
96 216
85 134
42 119
126 230
99 111
116 227
90 117
74 174
62 67
55 172
63 77
42 199
61 201
132 189
9 228
185 207
46 172
17 144
20 66
29 248
222 225
89 247
66 71
116 230
139 140
68 137
180 204
7 119
1 241
48 102
82 234
162 230
8 56
100 176
98 179
151 205
175 203
92 93
24 208
73 163
63 99
83 155
95 203
162 188
56 211
143 240
47 55
55 221
71 213
231 244
21 38
48 145
90 241
16 142
48 67
31 249
130 217
154 225
169 170
16 78
130 159
29 69
142 214
29 84
65 167
24 86
21 57
49 236
111 128
12 167
48 50
11 178
17 18
6 187
22 187
16 169
33 187
99 198
79 134
128 144
4 153
82 210
9 137
97 149
13 79
96 127
133 136
7 70
4 239
39 139
20 173
16 120
124 178
138 200
18 150
0 140
28 67
16 141
6 107
56 144
129 139
192 209
48 137
29 50
191 239
21 111
141 216
144 229
15 179
18 33
117 158
151 163
123 235
129 158
47 179
9 223
109 146
11 21
27 112
48 203
169 223
189 202
57 64
131 199
75 180
84 85
99 149
135 236
222 246
3 14
44 125
5 78
123 201
16 151
63 219
36 199
55 150
73 106
4 225
162 190
5 141
114 247
7 219
132 143
6 101
9 164
165 236
53 208
51 227
32 144
201 217
28 240
73 180
181 190
43 71
37 71
40 180
109 183
9 165
23 81
32 127
83 92
60 181
144 177
194 197
144 184
70 78
114 120
1 38
163 174
177 203
138 207
122 238
171 249
145 212
19 177
89 102
20 121
15 163
107 197
65 194
143 144
110 116
13 219
0 177
178 245
202 232
168 221
168 176
142 173
13 130
100 219
116 222
92 131
89 141
6 90
187 234
53 149
15 95
124 197
120 192
26 125
72 146
101 247
166 242
24 46
107 227
117 223
51 61
206 242
149 203
140 249
133 148
46 80
15 170
28 59
5 40
86 215
3 185
168 169
29 192
137 215
169 185
212 220
51 213
64 68
44 53
64 192
80 236
14 112
5 139
121 225
72 125
92 161
44 190
34 112
56 179
47 142
128 145
61 193
49 231
7 195
34 72
122 137
101 152
41 136
110 208
119 132
132 235
131 224
9 174
104 243
142 167
45 246
140 159
189 239
98 242
128 134
123 170
1 174
224 239
68 183
99 187
65 84
40 171
95 216
61 151
170 199
47 204
94 215
56 58
50 135
121 155
31 177
32 244
204 218
21 22
3 121
57 232
63 125
66 179
187 231
236 243
28 201
110 189
74 239
47 117
44 122
41 154
111 248
28 122
1 115
35 36
17 58
36 99
49 165
30 75
3 170
58 204
109 247
35 166
33 89
63 82
123 180
30 218
86 98
153 201
99 188
9 89
40 58
45 107
57 222
60 137
103 117
33 147
72 169
99 151
47 221
134 231
69 236
168 187
27 178
169 187
44 75
150 227
33 139
144 182
142 181
19 238
23 163
114 210
95 244
64 196
82 134
84 211
13 114
148 182
42 44
11 192
151 179
86 111
9 186
43 151
27 164
166 190
2 34
126 199
60 98
34 185
21 198
21 149
191 232
65 244
173 247
6 105
0 110
10 137
165 176
179 204
181 207
185 238
130 188
97 167
220 223
115 224
200 241
17 56
2 46
43 50
7 175
137 151
110 161
126 127
55 190
81 249
172 237
133 212
137 185
103 104
11 196
2 100
30 154
58 245
13 147
47 123
160 174
0 100
81 184
170 201
106 237
68 140
129 222
75 106
85 117
123 242
125 146
28 92
131 190
145 188
87 236
18 247
19 160
55 151
161 162
154 241
81 213
155 212
157 242
35 123
199 224
18 36
37 210
135 222
158 187
65 213
79 89
182 226
159 233
145 220
138 199
191 208
5 153
145 215
0 14
120 213
76 139
101 138
28 237
38 110
174 176
5 79
47 91
45 238
61 187
104 183
185 212
213 226
42 158
47 141
30 143
177 232
140 215
9 168
68 226
26 147
117 126
135 171
30 175
135 206
70 247
33 97
34 175
98 192
69 239
91 213
12 47
56 85
32 153
58 135
11 50
38 175
34 206
92 213
33 193
89 142
168 226
67 118
137 168
112 210
81 202
101 130
195 216
10 228
145 221
22 36
42 60
20 23
65 134
76 158
52 126
72 149
109 115
169 184
43 167
21 238
31 235
206 216
3 176
80 184
140 169
189 226
15 212
26 106
38 165
57 90
41 206
9 15
51 168
178 211
51 218
51 55
18 184
12 212
92 123
42 146
83 202
187 189
225 228
104 137
168 247
35 196
108 216
37 86
157 177
190 228
125 212
76 98
87 221
86 169
106 115
60 198
58 247
139 239
75 195
26 95
45 74
130 153
42 69
150 188
210 248
14 47
35 72
39 133
46 141
52 90
43 79
191 220
69 127
65 172
144 195
36 177
14 220
91 106
6 203
29 163
106 146
30 62
33 196
27 70
160 242
79 137
91 122
25 191
187 242
73 170
189 224
140 182
30 195
40 162
146 210
22 160
29 193
70 99
164 220
111 151
154 202
23 114
23 67
4 64
37 80
105 177
12 136
52 224
48 184
51 208
59 182
3 231
31 76
244 248
4 227
103 196
71 118
170 211
174 189
128 226
5 233
6 119
119 230
19 24
17 177
79 178
83 109
11 242
9 159
236 238
13 34
91 233
11 106
147 195
175 186
43 123
130 162
186 212
149 229
215 229
74 157
164 168
30 52
145 163
5 189
147 231
28 118
44 156
167 203
111 199
149 214
111 241
2 243
90 218
74 99
42 238
119 211
1 163
115 178
54 147
35 128
154 201
97 156
60 211
15 112
72 164
166 178
127 180
11 69
0 85
145 168
139 175
106 190
73 141
118 140
128 154
18 181
26 160
29 72
89 146
36 161
162 214
39 179
190 247
99 108
127 128
52 244
17 202
10 242
26 111
6 150
20 117
39 129
148 170
201 237
66 238
1 80
54 180
51 119
79 223
100 151
59 247
153 179
52 247
78 189
192 210
77 186
212 225
111 206
10 146
64 200
100 201
145 154
116 234
58 59
48 209
107 159
58 164
36 110
162 226
40 224
52 232
54 110
52 195
146 222
72 116
113 199
183 227
35 230
28 242
4 96
154 237
24 168
117 182
102 157
122 157
61 236
40 104
23 50
194 246
48 162
68 247
33 108
25 34
130 238
77 131
137 152
4 101
55 84
13 93
177 249
6 134
30 141
36 187
26 84
100 196
183 228
94 216
188 230
28 94
111 225
100 105
59 127
64 206
71 114
42 157
16 71
64 176
46 212
104 174
56 148
81 222
34 168
74 150
149 244
102 112
59 71
199 212
20 118
13 233
22 91
53 140
181 186
35 117
117 212
91 185
50 227
200 205
51 104
5 46
118 216
30 64
67 183
50 182
18 142
56 145
8 197
50 189
19 235
50 224
65 136
87 186
42 239
93 249
35 200
15 98
50 72
0 106
170 244
15 65
3 64
192 217
167 201
84 122
38 160
127 183
182 185
23 101
140 190
13 199
42 200
119 212
194 236
129 197
50 96
100 242
82 159
56 153
192 243
216 222
11 45
153 170
93 112
162 164
106 204
78 114
18 160
64 147
115 210
95 202
67 177
213 220
58 85
14 51
31 93
19 178
104 172
69 98
10 118
66 199
84 154
71 211
83 171
178 186
105 225
188 207
42 177
44 247
28 93
94 206
156 239
107 163
18 248
184 186
88 197
20 158
159 205
182 197
133 157
90 154
82 96
93 234
126 179
115 223
134 209
39 224
57 93
27 222
21 243
115 218
180 229
70 112
55 177
121 183
217 247
15 231
162 243
160 237
109 157
18 170
57 143
145 236
117 216
116 209
84 139
171 176
92 135
5 6
2 26
76 143
85 238
239 246
78 200
5 96
120 148
6 117
222 236
102 235
34 226
0 249
13 134
18 92
220 242
21 68
106 114
204 237
155 209
25 185
191 209
143 196
16 230
48 152
58 235
57 66
79 87
31 43
98 137
206 218
115 179
134 173
139 195
57 155
52 183
51 203
1 134
55 192
101 175
53 246
59 151
61 134
122 192
131 153
57 156
37 113
85 86
2 245
37 92
45 48
88 182
46 245
227 237
78 117
14 170
73 177
61 173
147 236
3 117
50 162
125 190
63 127
25 129
59 117
19 107
14 209
141 162
118 205
49 164
94 226
119 237
139 224
16 244
168 193
8 69
108 135
43 116
135 204
150 218
42 95
50 131
61 224
46 170
136 139
130 141
9 110
124 155
177 234
76 138
61 221
88 123
78 104
5 75
29 149
161 174
0 162
75 208
22 214
163 196
56 95
71 172
64 202
140 158
90 129
65 201
56 69
245 247
144 163
19 62
173 194
75 85
46 150
69 146
92 217
164 232
1 7
61 245
151 159
111 125
46 68
19 64
34 43
63 208
131 198
23 109
26 67
76 95
11 59
9 114
96 168
31 229
69 232
50 154
115 173
114 159
59 72
7 74
56 183
30 227
158 190
17 44
3 157
12 178
109 155
53 177
11 96
102 122
61 237
28 127
186 248
72 100
8 193
107 224
48 235
29 234
167 238
39 197
0 61
145 211
174 216
14 165
136 185
17 246
145 226
24 224
81 227
25 47
6 235
101 221
54 85
73 102
20 176
54 165
21 239
4 89
38 126
55 242
218 225
52 249
134 193
78 92
11 166
98 214
5 137
91 151
77 78
85 201
3 139
218 242
12 160
50 98
36 91
11 208
10 59
191 246
7 48
107 147
73 96
40 82
52 125
135 157
104 116
1 231
14 100
50 133
43 91
164 204
27 102
98 161
209 218
178 208
106 133
126 212
108 166
147 160
32 143
112 169
136 171
2 93
123 226
18 155
22 222
96 133
166 222
32 93
51 94
166 221
14 24
161 239
37 133
45 58
34 245
190 229
36 204
18 191
188 222
112 195
62 208
35 180
125 169
29 219
42 85
17 101
159 203
12 237
54 241
126 195
11 20
32 215
73 240
210 247
217 225
130 187
4 67
81 149
29 113
57 130
112 130
133 202
78 150
180 223
200 247
29 86
11 17
15 122
89 222
204 240
96 128
21 210
51 245
154 175
33 158
118 175
70 152
155 160
91 148
128 248
41 66
27 161
1 77
151 176
18 91
105 219
216 229
31 211
132 207
165 217
85 115
119 193
103 156
4 46
154 190
34 70
0 101
35 129
3 228
147 211
50 113
81 190
72 176
38 245
5 89
134 182
190 227
97 136
103 108
30 76
29 137
25 132
136 158
53 97
122 139
48 135
25 63
4 145
78 133
110 139
18 81
213 217
69 71
71 248
204 208
27 86
85 186
74 89
23 93
129 162
77 116
7 12
82 140
73 192
62 102
65 154
30 223
101 239
45 221
101 161
131 247
37 58
80 81
198 244
62 167
5 31
61 223
78 163
35 84
65 80
160 171
18 233
180 216
8 115
89 206
6 47
109 185
109 173
30 204
91 114
29 45
106 167
141 232
103 210
29 125
61 135
164 229
35 89
131 241
30 99
216 242
23 177
22 79
41 216
109 188
26 174
170 213
61 110
174 213
38 55
200 202
114 136
77 237
80 97
107 128
175 179
54 120
102 142
134 246
210 243
135 184
19 104
98 231
124 166
56 195
31 247
8 167
97 112
209 244
102 177
189 209
59 129
13 232
14 80
14 242
1 11
137 243
40 76
45 108
37 54
1 127
122 151
63 181
2 76
140 205
5 164
39 218
5 119
84 247
86 236
111 207
38 206
241 246
74 135
45 54
49 239
52 176
82 104
74 156
59 70
79 201
84 140
172 225
82 158
45 163
1 61
19 99
53 196
200 234
0 75
101 176
30 136
7 191
58 189
199 244
125 167
26 59
75 189
43 104
105 242
113 206
111 204
41 59
59 164
15 116
87 96
51 219
160 232
13 40
7 99
91 225
117 174
34 102
158 241
150 247
96 203
14 153
167 175
81 194
162 235
96 174
8 249
92 144
157 160
9 235
16 76
43 86
46 223
145 204
214 244
105 162
49 221
65 216
47 85
24 246
10 32
6 245
7 227
17 31
74 186
30 71
141 244
65 98
9 115
74 171
169 183
186 231
5 210
79 117
74 94
123 173
82 240
135 201
21 128
8 198
39 64
57 121
135 187
7 144
71 87
7 200
57 170
69 249
15 26
149 176
176 241
12 61
54 171
62 221
184 210
130 198
138 223
92 229
163 168
168 220
22 89
129 193
155 190
61 116
0 156
147 226
139 176
12 83
61 74
123 156
71 83
16 26
62 195
179 231
17 54
172 249
99 112
163 229
57 160
60 189
49 174
110 124
30 249
85 211
66 157
45 93
173 209
140 204
9 42
66 110
8 210
10 120
31 178
90 169
72 218
15 48
78 116
77 246
25 224
50 191
36 81
4 180
115 193
201 247
28 75
47 216
38 246
78 207
2 87
28 102
50 208
70 230
147 224
227 249
168 224
10 49
102 156
147 190
21 187
98 198
167 215
105 245
15 176
102 165
30 193
126 151
126 163
126 242
100 227
115 212
35 152
12 56
192 212
9 106
203 231
129 132
12 201
8 177
78 195
108 236
56 112
64 114
26 163
81 198
31 195
106 223
9 64
84 241
17 51
238 249
35 189
113 212
49 58
18 199
0 221
65 85
100 187
18 193
150 224
65 108
75 197
24 134
42 66
156 185
143 221
6 197
35 247
135 230
156 167
93 200
18 144
20 214
29 220
168 231
5 104
89 149
144 178
126 162
50 150
8 228
60 103
111 245
48 228
20 192
118 162
152 201
108 182
106 131
28 161
1 42
3 37
12 92
172 173
118 233
63 238
146 166
161 210
19 132
171 224
9 83
40 131
12 197
77 249
102 174
63 222
166 207
178 231
50 89
108 175
20 198
186 238
2 95
114 248
134 223
137 217
18 84
31 110
133 211
122 222
104 189
53 64
73 216
13 56
58 110
176 192
63 185
12 19
183 224
66 153
12 185
202 225
50 195
44 74
85 105
153 197
31 210
143 210
18 22
3 198
41 63
60 148
151 213
67 188
77 144
124 140
66 194
21 247
199 208
146 204
72 208
128 230
192 234
30 107
25 245
34 187
37 245
3 62
182 225
207 217
3 57
136 180
57 138
0 231
42 189
23 174
21 117
7 153
134 224
0 111
173 245
148 176
58 124
109 117
79 120
50 223
30 247
41 174
38 215
59 197
82 204
64 190
20 114
162 168
142 220
103 144
88 189
59 121
23 167
32 184
3 181
89 220
36 70
5 131
93 196
33 164
36 112
24 249
56 142
53 96
35 245
141 219
160 197
229 242
56 94
128 246
85 161
98 232
223 229
66 237
3 27
140 202
53 141
164 197
113 195
0 43
148 243
95 114
106 154
100 177
15 25
176 228
76 110
158 185
158 247
104 185
0 56
177 243
109 194
157 191
43 57
37 166
5 43
34 124
139 143
59 122
21 168
50 178
60 206
60 176
28 98
25 218
22 180
65 219
87 128
108 139
145 186
31 188
184 225
23 34
158 191
157 208
113 119
121 147
26 219
28 244
152 244
66 174
113 217
75 194
104 130
11 73
11 173
0 145
168 195
103 136
43 211
137 157
182 183
29 202
112 204
18 79
169 213
6 126
79 195
137 221
221 240
108 154
94 115
110 151
150 160
82 247
195 205
42 225
31 176
187 200
38 76
9 68
52 83
58 207
4 191
174 194
74 216
207 213
8 152
20 152
127 178
10 158
95 104
63 197
141 241
57 97
96 180
195 203
19 169
20 226
