200 3000
44
69
23
93
66
117
87
111
28
20
67
63
77
102
117
119
87
65
109
115
103
89
89
76
50
92
117
105
78
83
86
55
33
89
80
79
38
47
22
46
99
21
89
108
103
38
107
22
84
48
118
67
118
87
75
100
59
73
85
70
88
51
105
53
72
65
64
91
44
66
69
23
67
39
111
102
109
50
105
73
30
55
72
28
22
28
61
113
33
78
63
53
110
48
87
114
45
31
85
21
30
87
24
29
106
67
64
47
49
101
101
60
36
53
20
38
113
61
31
78
20
27
112
62
55
31
108
33
94
26
34
104
93
91
66
31
90
110
58
72
91
39
112
59
25
64
77
70
58
40
29
110
47
73
52
35
84
92
100
58
98
114
95
71
37
41
82
108
31
21
60
54
92
104
93
49
100
102
100
38
22
61
28
102
114
112
117
78
85
97
116
63
43
91
67
61
64
29
101
27
71 142
143 181
24 126
7 53
155 177
85 156
16 143
0 149
4 150
13 64
7 164
3 22
44 100
97 161
49 172
121 143
102 115
70 91
29 155
84 198
66 154
28 82
104 180
108 184
45 198
4 24
20 27
73 105
18 23
25 122
43 190
57 168
97 190
5 101
19 99
86 89
54 69
110 120
50 105
95 170
55 194
51 75
156 174
148 149
71 127
69 174
66 95
127 164
28 85
57 121
10 79
85 95
15 80
130 195
72 117
127 177
64 180
3 38
103 137
16 139
66 126
85 193
12 161
109 198
30 192
55 72
40 150
72 109
57 118
154 190
83 174
38 70
64 73
28 153
128 168
55 169
34 54
0 147
19 109
145 163
91 153
83 187
55 97
125 156
110 154
116 128
138 146
10 119
147 163
91 115
84 115
101 146
90 146
48 109
7 146
25 98
12 51
106 182
90 109
32 63
100 152
98 144
38 63
1 60
162 175
30 44
11 191
102 131
89 132
49 163
78 188
99 129
1 33
110 187
123 171
28 126
22 71
61 78
37 139
14 199
59 114
29 78
2 161
43 180
45 143
92 123
132 192
4 133
25 143
101 195
73 115
129 138
7 95
132 152
98 166
84 165
113 177
43 131
23 26
71 175
19 118
50 146
102 163
135 141
46 83
113 194
75 156
4 51
3 82
133 136
122 172
51 98
86 141
64 183
110 116
34 136
34 81
37 197
124 137
135 138
7 84
48 164
51 159
168 193
7 56
126 129
24 29
67 132
67 117
83 185
19 177
11 20
6 9
8 95
98 133
30 141
78 182
57 141
129 177
134 136
13 185
17 166
37 102
107 185
69 169
92 99
40 64
46 110
25 70
141 159
168 171
52 102
1 61
83 195
38 129
19 175
142 189
132 142
91 127
60 191
35 148
111 189
21 52
35 77
43 129
11 188
40 52
54 65
60 101
91 137
108 142
36 67
9 97
120 140
88 111
37 153
64 99
151 178
13 38
81 180
94 169
45 147
110 161
15 153
42 123
65 106
150 173
0 101
22 134
92 175
45 85
164 184
110 142
87 100
68 107
2 181
26 37
101 150
54 89
12 165
72 96
77 198
130 197
43 104
11 190
88 175
126 150
14 69
50 176
82 184
71 130
10 31
21 51
37 187
63 85
11 92
8 36
175 186
79 92
29 55
21 118
30 148
20 99
71 162
28 196
55 158
17 67
88 142
69 131
75 84
38 169
5 129
47 56
91 191
21 135
109 147
91 129
57 111
29 171
57 134
167 189
34 167
109 159
74 180
102 193
16 162
140 145
167 187
153 158
31 89
131 178
22 150
59 159
86 88
20 130
49 97
17 162
35 121
78 109
71 101
11 69
33 152
15 152
91 168
63 122
9 194
52 111
112 169
55 70
27 152
1 2
19 189
36 62
97 98
115 121
109 185
13 154
107 152
105 120
122 179
82 116
145 184
37 48
16 92
0 120
72 154
61 122
110 173
23 124
160 191
70 144
35 128
92 109
1 31
24 35
8 148
137 180
56 148
8 30
115 191
40 115
53 191
14 63
159 183
36 111
10 71
40 119
41 116
140 151
51 76
8 100
108 188
157 170
26 116
176 183
92 169
22 24
35 87
170 188
24 47
9 82
48 74
80 116
115 183
56 143
156 186
151 175
64 108
97 132
74 134
103 116
92 118
78 105
66 179
28 178
43 110
43 139
20 184
51 111
3 167
190 194
75 97
91 117
6 166
43 192
110 148
26 135
67 168
44 196
39 197
58 137
34 194
145 157
45 112
112 191
54 139
88 171
46 182
110 138
130 139
87 153
41 193
65 113
108 109
105 109
101 119
135 194
103 113
81 158
16 145
70 101
85 189
19 194
36 132
127 129
14 35
14 159
31 76
24 136
133 140
4 193
129 188
10 27
59 155
128 130
118 192
12 76
8 106
33 93
80 174
86 199
30 156
44 110
122 196
38 116
0 26
45 118
7 69
81 145
26 162
11 155
87 144
2 119
47 164
35 173
45 186
11 153
122 168
90 198
36 70
70 158
14 155
35 140
38 162
77 116
64 79
160 184
55 118
117 162
19 149
16 91
54 135
103 170
145 198
56 156
21 122
113 163
78 157
26 151
155 167
105 139
79 176
146 193
93 165
136 142
29 182
104 191
84 119
72 182
70 180
38 91
102 153
4 11
31 108
37 186
27 95
77 107
100 116
141 195
53 75
24 196
109 131
3 67
43 137
81 135
37 180
34 137
0 18
45 190
34 85
83 108
9 184
24 102
29 131
129 155
25 60
16 45
15 59
134 150
92 115
79 139
52 92
53 82
25 167
87 109
27 49
45 51
103 176
33 185
10 131
45 100
13 55
159 190
4 115
55 57
83 109
147 180
110 181
33 135
73 148
44 175
41 74
129 178
11 17
101 114
22 112
1 29
112 125
19 40
76 116
47 151
137 194
83 199
69 175
75 135
94 131
2 168
133 173
49 142
144 164
43 118
76 196
1 148
109 119
177 193
41 148
85 129
12 187
37 163
33 124
127 190
55 145
95 180
78 145
22 75
61 118
89 93
41 115
90 176
35 160
105 108
34 76
64 146
183 199
32 179
107 169
112 114
7 114
47 192
104 122
117 167
60 192
6 59
48 53
35 165
84 141
26 160
127 172
78 176
107 155
63 166
125 175
80 191
79 134
136 191
55 153
98 108
67 157
67 120
85 145
38 151
63 64
40 196
94 196
11 60
73 186
16 93
72 124
15 104
78 159
76 176
26 143
85 98
10 30
114 136
68 199
178 186
170 187
81 134
145 166
94 191
155 160
64 111
123 141
24 199
2 69
107 142
101 104
37 137
18 158
188 196
96 175
30 119
57 85
127 151
10 29
90 189
117 153
40 53
29 95
39 116
32 133
23 85
38 113
56 74
62 71
5 119
38 124
47 149
76 161
142 150
38 40
107 131
137 193
40 148
118 139
150 157
73 180
63 187
61 93
71 116
28 76
35 114
136 152
66 113
63 164
2 160
44 55
48 62
10 181
41 51
101 198
2 126
130 141
176 189
13 155
31 44
32 41
145 146
10 168
12 85
73 172
39 128
16 101
128 149
63 169
1 165
119 155
2 91
33 48
3 130
46 174
34 87
6 131
33 127
141 197
164 166
3 122
46 90
105 127
168 192
48 193
85 168
100 129
122 148
52 162
104 160
138 178
47 137
33 70
16 163
180 182
104 130
40 195
103 139
104 161
46 84
72 184
146 175
84 89
188 198
49 128
49 79
65 149
81 82
64 112
61 194
121 197
68 123
37 178
7 198
82 91
106 197
27 124
52 63
2 14
4 15
83 131
64 196
98 184
30 96
43 115
36 43
40 166
56 78
63 144
27 28
25 106
85 133
150 186
116 148
140 152
71 131
148 187
20 171
50 198
68 113
93 111
101 134
29 157
164 173
144 172
0 30
86 170
72 115
16 24
140 164
23 168
156 188
8 171
127 170
58 147
35 103
10 137
39 189
46 153
165 171
98 117
1 20
3 69
44 179
85 184
5 144
7 132
131 161
41 140
53 150
88 140
53 103
177 195
24 142
59 148
147 198
100 177
170 180
14 169
54 112
56 198
60 158
140 173
94 166
107 134
139 182
160 162
56 134
35 136
83 116
4 135
25 105
137 170
111 121
145 171
37 79
97 120
21 63
36 95
108 181
93 196
9 16
2 31
54 167
6 79
72 128
169 183
49 114
107 128
104 156
0 125
166 171
46 81
115 128
82 175
109 175
124 126
136 155
128 190
86 122
70 146
14 191
64 82
105 189
144 161
87 97
15 68
114 168
48 82
58 197
124 157
35 134
61 89
3 115
1 164
73 110
16 168
144 184
74 85
35 80
177 182
51 122
90 145
27 117
66 90
143 171
4 83
13 151
7 177
39 72
1 184
8 75
69 89
4 111
18 33
55 163
76 124
143 166
180 191
14 134
50 104
90 117
1 49
94 105
36 130
21 138
43 111
22 179
47 198
54 56
84 113
56 178
50 121
17 37
55 141
19 97
10 172
56 99
77 133
121 163
33 98
6 77
5 7
15 27
59 141
37 99
102 149
159 186
119 166
79 138
16 41
110 115
97 139
39 48
99 170
149 154
112 155
162 178
6 117
128 178
77 99
48 165
76 131
50 187
66 195
11 140
2 108
126 157
126 142
193 196
96 102
51 94
72 166
35 166
30 144
129 163
81 173
105 178
157 165
104 107
48 183
2 41
1 144
149 168
16 89
4 183
20 170
8 186
6 38
82 121
7 168
2 98
63 172
16 198
132 172
42 174
125 195
71 93
112 144
62 148
56 71
20 29
46 102
14 150
109 153
112 126
65 127
81 98
22 126
120 165
91 196
19 115
11 136
132 198
112 180
32 183
36 52
12 82
106 162
16 49
67 113
94 132
41 192
14 131
39 162
154 174
111 182
114 165
77 109
12 94
82 146
116 176
53 91
21 117
31 158
24 59
9 143
25 92
182 187
67 136
121 130
35 53
83 191
81 85
95 115
32 72
37 184
101 163
58 73
84 125
108 116
77 184
3 161
122 185
148 189
70 73
71 79
57 62
91 162
9 148
132 158
81 142
169 196
179 196
70 80
104 138
40 141
16 144
1 138
82 101
79 155
123 150
34 133
164 196
24 112
6 182
39 44
13 77
73 188
10 144
48 105
148 198
40 116
95 193
54 177
47 85
132 170
119 187
55 152
67 79
16 25
14 61
17 43
5 26
68 171
15 125
163 171
124 164
19 80
86 157
4 148
32 124
63 127
151 182
167 171
14 184
180 196
13 45
23 175
43 170
185 194
118 168
44 101
82 133
15 191
47 196
75 196
99 111
9 78
70 175
62 67
59 107
32 82
83 155
29 125
46 92
147 193
29 42
58 78
2 21
169 173
49 169
112 196
69 157
91 143
133 157
40 110
17 143
52 123
0 98
181 198
41 88
162 166
51 135
24 120
104 170
52 146
82 167
10 177
58 143
135 169
135 152
58 64
114 156
11 189
9 56
144 170
2 85
53 111
20 31
78 125
24 153
139 143
34 100
4 170
180 186
100 112
102 191
153 157
24 101
109 155
9 164
130 148
7 39
15 53
28 158
62 159
11 82
16 184
68 165
80 121
108 182
13 78
131 159
20 169
96 130
150 196
109 169
49 184
91 198
94 178
2 53
13 192
87 177
62 94
154 181
59 196
155 168
137 190
38 176
19 78
34 188
84 140
124 138
18 127
68 129
23 60
63 94
37 76
83 123
38 134
6 163
42 105
18 95
96 114
48 130
54 188
166 178
45 78
146 148
126 171
7 21
186 196
97 109
32 187
13 70
73 128
76 115
123 186
82 85
37 134
91 164
83 122
1 21
128 169
55 99
58 92
28 79
7 77
39 140
64 154
89 109
5 20
12 90
49 54
19 24
102 113
52 182
34 151
78 189
10 17
157 169
46 98
8 62
4 69
152 190
6 157
163 170
17 199
19 176
63 188
75 90
127 128
25 114
14 30
184 192
150 161
93 169
38 156
146 197
154 196
61 166
79 105
81 137
67 152
110 156
66 101
58 187
85 89
20 116
41 141
149 161
47 80
64 109
47 169
136 188
7 51
41 159
117 121
4 195
13 68
7 106
71 191
43 96
59 89
172 185
38 117
85 130
146 196
116 134
85 119
11 30
177 199
16 67
74 190
62 74
17 122
77 105
42 163
111 132
39 109
78 185
57 146
72 94
20 48
129 172
25 97
16 39
66 171
30 189
87 140
18 104
19 130
41 57
48 151
102 182
34 112
58 80
6 50
176 179
98 105
75 151
3 142
43 174
8 73
149 163
113 133
5 195
62 153
56 188
71 155
113 155
121 131
44 171
188 195
191 198
42 90
67 81
180 199
4 167
120 175
19 116
119 159
114 179
134 142
15 179
17 24
157 186
136 171
61 149
67 178
112 198
100 111
68 106
87 187
22 116
133 169
129 199
34 178
3 144
82 154
126 160
18 109
149 187
99 128
29 147
77 163
96 183
36 183
70 157
39 104
90 91
89 139
20 173
128 174
88 150
100 168
78 117
6 107
94 156
29 189
59 192
48 187
29 50
139 141
71 111
66 91
179 194
65 129
83 118
97 185
158 167
1 63
123 135
8 29
79 197
23 59
9 46
11 71
27 162
98 153
19 73
52 189
7 14
49 181
30 125
34 35
49 149
36 85
172 196
3 114
125 194
155 178
1 123
151 166
119 163
36 49
40 105
75 106
4 140
62 105
50 141
114 190
47 57
69 193
0 182
106 148
1 114
9 165
58 186
77 153
1 194
40 167
123 178
40 180
121 181
43 171
90 187
9 180
83 115
9 31
10 173
97 182
83 127
81 192
160 194
27 94
97 194
28 134
70 114
20 51
127 174
107 153
88 188
22 49
171 195
12 69
139 177
121 152
20 113
47 115
7 165
94 194
16 193
13 160
19 100
77 145
28 182
52 68
26 171
118 142
130 173
150 163
69 116
42 72
139 181
56 187
34 49
3 195
15 174
47 92
75 120
26 172
96 197
92 124
7 96
51 123
56 111
142 153
149 199
140 183
48 96
15 130
70 178
59 190
5 86
53 115
18 35
19 79
115 142
87 169
162 185
20 96
19 163
1 168
94 114
103 114
142 186
12 130
164 189
121 155
111 175
192 194
134 190
29 62
28 192
11 95
49 143
57 131
34 95
37 172
102 172
1 136
91 108
82 185
74 182
124 131
9 193
17 154
146 192
40 45
109 189
89 192
184 198
170 178
151 173
24 174
39 68
49 83
165 187
34 121
1 45
111 199
15 97
144 158
156 185
150 155
81 121
77 94
32 54
68 71
103 122
61 121
21 107
13 182
25 179
137 166
131 136
28 193
89 151
60 139
74 89
147 167
44 122
41 154
61 98
172 178
51 165
185 186
136 199
99 165
25 30
53 170
4 58
59 197
16 85
39 183
32 113
30 68
86 198
3 51
49 188
159 189
108 140
57 72
37 110
42 47
53 67
83 197
90 188
19 122
101 199
121 147
34 181
119 136
37 168
27 77
128 137
119 175
144 177
0 133
39 194
106 132
48 81
138 142
69 113
13 123
64 160
44 45
146 164
182 184
11 84
163 164
82 148
44 92
51 129
61 86
86 109
51 143
164 177
116 190
87 180
84 102
26 49
48 160
84 185
148 171
49 71
141 182
115 194
44 185
23 197
105 106
0 110
87 110
26 165
4 29
7 131
88 185
88 180
97 117
65 174
0 91
6 67
50 143
75 107
1 137
60 111
176 177
5 90
22 137
69 186
62 83
35 187
4 103
146 161
4 28
150 152
80 154
45 108
13 47
73 197
110 174
0 50
131 184
6 187
68 90
22 29
56 125
17 185
23 142
46 175
78 92
81 90
95 138
136 137
47 168
19 110
0 41
1 155
62 161
104 141
163 181
41 70
64 159
5 12
57 192
35 73
99 174
36 168
110 137
35 172
108 187
63 165
179 189
82 176
45 120
38 99
58 191
103 155
15 95
50 164
63 120
89 176
38 51
87 178
10 38
74 176
15 101
97 191
37 111
54 133
95 188
62 162
35 126
108 113
41 142
193 197
80 127
32 90
59 165
18 26
47 126
76 117
171 185
175 180
35 56
70 197
133 197
75 184
92 198
39 169
41 163
71 168
147 162
6 85
103 132
58 185
61 150
156 184
63 192
133 143
92 189
18 126
167 168
18 137
12 160
31 52
151 180
66 145
78 110
95 121
72 136
64 156
92 160
20 23
26 108
7 79
126 152
122 199
15 159
19 134
67 143
30 84
119 190
139 176
6 26
38 165
57 190
56 91
59 65
151 168
78 111
1 18
55 151
34 118
92 173
35 174
152 183
187 189
25 178
154 187
168 197
185 196
8 116
87 136
27 107
40 178
75 162
48 176
21 37
36 69
56 65
10 48
8 197
139 189
95 175
95 126
45 74
53 80
16 190
75 133
38 100
148 160
14 197
35 122
33 139
52 140
129 193
120 191
69 177
15 22
95 144
27 86
64 120
53 156
13 129
56 96
130 162
83 196
70 127
10 192
137 179
91 122
10 68
25 191
42 87
89 174
182 190
180 195
62 90
146 160
110 122
29 193
70 99
14 120
51 61
104 152
114 173
117 173
15 91
4 164
37 130
5 27
112 186
2 174
48 134
101 158
31 103
176 181
194 198
27 54
146 153
11 70
39 74
76 128
5 133
56 69
24 119
77 117
133 159
61 92
59 109
113 184
33 41
45 47
125 186
123 143
58 179
36 162
65 79
24 157
18 164
25 116
2 30
95 113
139 155
81 147
18 78
156 194
3 117
61 99
49 64
52 193
90 118
142 188
11 169
78 165
47 104
128 185
6 197
160 161
12 115
22 164
28 166
111 169
135 150
45 168
75 89
40 56
41 173
40 118
78 104
81 168
60 126
79 172
39 146
61 136
62 164
90 197
99 158
78 177
52 144
152 167
11 126
0 156
79 189
20 198
37 51
166 188
51 180
30 104
101 169
73 79
1 50
29 103
2 147
128 189
36 177
25 62
56 61
46 60
104 145
66 84
109 158
98 159
7 159
8 14
10 36
24 90
126 168
2 182
10 104
102 195
22 46
22 66
99 163
127 183
30 85
92 128
4 196
4 87
18 124
132 167
57 102
22 157
111 136
4 40
0 73
94 96
97 118
76 197
33 58
34 125
30 138
81 177
52 187
101 154
155 184
93 163
99 177
134 156
30 91
86 137
84 126
50 196
78 133
166 194
44 178
11 125
9 177
56 114
164 171
7 142
76 114
146 162
6 198
131 172
84 118
50 124
94 99
62 102
9 171
12 149
18 20
63 183
22 191
14 77
90 153
36 81
67 85
12 17
91 185
100 127
55 150
51 154
105 196
114 180
117 133
0 132
68 192
106 145
158 197
39 50
69 185
124 150
15 86
87 186
89 142
49 193
50 85
17 53
165 198
50 122
6 150
70 94
15 65
14 53
17 92
17 101
172 184
110 188
72 199
85 132
101 123
40 90
13 99
42 50
19 112
36 144
50 96
59 182
103 106
43 92
16 122
16 127
11 195
53 70
112 143
14 128
110 168
15 60
95 102
17 77
113 120
108 135
151 164
31 43
119 178
54 172
48 119
68 110
24 83
49 166
104 134
21 111
133 171
28 36
5 25
57 138
77 192
47 194
78 143
15 37
44 56
56 139
7 163
118 198
36 184
47 88
158 170
55 109
82 97
83 107
54 140
46 132
84 93
126 179
115 123
131 194
134 159
74 139
57 93
72 77
15 118
30 179
70 112
83 171
17 197
15 81
62 93
60 137
7 9
68 120
7 93
186 195
16 109
134 139
76 121
98 113
142 185
155 156
26 152
126 193
185 188
39 46
0 78
5 146
98 120
67 106
36 122
52 135
26 184
12 186
99 100
63 84
18 42
20 192
118 171
14 156
5 59
137 154
5 159
35 125
9 141
46 193
16 80
98 152
58 85
116 157
131 193
137 198
56 118
29 115
123 184
4 80
39 95
105 157
102 133
101 103
1 134
5 192
38 121
101 175
46 53
51 59
11 184
172 192
81 153
107 156
63 137
36 185
102 145
42 187
48 145
88 182
45 146
127 137
28 167
20 64
27 123
11 23
86 147
62 100
75 190
63 77
175 179
9 17
57 119
114 159
12 191
5 118
149 172
14 99
126 144
119 137
24 89
44 66
118 143
19 58
35 82
43 66
4 185
100 118
92 145
131 150
80 162
61 74
46 170
136 139
41 180
59 160
24 55
34 177
26 38
5 125
22 148
11 124
112 150
25 158
72 164
46 113
6 145
121 172
14 102
40 108
29 140
101 165
6 169
47 195
144 163
23 194
135 175
0 96
46 169
92 117
14 82
17 135
61 195
1 9
25 111
118 146
69 114
184 193
58 63
81 148
9 123
105 169
76 167
26 145
11 109
46 68
31 129
41 42
19 82
0 104
165 173
109 172
57 174
6 183
127 180
8 40
67 94
57 153
112 128
72 148
55 159
96 111
152 172
111 137
77 178
48 186
43 108
35 198
129 184
17 138
11 50
45 161
66 74
114 115
86 185
67 96
145 176
24 74
131 177
47 175
121 151
135 154
2 123
73 141
20 76
65 104
171 189
104 139
38 76
105 142
118 125
2 199
134 143
128 142
98 164
5 87
77 128
101 135
39 153
10 162
0 198
11 58
59 60
154 163
91 146
7 48
57 147
96 123
104 175
25 52
85 157
4 16
51 131
14 50
83 100
141 143
2 27
61 148
109 118
108 128
56 183
112 176
66 158
10 97
43 182
12 119
171 186
143 152
26 173
5 68
69 120
22 122
83 96
22 166
82 193
1 94
66 71
24 114
11 89
133 187
58 145
84 145
29 40
36 154
18 41
22 138
45 62
12 158
25 125
19 69
135 179
42 45
112 132
8 51
17 153
109 162
37 91
26 154
45 172
19 20
82 111
65 123
40 97
110 117
75 180
54 137
67 131
99 179
63 107
30 80
12 92
2 194
100 183
28 180
47 73
0 136
17 129
11 122
115 122
39 190
54 128
121 196
60 95
75 101
83 154
108 118
102 175
148 155
28 91
91 148
61 127
151 176
1 191
66 119
129 131
161 182
7 67
65 115
185 193
106 169
103 124
6 146
104 154
20 190
51 184
100 135
53 179
78 97
163 190
76 81
88 172
95 189
32 155
77 134
90 190
1 97
58 136
3 126
30 187
82 129
75 108
136 153
157 197
72 103
139 185
63 148
25 195
28 139
10 118
81 163
167 169
21 171
4 48
158 177
86 174
62 116
16 179
77 157
90 192
52 173
54 62
15 30
23 189
1 71
111 145
36 158
30 198
144 162
21 167
119 131
55 161
28 123
34 180
10 15
121 168
33 66
34 80
50 129
156 165
89 147
106 185
73 109
159 180
4 14
79 141
106 195
17 29
32 39
25 153
179 185
11 29
85 114
31 189
30 41
99 130
16 192
127 173
66 141
9 88
26 124
70 163
10 61
124 163
38 55
2 100
14 36
80 197
7 128
104 120
92 102
34 196
35 84
69 154
31 198
16 74
6 195
47 81
8 117
47 62
59 94
102 127
59 139
29 59
132 163
104 197
14 80
164 192
0 119
87 93
26 40
54 87
101 177
72 101
113 181
52 126
40 155
64 155
39 168
105 119
97 134
36 136
107 111
88 156
66 194
191 196
45 104
89 99
2 176
6 24
9 70
1 179
84 190
72 125
1 161
119 149
150 184
25 150
1 126
27 33
8 189
94 199
76 159
4 43
5 142
13 156
61 154
59 91
116 165
87 96
19 151
82 160
90 113
7 149
41 175
117 174
2 134
91 158
100 197
96 153
125 167
135 162
96 174
58 199
92 194
107 160
109 135
66 176
36 193
46 123
14 144
49 171
16 65
48 111
135 147
74 196
110 132
56 195
107 177
112 115
17 181
5 40
91 94
65 148
109 115
71 174
83 119
31 86
55 160
117 179
44 174
82 173
40 85
8 78
148 164
21 89
7 135
87 107
44 154
130 171
37 50
20 57
57 169
126 199
126 165
99 139
91 160
11 176
12 171
60 171
34 130
38 192
168 179
163 168
170 172
93 140
11 105
66 156
26 150
112 189
133 161
56 124
121 186
66 162
29 145
12 199
13 79
57 160
39 60
124 199
124 160
49 180
85 111
7 166
95 143
9 73
40 54
59 92
116 160
58 160
115 129
160 170
128 131
140 169
65 198
66 128
96 177
24 125
150 191
31 186
4 30
43 165
101 147
28 125
16 47
96 188
157 178
37 52
78 102
50 158
120 180
97 124
49 77
68 74
60 199
52 156
47 90
37 121
65 117
5 45
165 176
2 115
180 193
76 163
26 192
77 100
61 77
65 112
2 185
106 112
12 192
53 81
47 167
29 82
1 162
27 58
145 178
108 186
6 12
36 101
64 114
113 176
98 131
131 195
123 156
159 164
41 84
17 51
88 199
112 113
58 99
43 86
49 118
50 171
85 115
37 150
43 168
0 174
108 115
24 134
42 116
71 193
97 135
116 178
34 183
180 185
6 17
43 100
144 168
120 164
70 79
168 181
5 154
22 54
39 199
144 178
62 176
50 150
73 118
8 128
60 153
78 198
106 198
70 142
12 118
51 102
8 132
31 56
161 178
1 192
3 137
142 162
23 122
27 122
68 83
113 138
66 196
111 160
19 182
121 124
9 33
112 147
52 74
22 163
7 116
78 81
0 139
108 175
152 195
14 198
123 134
87 167
84 168
33 61
65 131
22 72
47 100
139 154
66 73
13 106
112 160
58 110
126 192
69 112
74 133
53 166
25 152
0 45
24 44
52 130
105 135
97 153
110 131
43 60
22 118
148 153
63 91
113 127
160 198
1 13
88 117
94 127
40 124
16 94
8 99
22 58
80 178
84 92
107 180
45 175
187 195
53 112
75 132
53 57
0 135
138 157
100 131
23 74
34 74
73 145
48 126
58 124
17 59
68 143
70 179
23 150
88 114
180 197
24 141
15 138
47 159
154 182
9 64
14 140
14 70
112 118
92 170
103 194
138 139
73 117
32 184
162 164
103 181
120 189
5 31
96 143
14 83
49 174
106 142
53 96
35 45
169 191
60 197
44 156
146 178
11 135
82 98
123 129
66 87
53 177
40 102
41 103
14 147
45 63
0 43
98 143
95 164
4 6
0 77
115 175
126 178
76 110
8 185
47 158
100 106
93 127
9 94
7 41
157 193
2 7
55 93
84 124
39 93
59 72
118 121
78 100
10 106
110 126
98 178
25 168
72 130
65 119
28 137
58 139
36 195
57 91
88 181
134 175
34 173
58 107
13 169
21 47
76 119
2 144
16 174
63 67
44 125
11 73
123 161
50 145
95 118
36 53
143 161
37 157
33 82
60 156
29 52
4 62
19 113
6 126
79 145
21 137
34 193
40 71
104 108
65 94
51 110
100 160
147 182
42 175
56 107
131 176
137 150
41 143
76 138
166 175
159 168
8 57
54 91
74 94
116 174
7 63
108 152
70 102
127 178
10 158
95 154
113 147
141 191
85 166
107 197
12 86
46 180
23 69
53 95
70 76
178 185
55 181
60 81
33 191
71 139
39 184
30 86
124 125
148 185
53 197
18 32
28 37
49 113
66 107
147 199
33 167
124 129
163 174
11 87
37 160
186 197
165 182
4 145
26 194
5 120
71 170
170 179
60 155
31 41
53 194
33 68
57 65
62 145
196 199
2 68
25 146
74 117
6 96
39 66
105 146
127 146
114 124
139 157
55 143
138 154
102 117
125 137
17 127
1 183
32 134
7 125
64 98
23 177
152 163
29 198
73 76
164 186
107 164
41 118
158 198
83 91
45 162
164 194
94 140
39 47
48 64
29 61
54 108
106 147
13 120
164 191
11 24
172 175
19 185
96 190
45 89
88 129
130 163
130 193
174 177
31 190
96 122
194 196
33 158
5 183
142 154
33 196
80 85
9 173
89 103
34 154
66 129
