200 3000
117
100
101
94
38
114
99
46
110
105
87
25
40
66
74
32
98
93
80
81
71
64
33
95
87
61
76
67
87
66
114
84
98
95
58
116
42
38
94
32
23
62
90
43
60
96
107
38
69
67
52
73
63
117
48
31
58
57
30
25
103
24
41
34
51
79
82
73
49
57
86
104
51
108
27
91
84
115
61
85
114
93
38
58
42
119
21
80
56
31
37
91
87
110
105
118
22
20
72
51
109
90
36
92
78
95
63
94
42
56
59
37
82
78
27
104
29
80
65
65
91
34
36
58
77
74
108
79
74
60
110
115
82
78
87
40
106
30
114
28
118
106
97
80
116
56
65
25
116
62
70
39
28
86
29
85
92
118
44
46
110
87
93
73
45
60
93
31
22
40
92
21
26
21
81
22
58
78
79
106
20
29
26
29
47
35
94
20
85
71
98
76
38
72
29
115
64
54
27
119
19 23
82 168
56 98
109 189
136 162
148 177
14 72
82 125
29 151
93 152
165 191
14 58
50 120
28 107
153 158
129 130
35 99
44 179
160 168
122 180
68 109
82 195
72 144
64 95
165 168
38 157
53 133
15 183
44 125
35 90
149 172
116 184
23 96
180 183
64 113
58 85
5 22
166 167
77 183
13 43
4 151
0 84
9 167
19 86
61 163
112 122
34 38
49 57
29 86
103 193
51 142
165 188
56 107
83 85
49 91
42 128
53 80
62 79
48 98
11 148
22 160
76 194
13 125
3 51
154 196
49 154
142 199
7 166
49 50
93 98
135 173
54 103
14 117
65 102
18 65
25 40
141 171
5 18
57 126
75 125
11 174
74 106
34 92
93 108
1 127
100 192
47 88
55 106
160 165
120 183
26 97
119 175
68 181
138 146
63 190
21 153
48 189
59 81
82 119
9 174
118 120
61 161
16 83
80 136
18 106
33 193
53 178
116 126
68 199
131 173
22 72
21 81
103 105
31 153
64 73
77 102
20 34
2 197
55 78
73 138
123 136
18 114
97 128
80 182
65 165
53 187
74 89
21 194
129 174
26 193
47 80
22 34
20 100
36 155
50 127
138 180
2 198
53 131
95 187
11 61
5 64
48 94
69 90
19 41
19 43
43 164
99 186
29 199
17 158
106 160
86 144
99 147
84 104
78 132
41 91
48 193
57 193
143 147
15 136
58 118
34 155
6 53
82 172
131 157
63 100
91 196
142 149
95 185
46 125
90 117
62 166
23 138
8 33
23 122
40 169
33 76
74 87
34 199
121 191
130 173
54 173
155 170
17 116
93 114
143 162
4 109
25 143
33 85
7 128
8 50
0 41
26 126
113 128
25 50
104 107
111 175
33 145
18 149
111 163
15 58
20 74
51 167
4 115
36 43
164 196
93 164
37 172
118 142
37 168
141 168
27 95
52 60
71 193
156 161
134 177
160 166
133 197
64 163
90 151
54 107
147 153
18 185
77 112
66 103
23 80
7 108
12 118
111 168
35 130
19 169
59 185
56 82
45 71
72 113
131 149
96 167
36 137
33 113
49 88
82 131
63 139
134 142
62 151
138 197
17 144
3 107
141 154
11 177
83 139
88 90
9 15
51 184
98 170
117 148
48 58
122 182
124 139
8 42
5 186
83 180
40 174
81 86
50 181
58 120
101 133
8 100
62 145
104 161
21 67
61 77
21 43
151 161
119 159
57 155
136 165
139 140
176 179
20 109
29 31
30 114
84 190
15 146
87 119
59 106
92 120
65 184
115 135
34 178
95 134
60 92
32 70
46 151
11 172
107 192
137 155
39 107
80 122
119 137
149 193
26 37
10 69
102 185
81 145
19 192
15 63
52 85
48 156
11 83
80 190
4 35
80 111
26 112
115 185
31 130
57 64
134 167
19 69
71 117
42 150
109 165
106 114
2 154
70 85
117 150
28 121
108 137
163 184
20 169
3 78
99 143
13 66
77 184
88 100
38 101
11 142
0 156
77 158
106 147
24 196
24 49
145 186
82 84
56 149
51 179
59 103
24 122
121 151
9 51
0 110
73 146
146 156
114 150
49 53
29 110
50 86
36 126
8 170
26 137
12 117
38 115
39 62
143 188
71 198
134 194
140 198
106 159
20 44
63 83
73 114
169 199
92 150
8 88
20 118
5 156
87 196
27 171
139 194
86 177
127 128
88 178
17 33
6 102
61 165
86 89
10 79
30 86
46 102
21 70
18 27
57 129
23 100
84 115
62 95
1 175
179 189
15 23
117 149
10 29
35 70
49 114
80 87
96 135
133 166
103 108
37 145
112 169
90 148
10 37
64 152
16 32
127 165
108 149
128 184
130 177
51 162
16 147
97 101
5 66
4 11
68 195
37 180
16 174
5 179
131 190
22 174
10 139
118 124
19 60
48 148
10 111
59 164
60 65
65 125
21 136
60 89
49 69
37 58
23 37
43 166
168 169
130 188
60 112
48 80
48 125
36 180
10 97
70 95
162 172
88 136
61 100
82 177
35 150
119 125
24 114
91 144
32 83
74 144
74 96
21 176
74 156
5 105
107 120
30 147
56 91
48 185
150 173
44 173
75 197
111 119
142 146
16 103
90 199
18 91
165 173
31 127
2 132
62 88
52 70
9 60
9 161
46 86
19 159
83 187
168 194
106 110
9 92
79 135
122 160
133 153
39 80
42 116
157 165
17 56
17 27
30 141
27 76
27 186
47 62
15 125
8 31
78 101
157 192
36 153
79 141
38 118
155 174
112 139
112 120
108 139
80 138
165 166
60 103
13 74
29 83
12 107
136 157
16 172
65 100
39 165
7 30
119 178
39 102
11 40
43 177
144 157
61 103
109 178
42 90
6 13
149 197
163 165
25 73
12 138
126 178
133 178
108 160
5 62
77 103
12 59
115 173
73 82
67 93
58 173
74 122
7 37
80 88
141 170
30 148
26 142
9 31
60 199
72 158
98 126
171 193
29 39
40 188
29 80
20 92
133 190
11 91
58 100
15 195
56 194
27 194
5 51
131 152
97 149
67 102
15 131
56 58
88 139
21 131
68 82
137 173
80 147
27 73
81 162
21 189
27 75
180 192
94 158
93 161
144 171
16 101
11 189
94 155
100 163
162 195
35 47
9 22
43 69
144 150
22 142
76 181
36 154
149 194
138 199
73 100
84 106
14 89
52 178
3 141
152 166
88 151
110 153
22 112
62 154
119 176
157 195
109 145
55 101
47 100
120 194
0 52
4 42
66 182
70 94
76 199
164 188
141 150
15 27
116 181
77 187
109 186
134 171
36 84
26 131
88 172
41 51
25 55
83 91
129 189
17 113
101 128
31 182
9 195
111 198
27 142
3 50
14 184
98 174
153 172
13 29
80 125
54 102
87 137
59 66
94 147
28 161
130 156
128 189
19 83
69 107
86 121
5 13
130 171
43 143
184 197
71 146
92 134
100 152
146 151
51 64
126 133
20 115
13 39
121 198
36 60
42 66
1 166
119 148
91 118
103 115
61 88
126 174
105 178
8 78
124 130
2 73
15 45
29 117
67 85
97 150
56 144
57 115
62 63
177 181
92 154
36 194
105 114
162 168
93 199
122 169
81 147
96 172
41 193
30 77
27 109
117 127
43 124
138 174
103 106
13 71
107 147
4 7
128 174
19 166
41 79
140 160
112 188
56 181
106 134
11 167
91 113
84 189
10 134
128 192
114 199
13 157
59 165
45 136
4 124
144 177
84 166
99 115
63 178
44 82
118 154
40 185
32 42
65 142
8 76
26 107
61 104
17 162
92 180
64 161
10 122
108 109
39 189
23 124
78 83
20 141
22 118
103 134
16 151
24 45
104 179
40 50
57 140
57 170
19 156
45 64
34 80
5 55
10 90
35 151
106 111
45 173
142 161
6 148
127 166
17 62
119 174
128 134
114 143
70 98
95 162
42 86
94 130
92 199
35 184
43 95
93 169
54 92
40 111
12 29
74 119
38 46
48 132
114 166
17 75
37 136
112 174
32 194
68 183
53 86
82 170
63 148
3 41
66 117
33 129
95 153
142 155
143 155
62 74
21 102
79 157
91 143
123 132
138 152
59 176
5 29
58 106
61 93
99 162
127 132
23 44
37 199
117 133
107 143
128 195
45 74
86 137
169 170
71 122
80 84
53 142
98 186
85 156
35 60
56 169
58 159
56 127
92 163
71 87
43 68
113 129
5 82
51 170
142 174
54 198
120 192
28 96
77 109
64 198
74 165
157 173
2 49
73 88
88 132
1 93
13 51
36 65
21 130
166 191
156 197
28 165
13 189
9 18
73 122
16 40
147 174
13 149
23 102
68 186
65 199
53 71
16 92
7 183
10 91
4 175
72 145
81 141
63 163
132 154
53 103
69 106
81 155
123 129
109 193
11 149
20 60
16 77
0 64
27 84
2 163
138 143
44 54
150 159
14 186
4 92
35 159
158 173
40 119
67 142
82 128
98 114
157 179
98 193
6 142
34 160
57 125
56 102
167 179
4 165
8 133
9 169
119 134
127 160
5 147
16 27
138 184
147 188
105 177
82 164
18 140
26 41
20 194
193 198
78 137
98 159
47 78
32 127
38 190
74 92
29 101
61 119
8 37
108 166
66 190
84 130
82 171
62 76
7 143
32 75
34 85
130 133
64 115
57 86
86 147
8 139
6 176
66 169
35 94
8 25
71 91
133 148
44 119
140 194
76 177
7 180
45 110
100 131
8 47
99 169
56 175
27 177
122 193
2 12
83 99
45 47
164 168
60 91
111 120
37 43
79 148
88 153
22 140
36 183
5 140
82 148
110 181
125 126
32 137
80 131
125 172
130 140
42 174
152 153
94 189
125 196
37 89
78 112
114 177
47 69
71 129
4 17
142 191
131 175
11 31
3 58
89 189
95 131
47 115
9 84
32 189
78 86
69 164
30 189
53 68
71 86
58 62
180 189
12 38
48 152
15 41
37 63
152 172
8 110
99 113
41 199
110 130
72 115
61 97
14 82
85 151
9 120
100 147
137 150
102 112
80 186
96 175
68 95
80 157
29 145
9 70
97 139
132 164
146 163
62 177
62 148
126 162
0 28
51 65
130 189
97 178
117 192
197 199
28 149
142 158
98 191
97 182
13 156
128 170
156 190
53 135
13 56
57 167
18 41
122 171
160 171
101 163
74 112
129 168
23 179
120 160
116 161
42 133
76 86
173 198
7 81
48 186
27 64
18 138
150 178
52 109
24 55
129 153
34 136
50 159
10 13
78 117
116 169
119 193
27 78
74 94
54 93
4 32
71 93
9 127
69 114
6 8
10 149
114 117
20 101
50 193
19 114
118 164
7 186
64 191
17 186
40 159
110 143
182 197
6 189
58 61
21 72
21 64
32 134
4 88
35 81
6 7
123 182
66 85
83 157
112 194
61 101
90 128
19 141
91 148
114 165
113 146
51 153
38 151
34 110
45 182
35 120
116 120
115 186
21 192
56 72
125 167
95 117
116 188
27 103
33 92
1 84
104 197
122 184
14 119
50 166
35 39
170 177
102 114
126 199
166 170
52 87
14 19
154 175
87 155
57 120
59 199
4 197
79 163
178 181
99 198
180 190
102 134
167 188
17 118
115 187
85 119
27 51
2 90
5 178
63 109
98 109
55 74
106 189
86 87
84 119
26 73
2 146
61 171
64 128
101 158
137 199
90 104
92 110
1 68
118 125
110 151
16 173
59 140
55 60
42 96
74 111
65 67
20 80
36 37
147 161
138 160
43 84
50 176
105 118
30 130
37 40
162 181
9 73
64 174
70 133
58 197
77 144
62 117
99 158
119 154
44 198
79 82
39 82
11 144
0 141
126 189
107 133
142 152
126 181
66 159
148 169
44 63
157 161
67 129
76 127
107 112
9 103
172 189
48 142
65 174
131 199
34 35
15 93
52 161
33 61
97 174
21 106
19 175
56 178
6 87
151 183
113 144
54 55
54 117
134 197
29 128
63 133
164 179
31 63
139 157
112 197
39 178
16 108
55 95
78 114
6 180
13 175
35 44
32 67
48 178
111 112
76 91
93 106
74 157
45 184
21 42
61 162
10 23
66 156
89 187
24 69
37 162
56 158
57 88
105 136
0 153
17 181
43 62
70 87
19 84
54 193
78 168
54 89
162 191
81 107
63 102
121 159
21 178
110 199
83 152
52 110
21 115
86 176
106 182
79 184
133 150
25 94
127 197
16 29
13 137
186 188
115 188
48 198
111 140
26 51
17 166
48 145
52 106
84 127
29 90
17 68
65 75
0 2
15 16
180 184
112 167
5 19
22 78
31 95
31 188
137 192
71 76
100 180
46 48
63 128
0 130
78 169
10 114
39 74
95 129
96 103
60 66
88 174
21 44
75 76
20 165
36 165
97 145
88 95
16 145
97 158
37 99
66 165
141 199
4 128
60 188
24 54
72 150
116 142
123 170
88 144
109 142
124 191
86 103
45 181
0 80
34 67
33 198
2 160
148 162
14 138
87 154
48 89
12 155
99 170
101 112
8 177
104 166
142 190
69 124
70 187
21 156
89 154
49 55
109 169
75 149
55 107
103 118
25 161
14 169
130 137
143 193
86 96
136 166
123 162
118 188
77 97
25 104
126 134
9 132
82 124
81 185
10 194
160 163
93 99
45 103
142 189
108 181
56 151
22 48
125 153
47 57
3 133
30 82
15 94
112 170
48 49
11 80
2 110
67 107
88 199
127 150
97 175
50 124
52 123
56 94
85 103
109 149
73 109
142 198
9 151
105 174
72 99
115 179
114 119
20 198
16 117
126 141
16 131
73 186
26 71
87 128
153 173
171 197
95 100
69 133
157 158
73 121
88 192
60 139
68 129
132 185
90 110
8 18
181 198
123 147
19 105
38 47
40 157
113 147
35 182
105 121
48 77
68 177
125 178
19 190
111 156
21 80
50 165
98 171
118 174
3 145
118 193
75 137
51 140
10 128
131 156
156 176
8 153
132 196
76 195
109 153
16 70
85 168
58 172
128 182
117 120
58 156
123 166
79 138
97 114
58 188
19 117
103 144
113 172
18 50
19 33
88 145
9 159
169 182
117 181
50 98
54 189
108 112
172 198
21 143
64 131
79 84
0 175
114 139
100 190
84 133
9 125
30 168
134 165
67 137
34 187
23 117
178 193
135 165
78 176
41 187
18 162
77 162
16 194
46 76
113 158
119 131
38 114
87 124
79 177
113 191
108 116
110 136
23 38
15 75
14 101
8 63
85 185
26 179
53 54
164 177
108 167
22 123
53 81
24 100
16 118
6 133
78 123
29 106
131 138
120 146
105 146
172 183
36 189
13 179
98 153
36 74
56 96
89 159
11 150
68 114
180 199
27 58
56 122
13 164
37 139
86 111
95 142
58 131
144 189
88 170
96 177
169 185
51 100
80 189
2 16
125 139
73 103
1 140
35 98
96 109
132 166
50 62
33 51
34 52
140 172
21 40
162 175
121 178
12 179
4 55
67 145
19 146
80 195
79 113
127 130
69 153
4 160
55 164
144 179
136 137
100 107
57 85
31 69
35 140
37 137
97 155
174 183
44 178
54 157
58 185
36 163
6 149
13 119
15 113
51 193
100 151
134 137
29 30
119 121
66 76
1 168
12 51
105 180
121 190
42 158
0 105
24 107
14 20
7 39
23 190
59 126
148 151
60 134
43 53
10 22
61 196
34 176
108 118
113 118
23 66
113 173
127 199
38 145
86 169
145 181
84 95
18 22
24 41
17 51
14 198
64 184
142 183
13 92
96 158
9 188
83 188
29 137
175 178
45 121
166 196
153 166
141 147
63 172
67 125
169 198
80 94
68 128
55 163
187 192
120 190
46 188
93 159
52 165
40 107
11 191
0 135
54 77
2 4
46 82
105 151
42 159
34 50
146 170
45 177
43 74
8 58
51 127
68 90
20 42
25 48
28 97
52 95
102 110
13 174
7 16
57 173
2 119
116 179
94 96
160 169
120 155
48 158
138 188
0 8
48 163
57 143
100 105
2 6
19 79
47 161
171 192
49 64
150 181
45 132
44 77
166 184
14 165
105 142
104 142
67 114
123 142
42 163
28 169
59 196
158 188
106 133
108 129
31 149
41 81
76 118
126 194
43 55
8 149
112 148
14 44
132 186
95 138
118 181
16 129
4 178
36 87
89 168
144 190
137 152
24 180
63 175
145 183
12 93
8 48
60 180
195 198
27 176
43 116
46 57
97 199
41 83
65 179
31 169
55 117
125 150
125 157
102 188
60 152
108 148
8 161
40 108
19 158
26 36
62 93
14 73
8 55
4 177
94 127
51 81
21 52
65 106
6 126
87 173
14 166
124 147
183 185
0 150
23 76
69 131
4 107
127 153
5 88
30 63
153 156
69 79
35 195
45 142
30 159
30 154
85 196
125 168
17 152
77 139
67 108
30 144
76 187
33 58
50 138
71 167
62 106
17 57
45 134
75 79
40 164
24 165
41 132
118 178
91 149
119 122
107 136
177 187
46 144
58 63
59 117
68 78
123 134
2 13
150 195
14 160
38 86
81 160
0 124
129 142
63 188
73 74
3 85
33 190
77 153
107 108
59 90
102 172
15 185
105 186
176 197
57 179
57 191
103 133
118 186
12 73
29 192
49 182
11 171
54 62
116 182
26 167
12 83
73 80
17 188
37 197
181 196
52 54
66 192
140 170
5 162
54 169
31 97
60 161
114 136
91 140
81 104
7 44
98 197
41 46
47 178
44 50
57 135
12 41
45 195
159 187
31 132
52 140
156 158
21 117
1 71
114 194
44 117
42 168
41 82
141 177
28 79
35 82
13 76
10 95
23 34
107 121
17 173
47 127
68 130
45 83
111 139
9 29
23 156
129 149
70 105
126 136
98 113
63 171
18 141
25 117
52 147
22 24
72 120
2 149
92 194
37 184
67 106
14 193
90 122
148 163
41 144
7 107
0 10
25 35
30 117
142 182
52 103
58 105
95 196
42 54
162 187
20 52
61 135
5 152
0 35
162 196
174 188
105 197
4 180
56 199
35 117
57 92
5 128
122 187
31 110
154 171
58 166
47 129
47 81
82 196
22 43
40 170
80 126
79 172
7 182
149 191
52 77
39 197
8 199
109 141
47 192
33 110
105 162
105 157
43 192
38 53
14 175
78 94
51 101
35 126
10 27
26 62
23 104
184 195
128 165
150 194
38 99
64 148
59 156
140 161
97 106
136 175
153 189
31 178
24 141
51 58
155 162
9 74
10 17
134 156
138 150
84 177
2 148
7 17
56 120
8 75
28 184
114 198
22 59
11 73
31 100
1 172
62 129
1 135
20 79
81 130
7 120
80 192
64 176
51 136
32 72
22 187
43 197
42 113
5 70
122 144
145 178
107 185
33 138
5 138
20 68
27 125
157 164
3 28
6 46
52 118
38 75
34 105
72 100
43 105
35 169
106 141
44 81
53 56
17 91
94 166
12 197
49 52
43 82
76 188
77 100
88 176
145 147
116 171
112 181
18 38
156 169
82 161
173 178
96 130
19 127
71 108
129 190
66 157
130 143
10 170
71 157
25 97
155 199
146 172
17 81
51 67
42 45
24 125
141 195
1 4
18 85
85 144
26 43
53 180
52 197
113 162
2 162
134 186
148 155
16 167
6 162
13 182
87 107
91 177
108 195
4 129
32 172
13 31
28 177
65 91
93 160
16 162
63 141
61 123
79 129
23 92
40 199
60 105
16 20
158 199
87 185
27 50
72 178
56 162
76 79
24 173
139 147
34 170
9 28
15 91
14 23
83 128
23 26
115 195
73 195
180 194
161 174
91 182
78 100
124 172
51 112
24 37
4 34
49 198
21 96
101 194
154 168
149 189
184 194
107 129
111 158
156 198
7 98
34 180
44 199
74 78
3 24
51 80
96 197
99 183
90 137
67 80
13 87
16 64
120 174
80 119
87 130
17 165
15 154
181 191
46 147
5 126
3 198
22 181
64 102
71 121
144 158
135 160
7 126
6 134
17 126
46 96
17 134
88 185
32 69
31 179
75 157
78 129
63 131
132 195
5 134
100 170
139 177
108 178
74 175
42 144
130 163
129 147
152 160
7 69
57 152
70 141
4 100
98 192
48 143
19 196
87 195
148 173
75 195
19 163
120 149
24 62
61 140
51 131
60 147
83 170
153 183
3 126
127 175
76 146
141 146
46 163
67 111
67 121
100 140
172 182
41 44
103 196
184 199
34 83
11 69
5 164
5 132
132 168
59 114
157 160
8 124
3 27
124 187
87 94
64 76
12 106
8 72
56 161
147 160
91 171
16 97
136 173
58 192
18 122
82 149
94 152
81 109
44 121
31 133
102 103
63 93
5 111
10 155
177 179
52 65
152 185
121 162
78 181
75 126
10 109
182 191
22 54
115 157
78 160
20 189
166 183
95 144
66 160
81 85
14 29
76 162
74 189
98 190
36 133
80 91
147 155
0 185
60 172
71 155
69 73
33 172
72 142
31 116
20 97
39 191
27 71
151 172
70 79
51 70
63 65
192 195
41 150
63 114
35 172
60 99
45 165
69 129
59 160
156 185
128 180
51 195
119 156
155 178
1 16
21 196
8 14
23 98
70 80
11 179
11 96
125 155
110 171
64 104
11 39
62 131
77 82
20 78
26 58
7 125
81 87
92 147
18 182
100 114
25 193
22 117
86 88
21 127
26 180
103 191
62 163
112 134
116 170
4 37
4 137
96 174
119 197
64 89
63 174
62 133
149 154
141 198
35 119
178 179
23 41
50 154
21 76
80 123
129 148
19 97
126 138
35 52
1 169
102 115
62 101
80 128
40 103
73 134
136 185
55 56
88 196
96 178
17 28
95 115
72 148
15 24
51 174
27 175
55 114
106 107
133 158
40 122
112 129
60 120
56 184
9 115
153 178
20 95
75 174
12 141
103 116
17 191
99 172
82 123
32 116
96 157
17 45
25 178
156 191
103 182
157 178
30 49
102 166
90 102
1 177
124 185
45 81
42 81
24 50
28 76
6 120
64 185
61 167
40 173
76 119
22 125
30 107
43 132
9 133
85 186
58 70
32 91
74 103
142 154
50 170
38 139
87 112
30 163
4 183
13 40
84 111
97 120
17 182
13 69
135 148
42 63
101 155
29 70
87 110
194 198
70 164
74 129
31 143
14 171
40 139
105 179
112 114
53 154
31 88
28 133
50 67
106 162
113 157
57 107
23 75
8 119
106 132
85 197
17 172
36 54
83 108
13 191
79 181
162 197
16 164
12 79
122 125
131 188
185 189
16 19
117 151
24 76
79 134
17 112
55 139
72 183
86 180
34 51
196 199
70 82
70 124
2 61
11 13
22 27
32 53
54 136
79 170
56 164
76 110
1 26
73 170
108 141
89 173
55 59
135 159
77 161
88 197
171 174
68 159
74 176
95 99
11 153
15 155
87 133
16 171
90 142
67 150
9 124
84 123
96 152
93 197
41 124
16 61
83 193
130 135
41 92
56 180
25 133
27 104
67 198
63 169
17 187
92 130
21 45
38 120
97 136
99 180
81 186
62 173
27 155
36 173
87 106
61 191
80 133
141 148
49 159
88 179
3 111
5 48
77 84
38 181
137 166
47 113
21 55
34 146
91 122
4 104
65 89
7 184
33 38
118 126
121 164
170 189
26 122
47 160
7 13
50 73
61 126
34 152
181 187
25 180
109 136
25 66
51 141
16 125
131 186
157 199
159 185
116 199
161 189
12 39
94 198
130 198
79 116
91 145
50 107
53 197
48 165
130 179
103 129
41 88
5 39
51 194
1 40
121 167
131 165
63 197
44 132
89 142
182 196
35 91
56 196
166 176
47 159
47 64
69 88
39 43
4 44
82 175
97 121
125 165
107 163
162 198
86 165
0 92
46 189
42 53
87 145
18 66
143 184
31 166
91 109
23 129
41 128
48 133
20 197
123 178
23 47
23 134
92 133
145 164
109 175
32 193
168 175
88 158
134 149
1 64
43 172
58 144
91 94
56 78
153 160
183 187
121 152
158 196
54 122
141 182
125 183
110 175
16 94
20 180
22 165
44 90
17 189
60 148
83 178
83 103
178 187
136 177
183 184
10 77
165 193
3 93
49 103
29 178
74 97
15 168
50 174
43 98
45 133
75 121
105 159
11 169
176 182
114 137
17 21
82 138
92 168
61 142
129 194
50 183
11 100
34 76
79 155
104 190
12 67
111 146
25 43
174 194
142 160
88 180
42 189
49 92
60 124
102 192
68 178
130 147
133 186
89 145
0 53
44 49
80 177
66 171
54 165
126 190
39 131
12 55
99 156
109 168
40 135
67 68
32 166
33 87
42 99
20 64
142 197
163 187
94 110
26 74
77 150
31 59
166 197
30 34
152 174
62 83
47 114
122 156
146 181
1 154
105 116
141 167
11 119
42 161
73 197
39 72
11 25
54 137
115 143
61 153
30 175
64 80
146 158
0 157
42 77
70 74
43 67
21 58
67 184
83 121
13 122
95 189
58 104
11 190
67 117
73 92
49 137
125 147
95 125
119 127
186 199
170 172
37 44
127 157
79 110
103 174
3 164
66 72
139 183
32 165
76 90
124 132
167 189
49 86
48 68
21 68
28 130
139 195
9 40
183 190
143 146
9 99
18 83
148 183
67 177
25 199
101 192
140 150
9 30
102 150
48 123
28 170
53 118
62 119
110 197
54 56
15 97
74 132
10 116
146 180
48 91
10 100
65 198
74 100
35 129
105 127
16 110
22 91
140 166
37 193
72 153
190 198
144 175
18 170
133 144
95 119
171 198
48 52
53 91
59 190
34 163
33 130
70 174
123 199
174 175
68 102
39 71
120 167
62 122
31 163
107 167
80 150
20 22
161 184
8 194
66 183
65 141
134 193
19 109
110 154
27 172
76 142
4 136
36 109
86 130
132 194
11 154
76 149
83 112
128 147
68 174
53 145
57 116
33 178
55 108
71 174
18 74
28 106
29 131
169 175
10 62
32 81
124 181
113 193
155 166
24 90
23 123
2 20
62 146
18 75
36 102
36 94
17 82
151 177
152 155
72 169
154 162
2 39
74 81
18 56
20 149
76 95
82 103
65 70
5 53
88 164
23 141
178 191
45 63
148 160
150 169
17 183
50 51
9 69
58 110
86 90
5 124
23 189
147 195
76 111
51 187
30 50
162 163
80 113
49 171
57 99
92 157
167 182
125 195
58 184
53 148
83 176
70 117
28 122
124 194
39 188
80 152
1 69
103 120
58 195
24 129
103 187
3 160
44 193
110 131
66 111
108 121
61 147
81 170
50 52
53 102
22 153
27 29
17 96
99 140
10 136
31 72
2 94
56 69
16 116
16 52
68 111
13 55
73 160
136 188
61 143
42 130
26 123
59 63
21 78
109 199
1 45
23 171
105 170
1 186
110 112
6 165
77 79
17 77
138 167
97 161
76 192
147 154
98 166
11 15
65 74
142 187
143 180
90 125
7 131
7 84
84 162
81 102
15 175
108 131
7 99
46 52
18 161
96 176
147 182
146 199
22 40
2 138
63 135
44 142
51 146
27 60
81 135
62 141
72 96
147 170
23 79
40 145
127 168
67 188
10 78
16 107
8 79
177 185
37 147
179 197
9 45
3 132
35 192
107 137
75 100
178 196
28 119
129 170
75 94
106 165
66 84
13 17
52 174
56 62
7 58
91 165
118 144
66 198
56 75
52 131
17 121
38 176
120 122
42 140
7 195
48 157
133 171
147 178
75 109
17 127
84 150
96 125
165 182
123 169
45 65
103 139
11 173
167 177
151 173
60 174
21 59
29 32
3 162
65 128
144 187
70 181
4 159
68 69
125 177
19 102
96 122
27 70
81 119
29 37
81 157
102 119
103 198
36 58
68 94
24 135
46 161
115 171
25 186
53 161
8 96
53 89
15 35
78 96
132 192
47 167
131 178
84 151
24 171
29 176
79 174
190 195
