150 150
33
109
21
108
20
52
59
31
118
35
100
43
80
42
47
46
110
119
56
98
38
84
31
117
108
109
23
76
113
44
102
78
85
103
66
37
88
57
49
86
25
81
61
85
103
88
111
45
39
99
24
57
63
35
54
103
24
110
60
70
86
42
28
52
77
27
21
97
116
102
115
21
63
56
38
99
76
81
24
47
61
28
84
56
96
71
40
52
61
80
54
79
54
63
63
63
22
65
93
118
99
88
72
43
77
42
22
85
104
78
113
97
39
77
33
115
80
53
99
73
65
34
33
51
29
76
95
31
73
20
81
53
88
85
28
97
108
82
63
44
40
56
21
59
65
86
106
78
72
86
48 105
27 99
137 145
51 134
73 74
60 90
108 132
121 132
89 132
57 100
96 148
6 25
77 110
21 77
124 126
31 74
58 81
75 128
97 127
22 112
50 75
14 84
85 135
118 119
74 78
69 72
88 97
55 118
16 81
99 146
5 130
60 80
7 10
109 123
62 81
95 100
48 87
69 132
57 109
126 147
31 125
104 129
9 115
33 149
90 146
133 147
28 43
38 129
89 102
11 34
13 53
101 129
14 101
8 72
69 123
4 36
96 140
35 114
35 149
141 147
83 130
111 138
75 118
28 149
63 109
62 64
76 93
67 79
107 140
87 132
111 124
58 137
74 114
16 22
71 109
7 94
48 52
29 55
68 107
27 57
20 21
91 148
8 115
124 130
50 67
12 107
93 146
110 122
46 70
28 82
87 117
19 26
134 135
49 53
8 143
65 132
30 125
47 115
36 95
73 86
30 65
8 98
70 78
20 149
100 116
133 136
38 61
5 75
97 106
90 129
13 17
5 99
41 121
77 146
69 118
13 33
2 14
80 94
114 136
5 131
114 117
5 141
26 48
80 123
57 111
74 116
27 121
23 68
71 144
113 145
42 60
44 146
126 142
27 113
8 107
118 126
11 123
51 131
59 113
76 116
42 75
92 102
66 115
60 72
67 88
75 131
29 124
6 77
104 116
119 125
