200 250
94
113
25
52
100
44
96
44
114
58
48
34
100
81
35
83
98
96
70
54
65
22
86
115
58
49
70
116
109
27
22
36
72
79
68
104
55
96
29
50
86
109
116
66
70
84
81
101
60
31
87
58
85
53
105
23
34
55
72
24
114
26
40
119
85
40
103
73
68
112
103
34
102
51
80
104
115
93
85
56
104
105
46
69
38
31
25
53
118
77
109
65
35
29
64
100
101
47
53
49
92
88
115
26
20
27
110
115
100
28
103
84
113
81
85
83
92
42
116
43
51
57
88
66
118
84
99
99
63
32
80
35
53
75
41
105
82
84
52
114
92
36
78
37
97
96
100
22
118
49
97
102
86
65
48
85
81
27
116
24
92
77
40
25
84
113
110
99
77
94
93
49
110
104
118
40
80
99
94
30
80
71
112
98
68
41
115
81
100
112
85
72
21
57
77
85
51
119
116
108
55 198
27 99
137 145
151 184
73 74
10 190
108 182
71 82
39 132
50 157
98 146
6 125
10 27
77 171
24 126
174 181
8 181
25 78
97 177
62 172
25 50
114 184
85 185
18 169
24 128
19 122
25 178
47 188
5 18
66 181
96 199
30 155
160 180
57 60
109 123
112 181
95 100
48 137
19 32
9 107
126 147
125 131
104 179
65 109
83 149
46 90
83 197
28 43
88 129
39 52
11 34
63 103
129 151
1 114
108 122
69 123
54 186
90 146
164 185
135 199
41 47
130 133
38 161
125 168
49 178
13 159
12 14
76 93
29 117
7 40
82 137
61 124
8 137
14 74
166 172
9 171
7 94
102 198
55 179
57 118
77 157
70 121
91 98
8 15
80 174
0 17
57 62
93 146
22 60
20 146
178 182
117 137
19 76
84 135
53 199
93 108
82 115
30 125
165 197
45 86
86 123
15 180
108 148
78 170
99 120
50 116
33 186
61 188
5 75
97 156
129 190
17 163
105 199
41 71
127 196
68 119
13 83
52 114
130 144
36 64
105 181
14 67
55 91
48 76
130 173
11 157
116 174
21 127
168 173
44 121
95 113
60 192
44 196
92 126
127 163
108 157
68 176
111 123
31 151
113 159
76 116
125 192
42 52
15 166
10 172
67 88
75 81
24 79
6 77
4 116
25 169
113 189
1 188
32 100
11 139
15 98
23 80
122 160
27 126
90 199
136 178
18 164
11 97
89 188
56 103
24 93
82 158
83 165
17 146
37 68
29 166
5 61
141 165
168 183
25 91
119 179
4 137
15 143
34 83
90 104
140 150
22 66
32 108
7 57
1 77
182 196
1 195
43 136
118 179
56 161
4 127
8 141
51 176
32 120
60 141
134 159
34 43
43 143
2 145
73 198
68 79
123 152
22 157
102 165
58 184
77 93
19 157
113 195
33 160
53 179
45 114
13 31
109 156
75 111
53 100
61 133
165 168
8 77
62 188
43 124
120 136
1 139
45 66
86 158
52 66
24 180
81 89
108 133
138 152
8 165
23 128
31 131
6 71
45 49
147 166
100 137
105 134
144 166
18 92
10 104
68 142
80 101
165 183
9 135
56 169
52 79
97 135
55 63
6 108
56 105
