250 750
60
86
76
98
64
83
48
47
26
45
53
105
70
106
68
36
60
72
51
91
107
68
40
91
118
70
88
33
113
31
21
54
49
77
84
93
92
64
20
50
90
106
35
92
44
36
60
84
88
43
108
76
91
28
47
90
78
67
55
23
30
57
109
59
66
73
85
91
118
37
21
40
23
89
64
99
105
104
64
25
27
52
81
51
60
61
73
70
60
108
73
23
97
115
62
44
68
79
67
118
97
20
90
100
89
34
32
74
118
76
80
78
60
93
61
52
86
114
54
27
102
59
82
80
54
76
56
55
36
103
53
113
55
24
45
25
90
57
31
41
65
91
99
57
117
40
41
83
34
75
42
68
115
56
28
101
113
116
36
29
51
22
74
87
26
99
92
48
89
103
69
34
27
48
24
76
20
45
91
86
101
66
35
48
102
95
29
95
44
46
56
75
48
110
42
106
90
66
34
111
102
84
25
109
64
81
117
117
107
88
35
88
34
102
68
117
78
77
44
54
55
81
109
35
23
84
21
93
30
88
36
64
104
94
105
100
55
102
97
42
71
65
110
37
47
110
86
57
68
63
21 92
43 131
126 224
153 207
27 105
35 106
93 166
0 49
4 150
14 213
114 207
3 22
0 150
44 61
49 147
21 122
165 243
120 152
55 241
179 198
66 184
28 54
104 232
130 234
108 145
74 198
204 220
77 105
73 223
18 72
125 140
93 118
97 157
1 90
5 19
189 199
4 86
69 170
200 210
155 170
95 205
151 244
174 175
6 248
127 249
71 124
16 119
27 95
114 185
28 221
57 79
160 245
185 230
145 165
172 180
127 167
14 127
53 130
137 188
39 153
76 116
16 235
93 111
12 59
142 148
30 205
190 222
9 200
22 218
7 54
140 174
33 120
164 188
173 228
153 178
18 19
5 34
4 200
119 247
9 145
113 141
187 203
5 183
197 206
75 204
10 216
128 146
169 188
60 213
65 147
141 165
84 146
51 190
48 96
59 207
25 46
98 101
32 212
106 159
90 182
113 202
0 94
98 188
10 13
12 151
75 144
11 30
41 81
202 239
113 232
28 49
138 249
101 129
87 133
10 223
121 226
28 121
172 228
37 161
164 239
49 64
59 79
178 202
130 161
43 245
92 243
23 132
4 92
225 233
95 193
51 65
79 173
38 95
52 57
132 148
34 216
65 127
113 243
126 181
123 225
121 218
169 246
100 113
102 185
46 191
94 133
56 213
1 25
4 82
53 136
83 122
22 148
101 136
33 141
114 116
110 236
84 131
37 84
97 187
38 74
85 207
48 234
9 14
18 151
57 193
6 26
29 179
132 174
17 167
17 233
127 135
219 220
111 156
109 208
183 195
30 98
82 141
7 78
91 229
34 127
36 235
67 163
87 116
52 235
69 107
219 242
40 49
64 160
25 196
141 220
68 209
171 202
2 101
61 195
183 188
219 229
25 142
139 142
82 191
41 127
10 198
135 161
52 239
71 185
77 143
138 179
202 211
65 90
54 151
10 237
92 191
58 217
86 197
20 109
88 240
61 103
37 49
14 128
101 188
30 63
81 94
145 169
47 111
203 210
73 115
42 56
100 165
1 23
150 234
22 242
175 185
64 95
110 234
187 192
107 150
218 231
137 202
101 126
100 189
54 215
12 96
22 177
48 147
30 198
154 234
11 43
90 138
75 176
100 119
0 114
82 226
30 84
71 210
131 171
1 37
13 137
11 235
42 136
158 175
142 186
79 229
5 21
80 118
70 198
62 199
28 71
155 246
58 67
42 217
219 238
125 181
19 84
229 238
147 155
6 91
85 141
71 147
41 209
79 157
29 111
34 71
57 67
189 217
9 134
9 224
43 80
16 202
62 190
217 245
87 103
58 81
189 231
0 228
22 159
9 236
80 188
20 97
62 249
167 235
151 209
71 161
19 133
15 102
41 202
113 118
122 159
94 202
11 219
20 112
152 205
77 202
102 201
19 139
62 186
47 248
65 221
85 159
104 113
57 202
70 155
22 129
82 116
184 195
148 187
142 216
20 50
4 72
211 222
10 23
24 173
110 191
20 144
26 100
228 235
9 242
31 151
85 224
148 158
30 187
56 98
80 208
4 119
65 91
190 215
91 203
64 113
33 109
161 186
171 210
140 219
16 41
1 240
1 126
0 8
158 188
107 120
116 226
33 226
169 192
122 224
87 135
20 38
197 224
9 182
174 248
80 116
183 215
106 193
36 106
201 225
14 58
197 232
34 174
16 203
92 218
178 205
179 216
78 228
10 43
89 143
170 184
1 111
103 217
140 194
175 247
41 217
16 56
125 192
42 243
10 248
85 176
68 117
146 244
139 197
8 37
44 134
207 245
45 162
91 212
154 239
88 121
132 246
110 138
180 189
103 187
41 43
213 215
158 209
105 109
201 219
85 244
13 53
145 216
1 120
89 135
94 119
86 232
127 229
14 185
64 159
131 226
224 236
83 90
143 193
154 188
167 229
60 241
59 77
78 205
180 192
126 168
62 106
108 143
224 233
149 180
156 236
30 210
222 244
146 188
50 116
95 126
218 219
7 45
131 212
61 226
144 155
69 187
102 147
64 85
223 245
61 86
3 218
22 248
20 190
158 186
70 164
105 140
112 235
38 116
14 177
29 184
10 68
105 112
67 169
41 49
16 135
20 204
78 103
18 145
21 156
72 113
13 57
51 78
5 26
55 167
29 189
146 226
43 243
42 65
82 186
29 141
204 234
219 222
170 232
130 138
191 202
103 204
111 181
108 137
127 186
45 227
21 157
150 225
41 166
45 103
74 225
31 96
59 167
3 143
87 235
31 130
134 187
150 187
45 168
104 140
24 185
33 184
58 159
184 224
52 81
129 179
25 155
66 160
15 45
209 234
0 92
39 115
52 79
42 247
182 199
75 203
117 137
27 109
145 149
1 53
35 131
160 195
50 205
9 63
165 190
157 204
33 205
209 247
10 30
31 233
85 148
194 223
175 224
28 191
129 167
61 164
151 222
201 212
25 29
62 219
16 190
126 247
151 187
33 244
25 49
119 135
25 194
52 181
123 168
149 183
142 244
43 64
26 68
96 98
51 159
93 169
27 148
91 179
85 187
212 237
183 213
90 224
127 155
45 245
130 178
125 195
111 172
93 168
15 239
40 191
26 110
155 235
8 76
84 196
14 149
79 183
82 157
62 169
107 164
92 147
22 154
42 117
106 210
3 159
185 248
215 234
76 91
27 60
22 176
28 57
5 213
66 175
25 230
191 234
136 229
103 241
105 108
167 248
67 157
167 170
135 195
138 151
63 64
85 165
46 240
244 246
60 111
23 136
66 143
222 224
54 65
78 159
26 76
76 93
85 98
14 86
149 168
78 186
87 170
81 84
166 195
41 244
137 183
155 210
14 111
41 73
99 174
102 219
157 192
54 201
37 187
68 208
38 146
125 246
80 169
127 201
60 229
189 190
67 153
140 203
195 229
16 239
33 82
135 173
88 213
24 156
62 171
19 155
74 188
99 247
11 226
50 92
138 240
31 57
87 143
190 198
39 168
0 207
73 130
13 237
11 93
21 116
28 176
114 135
86 102
213 216
13 164
52 160
44 105
212 248
131 160
41 151
51 248
152 226
230 241
176 239
105 113
31 144
132 141
96 145
210 218
62 235
222 223
78 139
16 101
178 249
113 219
151 165
69 155
141 152
233 248
103 180
74 96
134 237
131 206
27 83
91 247
114 166
3 72
96 190
105 127
42 218
193 198
18 235
200 229
22 198
202 212
154 160
38 128
147 187
83 170
66 113
180 182
4 30
126 183
140 195
3 89
54 211
134 196
72 84
175 196
134 239
38 148
128 149
149 179
65 99
131 232
164 212
61 94
21 97
68 73
178 237
157 198
41 232
156 247
24 227
102 213
14 102
15 104
33 231
46 164
234 248
30 196
15 193
36 143
