250 500
66
35
72
20
21
115
105
69
108
65
90
22
93
79
24
29
117
70
78
40
71
41
53
36
97
45
34
31
77
62
84
76
77
89
28
79
84
66
80
72
111
103
74
36
114
30
97
111
81
55
83
84
76
117
100
106
42
66
117
52
108
33
60
117
102
20
28
66
66
41
71
110
24
77
26
118
88
56
61
49
91
25
65
48
74
45
34
48
43
83
32
83
96
72
80
31
73
41
29
71
62
80
61
66
90
20
116
110
56
109
91
27
66
36
107
20
113
73
101
36
36
113
99
65
118
111
76
23
32
85
74
26
98
68
24
20
68
20
110
104
110
81
63
56
49
51
109
42
56
90
110
25
35
41
70
85
32
78
88
97
95
95
103
25
43
108
25
91
60
67
27
102
28
70
91
109
53
32
31
90
54
73
95
69
94
97
87
59
107
55
36
82
30
71
88
105
111
93
76
104
41
35
38
101
86
109
43
71
73
106
93
107
60
20
109
34
97
76
73
84
111
41
99
74
45
67
111
88
92
20
72
65
35
43
99
101
32
22
105
38
108
78
25
48
79
114
63
108
70
116
67 95
28 95
70 86
48 61
107 126
44 55
136 215
117 237
190 244
17 176
137 189
122 208
39 166
140 162
68 233
152 203
150 163
33 249
72 94
48 198
201 205
94 189
81 170
56 212
73 76
117 139
113 210
76 228
68 152
135 243
136 196
49 139
172 198
20 151
51 118
69 70
17 108
9 29
98 167
26 241
93 130
155 246
95 174
134 247
127 242
231 234
175 226
123 132
33 148
17 245
167 186
45 188
49 184
135 176
69 167
13 162
9 150
67 245
53 183
32 79
9 207
55 141
56 182
27 177
65 175
95 113
110 131
15 36
16 84
30 56
98 206
17 141
53 177
0 71
103 205
66 80
163 237
59 95
86 145
70 125
72 152
36 114
153 203
72 151
89 207
187 204
15 95
170 204
124 127
79 171
83 103
145 246
192 205
190 193
143 170
112 147
0 242
12 48
153 163
120 242
176 222
89 179
123 236
111 248
32 215
48 77
75 237
32 146
132 192
127 222
84 112
25 207
37 85
5 90
52 227
24 83
5 114
128 215
76 202
126 168
204 211
68 198
67 131
82 115
9 54
223 242
17 241
178 180
37 156
18 208
101 116
84 121
49 68
0 122
126 228
40 189
182 211
165 239
28 72
30 37
23 228
112 219
43 142
49 147
80 166
49 109
119 194
39 170
95 170
73 162
47 54
81 114
15 206
145 247
27 130
34 108
147 152
147 180
179 190
48 122
157 197
23 169
194 203
49 208
114 222
13 224
129 191
197 246
147 194
27 142
73 176
78 237
19 175
217 225
23 199
146 192
167 236
159 228
35 126
111 200
181 241
52 188
178 199
132 172
58 78
168 200
126 136
187 213
93 238
88 137
120 135
103 154
12 106
132 141
83 240
3 232
14 157
44 170
155 209
37 216
167 213
43 245
164 238
2 233
126 220
224 229
81 125
7 93
74 84
179 192
59 168
87 190
46 103
70 95
160 185
141 237
30 213
229 238
120 221
231 246
44 206
169 225
139 171
28 213
107 221
25 143
30 230
133 215
128 163
63 203
42 73
37 56
44 174
45 118
118 202
41 162
119 158
149 183
40 211
34 107
24 64
87 239
67 198
3 152
78 131
46 187
217 220
84 85
15 202
37 159
47 216
1 28
68 196
161 212
67 247
18 91
163 208
182 213
25 187
156 217
15 115
84 196
132 187
55 169
59 186
66 152
94 208
5 155
14 217
168 183
66 186
24 230
58 246
22 45
114 245
10 30
78 229
19 94
116 210
146 176
27 242
150 235
86 155
202 242
123 160
41 135
11 199
123 195
69 169
65 217
33 100
115 177
22 178
139 236
162 240
17 35
154 186
92 104
91 97
44 66
7 31
58 210
42 83
4 111
73 104
28 240
173 206
102 105
80 91
172 241
3 128
9 189
43 166
101 110
242 247
0 28
130 238
58 172
164 174
28 135
16 238
18 161
222 225
115 154
66 208
76 171
15 87
32 105
133 160
153 215
232 244
5 112
84 165
8 136
80 124
68 139
9 140
81 214
197 235
118 153
155 194
177 242
61 209
200 221
165 195
177 226
11 231
96 142
130 249
79 104
4 243
246 249
80 105
90 210
78 129
35 95
22 124
129 185
79 232
157 177
235 245
6 104
69 98
68 204
59 229
85 249
100 154
9 82
144 180
162 201
47 75
197 199
69 76
51 135
8 144
37 129
198 213
135 168
118 216
117 227
52 233
69 236
95 102
46 232
14 57
195 211
7 15
139 142
147 168
36 249
2 165
36 68
23 216
186 236
65 240
144 156
48 225
232 245
77 214
42 91
22 237
29 52
44 104
23 125
59 191
46 226
76 114
114 144
137 202
81 229
17 237
167 225
207 212
142 163
24 57
46 233
138 146
103 177
182 200
225 228
56 111
123 187
89 170
57 82
15 41
139 160
104 114
66 180
93 174
60 198
2 44
0 244
23 34
103 216
183 223
84 191
167 239
11 123
6 57
48 171
60 72
176 208
26 138
95 200
83 155
148 187
51 244
40 85
17 143
92 153
179 197
20 28
114 152
32 120
55 209
134 168
115 229
141 162
109 219
92 155
15 92
168 194
87 234
106 206
9 230
49 159
77 206
31 70
81 165
143 191
211 220
129 187
41 42
114 181
125 151
18 121
38 156
50 144
113 132
14 154
143 212
174 193
25 33
76 192
14 20
139 149
34 202
133 190
148 193
8 121
77 211
0 186
88 234
97 246
150 220
113 213
113 156
140 248
33 82
53 176
