150 250
108
24
51
33
31
70
85
47
110
68
37
52
50
30
75
23
71
64
23
39
49
42
119
44
36
61
99
97
108
59
69
48
115
52
61
26
102
78
105
92
78
22
24
61
84
32
64
36
76
20
107
57
94
106
81
111
47
112
88
87
51
89
115
98
22
108
104
56
118
89
29
77
43
85
118
107
49
114
75
105
114
62
94
89
101
107
32
80
99
52
48
82
21
95
60
75
84
96
112
82
117
21
91
40
38
41
80
68
36
87
105
82
30
80
103
63
67
67
23
99
99
103
61
101
79
102
56
43
78
48
57
28
101
81
48
72
102
60
20
70
28
105
85
90
117
20
33
117
68
88
72 123
18 83
94 117
34 102
31 35
30 139
4 74
101 124
22 33
11 71
27 65
75 135
59 121
26 147
79 99
73 90
11 104
49 58
11 128
65 135
26 94
0 147
3 122
36 101
14 144
74 107
79 144
51 102
53 78
2 54
59 92
29 66
87 103
17 133
0 54
101 146
80 98
83 146
122 149
21 117
13 128
93 144
24 46
77 97
26 99
33 138
62 93
54 99
52 123
104 134
27 85
3 107
86 149
58 93
51 114
64 77
20 145
19 59
58 67
145 149
7 32
100 133
37 147
49 101
10 86
55 89
21 58
99 107
94 110
11 16
105 127
16 36
27 135
26 146
3 130
110 114
6 107
9 53
58 116
16 95
55 117
56 74
86 126
0 44
111 149
40 127
56 66
65 93
73 119
117 132
25 89
45 89
35 50
11 32
66 118
140 149
25 28
77 129
72 128
38 112
7 105
70 125
13 100
37 122
56 139
104 130
43 134
25 71
88 93
61 103
5 57
52 134
83 85
7 61
100 113
22 121
107 144
57 148
60 87
29 49
35 143
29 81
107 131
2 126
45 106
4 38
13 142
98 138
50 75
7 90
29 52
9 113
24 111
84 118
48 50
35 94
18 85
66 123
125 126
43 73
81 134
77 147
66 73
50 147
4 18
70 140
34 104
110 131
65 99
96 114
33 149
85 110
51 83
1 79
96 111
2 147
27 79
2 46
43 47
52 65
48 95
37 134
18 49
16 94
92 118
32 117
125 142
26 104
8 128
105 141
9 104
34 139
35 89
36 38
131 141
6 29
43 138
13 37
9 62
82 105
101 138
76 101
32 56
4 10
12 64
18 54
21 43
12 104
130 141
13 51
34 57
42 74
2 107
13 64
116 118
48 119
0 8
41 45
56 102
103 120
7 114
37 40
102 145
50 135
38 101
124 148
60 93
48 62
50 61
29 69
77 81
38 90
129 136
35 131
136 140
57 104
0 144
43 96
47 93
85 133
96 132
6 111
9 127
79 121
52 122
53 148
31 89
11 143
26 127
98 117
13 58
59 123
16 58
5 7
12 41
92 108
75 105
17 52
16 138
131 138
32 92
93 123
121 139
0 36
15 135
80 117
43 142
3 139
47 60
10 72
