250 1000
70
41
77
74
38
50
97
73
116
51
60
26
75
52
111
80
96
63
67
26
61
44
87
65
118
59
86
94
91
91
101
93
64
58
47
83
40
76
36
89
59
28
95
67
60
39
27
36
34
26
95
76
50
62
21
48
53
87
74
76
58
107
49
103
97
29
118
118
85
34
39
77
94
114
24
34
85
31
102
100
37
29
56
119
71
57
99
57
76
105
65
114
92
95
49
69
56
47
119
73
113
38
30
87
85
34
53
50
97
88
30
66
97
118
117
101
55
96
38
63
33
35
110
105
110
39
107
98
119
106
52
64
25
62
84
42
29
69
72
106
37
35
105
67
33
102
48
69
79
118
64
44
33
54
30
76
74
69
106
25
55
38
21
112
33
37
34
94
87
39
80
56
54
65
55
67
100
83
68
59
33
113
35
99
47
45
107
53
46
93
110
82
64
112
26
29
81
41
103
48
112
115
37
46
113
72
45
93
88
94
84
53
39
99
32
66
77
71
52
103
45
42
117
89
86
24
50
48
97
33
28
89
28
97
67
21
102
92
46
70
118
110
55
37
90
68
36
99
71
68
17 184
100 188
8 118
86 223
29 76
152 242
100 182
177 226
94 178
65 245
155 179
171 243
8 227
157 162
86 160
96 177
127 196
37 245
10 135
164 173
163 166
15 115
98 241
42 129
188 209
93 124
147 240
86 100
95 124
13 136
34 211
63 161
10 202
145 156
65 80
59 228
98 176
48 93
168 237
177 208
48 51
51 141
137 198
175 241
84 106
61 118
68 227
29 78
31 38
96 223
134 220
68 176
19 61
81 116
44 108
9 39
90 197
2 248
79 243
25 163
20 32
163 165
98 197
173 201
43 171
57 72
91 118
193 208
52 199
104 238
51 163
165 180
9 151
10 176
173 212
57 115
30 232
182 220
24 79
105 225
47 163
47 139
133 240
83 199
53 144
57 173
104 206
74 108
187 215
136 240
1 149
47 234
32 120
18 213
124 246
43 188
139 235
124 182
131 226
59 222
36 233
30 243
189 206
6 203
89 143
145 247
146 193
77 129
118 147
40 114
123 229
114 158
66 192
144 239
48 74
110 117
133 249
72 205
10 205
99 181
178 202
145 244
176 225
45 222
12 122
11 98
169 241
58 212
112 201
38 202
0 171
133 148
170 206
58 126
216 239
77 168
19 173
165 195
0 137
92 224
104 150
72 243
35 125
89 153
208 236
88 127
128 129
74 152
84 132
28 152
207 223
173 242
88 232
187 232
132 226
206 228
29 236
111 221
166 227
4 201
180 185
93 166
58 167
68 244
151 198
124 249
7 172
116 239
10 155
221 236
37 178
66 125
38 59
89 225
117 142
52 229
72 174
70 233
139 193
94 227
189 226
197 218
0 186
11 186
10 194
83 99
40 166
61 99
56 150
25 176
7 42
179 216
182 249
125 199
29 240
72 180
40 107
108 127
79 165
125 221
172 175
60 215
121 190
98 166
21 92
123 165
52 100
132 134
52 81
9 144
183 212
70 74
53 224
30 155
103 219
132 246
25 192
212 216
64 230
64 187
73 188
25 103
92 235
11 246
122 168
141 233
56 67
53 132
121 185
139 192
21 38
40 63
104 213
29 129
85 196
10 67
22 236
78 137
7 148
27 75
20 216
10 76
135 165
6 208
97 202
50 240
193 220
36 156
37 47
165 234
84 233
219 244
106 131
48 215
131 225
95 152
43 207
80 178
123 141
37 75
90 189
61 168
74 132
97 180
111 114
164 197
11 51
157 166
66 142
126 225
70 143
28 186
27 210
2 115
101 152
44 180
91 98
105 224
24 54
6 237
20 22
71 184
33 203
28 81
56 121
15 154
34 228
107 201
96 168
50 110
142 172
94 116
51 92
116 192
105 198
205 227
72 140
49 106
93 130
214 236
186 242
16 81
26 135
122 123
53 85
78 172
118 227
69 194
136 169
37 126
84 243
8 104
153 235
114 180
100 135
71 144
78 92
189 220
62 213
118 195
148 219
196 227
88 140
7 149
26 186
134 212
31 238
118 221
187 243
48 128
140 193
51 84
123 240
55 86
52 102
52 204
71 151
11 30
143 179
19 170
5 217
101 234
95 205
88 219
18 143
33 68
63 221
117 186
24 211
22 115
78 126
50 168
50 81
61 225
80 229
196 247
187 231
32 47
17 39
182 222
137 142
67 200
36 113
136 176
10 61
39 42
62 190
22 89
112 151
99 193
83 198
123 139
31 39
70 155
158 230
45 104
171 224
88 97
60 233
14 121
95 158
12 35
102 220
82 159
105 110
25 188
17 58
61 90
69 158
12 168
117 151
65 227
140 162
65 200
182 247
92 173
186 192
163 229
38 139
97 245
101 225
160 183
94 97
102 104
18 114
21 22
189 231
224 248
166 203
174 200
98 200
142 144
34 123
55 174
5 114
169 216
204 230
176 228
153 182
30 171
46 154
44 130
43 93
46 104
28 209
98 159
94 228
12 153
69 209
36 38
207 214
2 46
14 82
167 222
2 14
89 162
156 235
42 101
28 248
89 249
129 199
100 107
4 43
112 120
10 65
131 148
2 218
177 232
1 84
1 200
105 192
113 178
7 214
6 206
65 148
14 135
242 248
57 104
21 214
169 225
22 152
45 126
129 181
63 182
13 130
37 73
2 126
1 236
59 216
133 242
127 207
58 147
56 221
162 186
180 184
13 202
58 86
18 180
52 67
7 192
235 242
194 243
13 221
53 65
10 146
146 192
16 170
54 83
54 234
67 119
38 57
219 227
164 177
212 230
71 83
76 172
57 218
130 171
224 231
196 230
87 240
7 126
6 32
60 192
17 163
157 229
206 221
148 228
43 222
4 114
23 86
7 223
56 154
84 202
36 171
14 44
30 51
47 223
166 213
45 136
175 209
1 6
76 108
49 190
163 234
70 195
20 39
77 193
13 76
215 247
41 184
67 81
194 230
10 142
130 146
90 158
50 180
229 234
218 240
37 244
33 140
57 70
78 134
83 177
120 201
32 219
15 187
13 79
11 25
182 209
37 151
193 217
177 201
48 192
43 248
81 240
139 178
60 109
125 144
36 76
14 107
108 201
123 223
0 132
193 235
22 35
95 228
46 92
7 140
90 107
35 172
66 98
38 175
154 211
20 114
74 171
44 73
48 205
33 146
149 181
96 157
159 249
19 142
85 242
27 126
7 224
93 170
87 120
208 241
174 184
105 114
187 248
1 46
147 245
79 246
79 89
90 92
86 88
109 182
171 236
30 210
62 155
52 149
26 112
210 243
36 107
35 167
146 168
81 243
13 65
239 246
102 183
42 87
122 196
43 225
34 37
97 176
192 228
70 98
91 132
50 127
151 162
69 197
42 96
109 237
134 233
63 67
172 207
119 189
85 182
5 71
11 204
91 116
53 186
182 246
162 171
47 72
96 176
22 244
138 231
22 233
46 214
137 192
4 233
38 108
68 215
110 181
170 226
23 223
14 57
71 185
71 118
110 248
66 104
57 122
85 106
151 181
4 225
8 140
100 209
47 129
9 66
163 236
38 235
61 101
132 197
19 139
103 249
21 119
103 241
40 180
97 214
43 204
184 189
0 212
111 136
130 202
40 59
183 203
130 161
50 188
143 149
49 120
4 164
95 112
61 146
59 189
15 100
80 225
101 214
191 231
164 166
59 126
161 223
114 236
41 52
36 43
187 195
163 212
43 127
41 57
189 218
56 83
58 170
21 136
22 180
41 104
82 196
21 202
66 243
8 137
119 146
166 180
186 195
128 229
114 123
107 206
28 170
14 159
49 139
6 191
32 137
88 234
10 184
18 152
21 71
1 17
40 203
168 196
34 121
58 157
165 235
113 156
193 230
95 167
108 221
3 101
41 97
107 237
139 225
46 228
13 245
149 155
50 96
73 186
131 217
55 94
47 59
63 92
141 230
112 187
140 190
37 115
182 204
144 157
56 61
205 219
121 216
39 51
58 121
4 23
172 176
63 239
54 71
11 21
137 194
48 228
44 193
238 241
19 44
52 90
18 249
153 212
20 160
126 183
24 154
105 189
143 221
66 246
18 127
174 179
7 79
52 152
123 242
44 244
36 96
85 138
47 115
25 41
167 169
60 193
17 71
66 234
83 90
218 234
163 203
210 244
146 242
114 217
158 241
27 212
107 149
74 165
58 196
201 217
11 77
0 160
130 144
66 220
152 227
34 65
159 242
33 209
24 127
117 191
76 153
90 171
138 150
101 229
57 105
112 117
57 94
113 226
65 91
105 128
46 123
140 218
173 205
82 177
49 146
125 202
215 223
123 225
77 205
60 114
41 177
23 136
41 249
53 234
26 209
29 150
83 175
58 166
57 224
29 143
132 211
4 107
166 209
36 79
73 180
97 108
66 149
119 198
178 235
56 132
140 178
57 89
134 158
51 146
130 163
12 19
179 237
126 229
52 110
56 218
1 224
200 220
93 205
74 128
104 185
135 206
75 116
85 224
0 120
15 136
102 149
34 191
115 180
67 142
123 168
110 169
80 97
42 119
100 138
219 242
137 175
64 229
143 203
35 175
10 27
36 147
68 219
12 36
32 210
12 71
202 211
151 173
106 141
75 125
12 236
102 215
76 246
94 241
2 113
122 149
1 91
13 70
30 229
46 93
100 203
55 207
13 125
1 98
84 88
13 42
50 192
38 219
19 132
132 165
139 236
134 237
82 204
0 62
86 148
40 155
62 248
124 247
75 95
15 227
32 92
58 82
34 198
54 153
68 182
38 168
24 60
142 155
8 80
56 167
64 156
7 59
56 126
54 233
3 210
35 69
189 219
122 178
95 110
43 133
103 131
10 36
90 245
52 146
7 155
66 116
14 94
224 247
59 70
111 115
49 85
79 152
59 247
42 102
173 233
57 243
53 61
60 83
193 207
67 175
9 81
86 121
20 78
137 166
31 192
93 100
3 218
28 173
67 102
85 232
40 92
5 78
14 195
152 167
207 234
68 179
50 65
154 245
70 172
114 234
187 204
172 208
190 233
42 52
35 152
96 230
58 177
101 122
72 121
126 131
55 105
