250 500
54
46
73
38
32
78
34
113
31
77
93
86
41
89
60
63
110
88
60
62
72
95
24
69
53
29
55
101
114
98
20
48
25
25
119
37
84
85
83
47
42
56
113
64
77
54
59
119
74
51
61
26
78
65
76
111
26
63
93
73
41
45
53
98
51
52
116
67
118
79
94
92
67
87
88
24
73
79
24
79
111
65
86
69
63
94
113
21
37
86
74
110
63
108
89
94
92
85
41
42
96
115
115
43
35
83
99
40
43
55
100
86
53
118
87
96
92
80
97
61
98
104
51
42
92
20
68
64
85
90
87
113
37
34
36
104
49
68
77
24
103
57
90
36
107
110
112
79
22
42
20
53
26
51
75
50
104
23
46
21
45
65
115
115
79
83
99
109
31
56
113
115
45
36
83
32
78
28
43
80
50
95
113
108
79
20
90
63
76
116
64
101
62
59
48
73
23
28
62
86
116
108
33
94
76
97
58
34
105
82
46
87
57
92
75
116
92
97
59
100
93
56
34
87
95
62
41
50
22
83
117
119
23
82
45
79
59
83
93
44
45
72
63
35
44
70
31
68
47
23
55 148
49 177
195 237
51 234
73 74
210 240
58 82
121 132
39 132
150 207
46 248
106 125
60 177
121 177
74 126
74 81
8 181
225 228
27 97
172 212
25 100
14 34
135 185
18 169
78 174
69 72
175 178
197 238
68 205
131 166
46 99
80 205
180 210
57 160
59 123
12 81
0 95
37 148
19 82
109 207
26 97
25 181
54 129
9 115
49 133
96 140
197 233
28 193
188 229
39 102
61 184
153 163
29 51
201 214
158 172
19 73
4 36
90 146
114 235
35 99
91 247
230 233
11 38
18 25
128 199
113 159
62 164
26 193
67 79
157 240
82 237
24 111
8 87
114 174
66 122
209 221
44 157
48 202
55 79
107 168
77 207
121 220
98 241
58 65
30 74
17 150
12 157
96 143
110 122
20 96
28 82
37 67
19 126
34 85
3 99
158 243
65 182
25 30
15 197
45 186
86 123
30 165
58 98
220 228
20 249
66 150
183 236
161 188
5 125
47 206
40 129
163 217
99 105
41 121
46 227
63 183
14 52
30 94
86 114
5 131
64 117
55 241
98 226
23 180
157 161
124 166
21 177
218 223
121 244
13 195
110 142
194 196
142 226
63 77
7 208
68 226
23 161
31 101
9 63
166 226
142 225
142 152
16 115
10 222
88 167
125 231
129 174
27 106
66 104
169 175
63 89
151 188
0 182
39 111
15 98
73 130
10 22
26 77
49 240
36 78
14 68
161 197
188 189
53 106
43 74
32 208
15 183
117 146
37 218
66 229
155 211
165 241
68 233
75 191
79 219
37 154
65 93
133 234
4 140
150 240
22 66
82 108
57 107
51 127
132 246
45 151
36 93
168 179
206 211
4 27
41 158
64 236
76 151
120 182
41 110
184 209
43 234
2 143
123 195
179 248
2 168
23 57
22 202
115 234
58 143
69 127
113 207
145 210
179 233
103 195
63 114
9 31
175 206
3 11
111 150
68 183
58 215
227 238
93 112
74 170
201 236
45 239
166 236
2 108
166 211
30 197
24 81
39 83
108 152
8 188
115 223
81 178
31 156
171 245
97 249
87 166
150 155
66 234
92 244
68 160
54 118
42 180
51 183
115 159
85 156
19 52
129 197
13 235
156 205
8 56
105 174
5 143
182 230
174 176
94 174
188 228
64 230
11 115
163 228
100 126
134 145
116 152
138 195
129 150
146 239
2 207
16 202
109 198
34 135
209 226
16 230
39 146
50 246
11 114
131 240
111 117
115 238
35 233
3 214
2 185
204 244
106 220
49 215
20 83
98 203
42 183
82 114
110 181
45 234
36 84
85 126
68 199
55 161
33 198
57 89
15 45
59 94
181 230
177 183
29 72
218 245
6 150
207 240
180 195
83 208
14 43
61 65
213 222
222 246
23 131
68 187
98 146
14 229
29 43
160 162
115 233
121 155
112 235
32 214
144 172
116 158
67 177
30 76
2 48
127 129
32 66
178 195
61 165
46 157
104 172
207 220
155 214
140 193
157 179
24 73
79 140
84 248
160 170
24 29
10 60
92 151
178 198
21 195
30 111
215 242
51 202
37 107
15 231
124 138
70 120
116 204
68 138
199 216
14 26
17 61
221 240
94 215
178 185
29 124
77 144
80 181
36 198
162 238
153 244
112 114
75 80
170 245
71 136
85 195
6 163
103 236
98 170
34 80
99 204
95 165
31 246
26 170
41 46
40 158
46 122
7 121
177 202
23 116
64 163
79 211
22 64
65 120
86 145
6 37
172 201
132 233
20 159
66 153
52 61
98 106
183 215
219 237
143 187
59 113
101 176
123 138
55 240
178 243
102 200
151 216
24 98
44 236
109 241
13 110
68 154
111 189
34 182
29 222
88 142
68 73
196 226
133 160
41 190
83 245
8 86
19 107
165 175
18 68
82 127
25 48
45 214
80 184
95 213
52 237
51 125
129 157
169 173
12 66
197 212
62 220
135 183
60 179
201 248
78 181
182 206
227 228
162 170
16 159
125 211
105 176
86 115
111 157
136 169
178 200
92 116
2 171
127 202
78 164
197 200
9 234
153 237
64 176
2 223
44 127
1 185
123 156
63 218
87 105
15 85
157 201
78 209
55 86
31 72
17 83
19 26
25 170
117 201
59 245
96 97
3 246
215 220
57 66
151 172
79 174
205 235
10 112
143 173
36 190
78 158
68 248
36 183
84 134
144 153
0 231
79 92
62 105
146 172
68 221
175 247
0 232
112 232
156 197
5 233
83 198
17 141
