250 500
101
100
57
54
57
20
38
65
110
24
44
105
54
103
28
29
104
44
22
51
49
49
75
45
80
36
65
35
79
54
70
112
35
59
99
72
112
117
69
102
73
45
87
107
29
47
69
65
71
23
96
53
105
51
30
65
20
75
33
79
110
35
24
77
75
103
29
67
100
30
101
53
55
68
93
64
95
94
61
98
49
37
31
34
21
42
32
21
49
45
32
39
60
36
96
67
71
57
114
103
119
95
89
55
95
114
51
22
88
93
53
69
62
64
84
63
38
96
116
68
21
29
39
113
97
68
61
49
105
107
32
57
83
53
44
110
47
75
65
115
100
98
65
95
42
81
38
113
109
35
61
110
96
80
55
25
28
96
54
66
84
119
103
99
52
27
89
32
34
34
27
67
112
24
42
87
37
112
80
26
79
73
68
55
85
104
61
46
80
47
92
96
98
27
75
83
86
45
95
100
111
54
99
56
111
73
75
28
118
87
87
77
40
87
65
105
71
58
83
84
85
55
60
116
114
116
31
80
93
106
113
36
92
44
24
35
98
79
96
96
46
63
105
118
30
50
56
34
88
119
21 92
43 131
126 224
153 207
27 105
35 106
93 166
0 49
4 150
14 213
114 207
3 22
0 150
44 61
49 147
21 122
165 243
120 152
55 241
179 198
66 184
28 54
104 232
130 234
108 145
74 198
204 220
77 105
73 223
18 72
125 140
93 118
97 157
1 90
5 19
189 199
4 86
69 170
200 210
155 170
95 205
151 244
174 175
6 248
127 249
71 124
16 119
27 95
114 185
28 221
57 79
160 245
185 230
145 165
172 180
127 167
14 127
53 130
137 188
39 153
76 116
16 235
93 111
12 59
142 148
30 205
190 222
9 200
22 218
7 54
140 174
33 120
164 188
173 228
153 178
18 19
5 34
4 200
119 247
9 145
113 141
187 203
5 183
197 206
75 204
10 216
128 146
169 188
60 213
65 147
141 165
84 146
51 190
48 96
59 207
25 46
98 101
32 212
106 159
90 182
113 202
0 94
98 188
10 13
12 151
75 144
11 30
41 81
202 239
113 232
28 49
138 249
101 129
87 133
10 223
121 226
28 121
172 228
37 161
164 239
49 64
59 79
178 202
130 161
43 245
92 243
23 132
4 92
225 233
95 193
51 65
79 173
38 95
52 57
132 148
34 216
65 127
113 243
126 181
123 225
121 218
169 246
100 113
102 185
46 191
94 133
56 213
1 25
4 82
53 136
83 122
22 148
101 136
33 141
114 116
110 236
84 131
37 84
97 187
38 74
85 207
48 234
9 14
18 151
57 193
6 26
29 179
132 174
17 167
17 233
127 135
219 220
111 156
109 208
183 195
30 98
82 141
7 78
91 229
34 127
36 235
67 163
87 116
52 235
69 107
219 242
40 49
64 160
25 196
141 220
68 209
171 202
2 101
61 195
183 188
219 229
25 142
139 142
82 191
41 127
10 198
135 161
52 239
71 185
77 143
138 179
202 211
65 90
54 151
10 237
92 191
58 217
86 197
20 109
88 240
61 103
37 49
14 128
101 188
30 63
81 94
145 169
47 111
203 210
73 115
42 56
100 165
1 23
150 234
22 242
175 185
64 95
110 234
187 192
107 150
218 231
137 202
101 126
100 189
54 215
12 96
22 177
48 147
30 198
154 234
11 43
90 138
75 176
100 119
0 114
82 226
30 84
71 210
131 171
1 37
13 137
11 235
42 136
158 175
142 186
79 229
5 21
80 118
70 198
62 199
28 71
155 246
58 67
42 217
219 238
125 181
19 84
229 238
147 155
6 91
85 141
71 147
41 209
79 157
29 111
34 71
57 67
189 217
9 134
9 224
43 80
16 202
62 190
217 245
87 103
58 81
189 231
0 228
22 159
9 236
80 188
20 97
62 249
167 235
151 209
71 161
19 133
15 102
41 202
113 118
122 159
94 202
11 219
20 112
152 205
77 202
102 201
19 139
62 186
47 248
65 221
85 159
104 113
57 202
70 155
22 129
82 116
184 195
148 187
142 216
20 50
4 72
211 222
10 23
24 173
110 191
20 144
26 100
228 235
9 242
31 151
85 224
148 158
30 187
56 98
80 208
4 119
65 91
190 215
91 203
64 113
33 109
161 186
171 210
140 219
16 41
1 240
1 126
0 8
158 188
107 120
116 226
33 226
169 192
122 224
87 135
20 38
197 224
9 182
174 248
80 116
183 215
106 193
36 106
201 225
14 58
197 232
34 174
16 203
92 218
178 205
179 216
78 228
10 43
89 143
170 184
1 111
103 217
140 194
175 247
41 217
16 56
125 192
42 243
10 248
85 176
68 117
146 244
139 197
8 37
44 134
207 245
45 162
91 212
154 239
88 121
132 246
110 138
180 189
103 187
41 43
213 215
158 209
105 109
201 219
85 244
13 53
145 216
1 120
89 135
94 119
86 232
127 229
14 185
64 159
131 226
224 236
83 90
143 193
154 188
167 229
60 241
59 77
78 205
180 192
126 168
62 106
108 143
224 233
149 180
156 236
30 210
222 244
146 188
50 116
95 126
218 219
7 45
131 212
61 226
144 155
69 187
102 147
64 85
223 245
61 86
3 218
22 248
20 190
158 186
70 164
105 140
112 235
38 116
14 177
29 184
10 68
105 112
67 169
41 49
16 135
20 204
78 103
18 145
21 156
72 113
13 57
51 78
5 26
55 167
29 189
146 226
43 243
42 65
82 186
29 141
204 234
219 222
170 232
130 138
191 202
103 204
111 181
108 137
127 186
45 227
21 157
150 225
41 166
45 103
74 225
31 96
59 167
3 143
87 235
