250 250
21
73
36
100
76
90
77
83
30
113
82
78
49
89
35
67
57
93
72
39
34
31
88
32
50
110
50
20
102
77
109
104
30
77
36
38
47
45
101
57
91
116
67
20
85
82
67
22
108
119
93
22
82
61
87
65
51
117
65
34
26
106
70
36
63
38
106
42
63
40
79
86
36
78
86
101
41
33
55
81
84
28
35
99
69
102
44
53
52
41
119
58
28
21
27
71
39
65
94
34
85
105
101
53
116
119
86
89
85
21
50
101
29
117
80
31
100
56
116
84
78
67
22
86
68
81
89
39
27
115
105
44
53
86
78
49
86
44
118
51
98
100
32
59
97
45
22
29
81
118
93
39
117
96
57
117
109
79
36
116
74
22
41
107
40
51
88
58
75
86
89
105
66
54
45
96
31
47
105
92
98
79
64
95
107
53
93
96
112
61
45
119
115
66
58
36
49
27
74
104
45
96
42
44
82
67
20
93
46
57
117
24
116
113
52
103
47
77
32
91
70
57
90
66
55
81
82
84
88
88
20
65
64
42
89
78
41
41
51
68
79
49
72
27
94
56
63
21
113
75
32 94
82 211
163 176
82 237
225 229
71 187
39 80
36 138
111 154
198 231
20 235
9 108
89 139
87 155
143 144
27 60
90 142
90 118
78 158
201 235
124 159
172 198
57 208
86 168
68 112
199 218
80 190
58 79
21 65
18 164
61 79
44 152
73 134
20 83
64 73
68 223
92 198
5 172
50 110
14 25
30 95
214 221
124 175
152 197
171 189
1 213
7 102
5 27
25 244
58 213
133 201
1 32
56 226
26 108
166 235
143 197
80 107
20 108
172 231
22 157
93 120
47 125
130 230
177 224
8 140
32 209
23 166
62 249
170 222
128 139
21 155
87 188
208 230
63 195
102 130
76 85
75 211
55 225
91 152
131 201
144 163
12 168
74 80
19 52
244 249
43 149
83 122
89 102
34 41
17 24
103 239
64 202
166 177
109 119
102 182
61 76
15 73
96 197
148 218
102 244
217 247
90 246
81 85
44 122
62 119
108 248
17 200
24 183
128 143
42 60
97 205
113 238
29 85
29 162
53 116
23 122
114 121
195 212
109 206
169 178
23 168
40 138
118 163
75 98
117 158
6 158
175 249
56 221
84 133
85 239
0 210
111 114
82 176
140 161
80 137
68 160
59 248
200 219
127 222
67 130
78 96
21 136
77 107
13 77
14 93
2 93
77 215
11 59
220 243
130 151
72 152
40 151
92 131
103 222
39 219
66 85
74 117
189 194
17 33
126 207
31 61
71 108
129 232
119 122
54 123
3 207
43 195
76 210
182 238
31 207
218 221
125 191
42 65
76 135
184 195
54 215
108 126
176 237
147 210
15 110
20 113
67 222
8 182
98 143
26 216
39 158
33 245
139 230
200 218
134 215
15 20
123 202
128 248
208 213
73 127
148 223
38 47
148 215
81 211
47 247
89 155
84 87
40 169
224 241
41 137
152 227
163 179
26 161
159 239
37 222
47 164
37 202
2 95
176 202
65 199
76 155
163 206
91 247
82 167
72 90
67 209
122 224
0 247
8 136
91 108
45 107
82 155
102 161
114 187
2 29
165 207
122 157
101 120
54 119
18 209
227 228
128 203
125 202
55 88
147 236
48 133
55 106
18 216
5 158
39 132
47 109
17 246
169 218
118 140
124 238
