150 150
53
42
92
118
71
106
61
103
84
36
30
56
54
101
54
57
117
57
44
58
55
27
104
68
84
79
71
88
113
27
76
46
49
49
44
52
87
37
87
103
105
97
39
40
31
26
29
28
115
53
118
50
61
102
98
77
61
49
97
54
56
105
33
37
86
57
22
105
27
89
89
112
119
60
84
30
66
45
90
61
79
88
91
72
22
21
81
115
103
58
49
39
95
62
109
62
52
111
47
111
80
68
55
31
109
72
41
55
97
63
49
108
31
72
60
85
74
21
80
57
111
62
28
87
56
117
29
40
60
108
31
73
57
119
84
98
71
58
33
100
101
114
89
65
67
81
30
73
35
43
42 71
43 131
74 76
3 7
77 105
106 135
66 93
0 149
50 104
13 114
64 107
72 103
50 100
44 61
99 147
72 121
43 115
102 120
91 105
29 98
66 84
28 54
54 132
80 84
8 45
98 124
20 54
5 77
23 123
22 118
25 40
68 143
57 147
51 90
5 119
89 149
36 54
19 70
10 100
5 70
5 145
44 101
24 25
106 148
99 127
21 124
66 69
95 127
35 64
28 121
57 79
60 145
35 80
45 65
30 122
17 77
114 127
3 80
37 138
53 139
66 126
16 135
43 111
9 112
42 48
105 130
40 122
59 100
22 68
7 104
24 40
70 83
14 138
28 73
28 103
18 19
5 34
4 100
19 47
95 109
113 141
103 137
83 105
47 106
54 75
60 116
46 78
88 119
60 63
65 147
15 91
84 96
101 140
46 148
9 57
25 146
1 48
12 132
59 106
32 140
102 113
50 94
138 148
63 110
51 112
25 44
11 30
131 141
2 89
32 63
28 49
88 149
29 101
33 37
10 23
26 121
21 28
22 78
61 137
14 39
64 99
59 129
102 128
111 130
45 93
43 142
73 132
4 142
25 83
93 145
65 101
73 129
95 138
57 102
82 148
84 116
77 115
63 93
76 81
25 73
18 121
69 96
0 113
2 135
41 96
33 44
63 106
51 75
104 132
3 36
