100 750
73
91
21
22
48
86
34
56
94
75
69
28
91
45
86
44
48
44
72
97
56
39
94
103
99
57
21
21
102
60
95
107
83
48
61
111
114
75
100
40
83
101
48
54
79
67
30
107
43
82
36
31
101
62
114
32
51
67
85
86
59
60
73
22
40
115
66
86
22
98
107
85
79
87
71
38
86
81
78
61
43
46
72
76
89
119
89
72
66
54
38
58
47
44
60
119
91
106
86
93
83 89
27 99
79 90
65 98
67 84
33 58
46 90
19 33
21 56
29 99
95 96
78 79
24 57
16 30
34 60
2 76
17 27
29 48
17 94
1 98
14 56
4 87
2 6
37 76
14 88
5 63
42 83
59 93
9 72
58 71
73 85
12 27
2 27
49 82
25 35
63 81
19 74
32 36
12 56
47 97
17 62
52 80
4 73
28 63
34 82
19 86
8 13
62 84
40 66
17 63
1 78
28 98
86 97
6 60
59 98
3 67
21 35
25 71
34 61
53 95
21 91
15 81
56 99
43 48
17 59
65 70
16 37
35 98
2 11
1 93
70 96
20 92
31 92
69 92
75 78
88 99
55 66
23 80
6 76
23 71
35 89
24 93
5 44
7 59
4 55
60 77
0 81
69 84
25 91
3 28
66 68
55 84
23 87
29 59
63 83
50 52
72 98
75 77
86 94
49 84
91 97
26 43
48 78
27 55
8 91
9 58
65 76
0 93
5 53
29 68
34 88
60 71
84 98
37 78
73 84
27 79
57 70
0 23
2 5
48 55
10 66
57 87
3 31
36 87
8 68
57 96
28 54
38 56
26 45
62 68
18 99
41 42
57 65
14 41
49 67
30 63
15 20
17 98
4 23
31 87
24 44
24 35
2 69
38 80
51 64
37 58
44 46
37 75
61 95
24 86
25 53
42 44
20 52
39 98
22 51
31 35
1 59
18 23
51 61
13 77
2 36
49 98
35 63
10 58
22 34
27 83
30 77
50 79
70 75
54 98
37 57
16 51
26 55
6 29
7 39
42 60
58 95
58 91
46 53
17 68
52 87
69 95
27 30
5 72
26 49
7 55
15 59
5 85
29 77
41 64
19 59
0 62
17 46
15 86
54 66
13 91
21 23
47 92
78 94
73 86
1 40
28 97
11 34
33 92
11 97
30 33
8 33
44 78
31 59
16 49
7 13
15 89
59 80
11 36
53 62
54 97
46 54
65 83
68 80
57 92
18 91
26 74
19 76
4 60
21 30
61 96
28 76
61 85
36 73
72 89
21 87
42 96
31 67
47 59
51 69
69 91
12 66
88 96
37 52
0 67
62 73
54 63
0 90
67 78
26 39
20 65
60 68
7 27
19 99
26 50
18 88
0 72
20 36
40 73
72 93
40 98
55 56
4 97
56 71
76 82
10 48
22 48
7 16
1 67
26 27
66 69
41 97
18 33
59 61
6 86
52 99
59 84
55 88
8 63
11 84
46 73
46 84
0 95
5 48
75 89
50 73
44 58
32 65
30 36
64 66
71 95
3 6
17 34
32 40
24 90
36 77
37 96
12 20
22 85
37 68
43 96
64 75
13 46
11 29
12 58
0 18
14 34
54 87
19 29
30 97
18 59
55 85
5 56
19 93
57 80
13 23
5 77
18 51
14 75
47 87
73 99
44 85
4 93
73 75
54 91
35 39
43 46
66 97
77 88
54 75
0 32
3 83
50 59
18 49
0 4
82 85
48 75
74 90
2 44
17 89
64 83
80 84
73 82
9 57
10 27
10 41
13 43
69 83
44 68
26 44
8 72
29 72
19 35
38 98
15 16
79 99
32 64
14 31
37 89
16 75
16 78
0 11
52 55
68 78
92 99
39 80
16 74
15 52
64 67
31 44
63 66
50 60
29 97
56 91
42 65
24 95
10 35
62 95
15 90
41 59
32 73
28 58
25 43
75 93
26 71
11 41
31 61
22 80
52 78
46 97
2 92
19 88
55 79
12 72
67 96
45 95
23 55
30 38
16 68
1 79
57 84
31 93
64 97
9 61
63 96
52 93
24 83
1 89
55 68
52 85
63 92
53 75
74 95
27 69
11 20
9 75
69 70
65 88
85 94
37 70
20 40
27 88
8 25
23 79
7 18
76 92
2 97
20 29
1 36
59 71
58 99
88 95
11 93
32 33
4 58
73 98
31 34
23 63
9 41
22 86
76 86
35 58
58 63
51 52
10 82
23 52
45 57
34 90
30 92
46 56
30 90
65 90
93 99
59 67
37 45
43 73
1 55
36 96
13 87
49 95
49 53
7 70
4 50
49 81
48 95
37 90
77 79
56 70
15 78
68 89
33 60
67 93
29 86
63 99
64 68
47 70
17 29
22 68
22 25
13 38
3 17
25 69
47 84
15 67
0 96
60 63
86 89
38 78
10 43
37 80
6 12
61 80
3 81
16 71
85 88
49 88
16 21
17 55
16 32
54 57
10 44
5 67
81 99
18 40
60 98
20 51
23 32
3 20
39 43
44 76
32 92
8 49
18 39
55 76
50 83
13 27
18 32
61 84
87 96
21 48
45 71
26 68
54 56
14 16
33 46
35 76
0 66
51 55
16 19
7 35
17 31
46 91
31 69
51 88
24 96
15 18
41 71
71 87
32 93
24 28
29 64
0 42
29 32
58 60
92 93
27 81
43 75
10 57
94 99
71 81
7 21
42 52
53 66
62 80
3 78
10 13
12 45
5 83
10 37
32 86
44 86
32 43
76 95
54 55
6 97
15 51
38 65
25 52
80 95
13 90
58 70
27 73
36 47
31 66
10 22
6 74
3 57
11 61
0 10
3 69
7 77
20 54
35 77
48 73
67 95
6 41
5 22
36 51
50 63
9 59
22 66
18 70
32 91
22 61
10 16
51 62
35 87
9 82
48 56
14 77
45 50
47 80
13 89
7 79
50 95
21 72
56 72
18 72
80 82
22 75
26 67
29 49
6 49
0 86
2 65
27 61
38 97
47 91
64 85
71 93
88 89
18 22
70 93
37 44
20 73
2 45
8 57
0 9
2 94
21 26
23 64
7 11
48 70
11 42
60 83
5 33
5 78
77 94
3 33
6 85
30 94
66 82
13 55
81 85
1 86
57 98
8 27
31 98
21 40
42 56
52 75
10 61
5 55
61 87
24 41
19 23
70 85
6 25
43 50
37 59
16 44
43 85
16 35
77 78
72 82
4 85
62 92
23 86
56 94
9 79
67 79
4 82
10 63
19 54
6 31
27 58
43 93
21 43
4 27
41 98
16 80
84 89
10 46
20 41
13 24
23 76
40 42
30 71
0 89
44 98
34 94
21 62
19 36
70 77
2 18
45 54
43 55
52 63
66 96
42 80
14 24
3 15
0 59
24 48
9 10
45 98
68 81
74 99
19 22
6 18
58 74
22 33
73 76
70 94
5 9
9 95
24 60
11 12
21 59
57 73
77 92
6 52
55 70
12 99
69 86
15 64
39 47
62 77
74 89
11 98
29 43
5 73
11 22
25 85
47 75
75 97
2 87
83 96
66 93
9 22
30 69
0 7
27 32
49 57
13 60
8 56
13 41
58 76
1 51
28 57
48 60
15 45
60 95
21 93
39 74
