300 300
30
22
105
65
101
39
112
35
83
72
105
68
76
103
31
100
110
24
55
100
31
46
32
105
35
51
50
84
77
87
54
39
89
91
37
70
62
29
85
26
34
22
74
90
105
37
70
48
41
57
28
104
83
40
89
98
23
119
63
33
86
97
104
108
20
21
58
62
31
76
20
97
78
26
67
116
44
69
44
65
106
104
102
69
76
71
99
79
23
42
44
41
71
29
29
71
30
20
66
93
76
66
70
34
73
69
30
49
70
106
46
56
90
28
57
46
32
37
58
35
59
82
108
63
91
118
114
54
118
60
79
26
59
82
40
64
83
103
93
34
89
119
70
112
28
108
38
40
25
76
107
116
91
47
59
114
97
106
48
47
98
108
53
37
22
26
81
85
109
106
99
30
106
50
22
66
90
41
38
47
49
77
43
20
104
35
115
82
21
95
109
99
35
43
69
37
49
30
55
90
69
34
100
107
116
55
53
86
28
23
65
57
32
89
110
68
56
57
30
57
84
72
36
52
47
85
69
28
48
104
50
97
71
82
36
67
117
21
86
25
24
31
115
88
100
57
36
36
94
99
25
110
51
94
42
30
59
44
38
39
80
68
68
31
30
84
79
80
85
45
85
41
56
80
109
89
69
78
57
43
57
63
86
88
89
108
50
80
32
68
100
45
68
100
56
30
117
115
90
82
219 223
82 168
156 298
9 289
136 162
48 177
14 72
125 282
51 229
52 93
91 191
65 114
150 158
20 228
107 158
30 53
129 135
179 199
44 260
168 180
122 268
109 195
144 282
72 264
165 195
38 68
57 133
153 215
225 283
90 144
135 249
16 172
84 123
180 196
64 83
113 258
85 222
67 205
66 277
13 83
143 151
104 200
9 284
19 167
63 286
122 161
12 34
138 149
86 157
29 293
142 203
251 288
65 156
107 183
185 191
28 249
42 53
79 280
62 148
48 98
211 260
222 276
113 294
125 203
154 251
154 196
49 199
142 166
107 250
49 293
193 298
73 235
54 103
14 217
165 202
18 165
125 240
141 171
18 105
57 126
75 225
211 274
106 274
134 192
108 293
1 127
200 292
147 288
6 55
65 260
83 220
97 126
19 75
181 268
38 146
263 290
221 253
248 289
59 181
82 219
174 209
218 220
161 261
118 220
16 183
180 236
6 18
33 93
53 78
26 116
68 199
131 173
22 172
81 121
105 203
31 53
164 273
2 77
120 234
2 297
55 178
73 238
23 236
14 218
128 297
80 182
65 253
87 289
74 221
29 94
126 274
193 247
22 180
0 234
20 236
55 250
180 227
2 238
98 253
95 131
187 211
5 161
164 248
290 294
141 169
19 143
19 264
143 199
129 286
58 199
6 117
44 60
186 299
47 284
4 178
132 191
141 293
57 248
243 293
47 215
118 136
58 155
134 253
106 172
57 82
200 231
63 291
249 296
42 95
46 285
25 117
166 290
162 238
208 223
22 233
69 123
140 233
274 276
134 187
21 199
130 191
254 273
173 270
216 255
117 293
14 143
4 162
9 25
243 285
228 233
7 108
50 200
26 41
226 228
125 213
104 250
7 275
111 233
118 245
63 149
111 215
258 274
220 267
51 215
4 36
64 143
193 196
237 264
242 272
218 237
68 168
41 127
152 195
60 193
261 271
134 256
177 266
97 160
233 263
64 290
51 207
54 247
18 153
177 185
12 103
80 166
23 207
208 218
112 268
111 135
119 230
159 269
85 182
71 256
72 145
113 249
31 167
196 236
133 237
31 288
63 82
42 239
34 51
62 197
44 238
17 207
154 203
141 211
39 277
90 283
15 288
9 184
251 298
70 117
58 248
82 148
122 139
124 208
186 242
105 180
174 283
140 186
81 281
58 150
20 133
8 201
200 262
204 245
67 261
21 261
177 221
43 51
61 219
55 259
65 157
140 236
76 239
20 79
109 229
130 131
84 114
15 190
46 187
59 219
6 292
20 184
115 265
78 235
34 195
70 260
32 251
111 146
7 272
92 155
137 207
80 239
37 222
19 193
26 149
169 237
