250 500
57
60
46
27
76
52
112
80
87
33
99
77
41
26
48
68
42
63
50
78
84
24
56
93
43
27
74
76
104
72
56
41
64
34
100
21
67
93
33
86
106
65
95
79
71
76
28
46
119
110
104
83
115
40
109
90
47
63
46
83
67
35
104
111
101
37
64
100
62
30
66
100
75
94
60
78
50
20
104
49
110
88
64
57
60
53
27
40
48
54
103
47
21
40
39
102
57
35
83
99
45
81
79
52
107
71
63
37
71
47
118
62
68
63
51
60
48
59
80
29
45
64
56
46
84
27
28
21
43
43
52
20
105
63
105
92
115
48
62
66
27
60
60
27
55
92
68
36
31
80
45
108
24
81
34
40
41
94
93
64
118
25
116
103
69
101
27
116
29
69
62
89
62
55
96
97
27
44
113
90
57
90
78
61
104
44
34
25
118
107
21
116
65
117
99
66
99
59
62
60
108
56
29
102
91
106
80
50
82
25
72
119
96
82
113
80
106
27
37
105
66
38
101
63
35
33
109
66
72
103
107
112
92
116
95
63
54
107
46
117
112
98
68
40
61
61
52
47
20
21
17 184
100 188
8 118
86 223
29 76
152 242
100 182
177 226
94 178
65 245
155 179
171 243
8 227
157 162
86 160
96 177
127 196
37 245
10 135
164 173
163 166
15 115
98 241
42 129
188 209
93 124
147 240
86 100
95 124
13 136
34 211
63 161
10 202
145 156
65 80
59 228
98 176
48 93
168 237
177 208
48 51
51 141
137 198
175 241
84 106
61 118
68 227
29 78
31 38
96 223
134 220
68 176
19 61
81 116
44 108
9 39
90 197
2 248
79 243
25 163
20 32
163 165
98 197
173 201
43 171
57 72
91 118
193 208
52 199
104 238
51 163
165 180
9 151
10 176
173 212
57 115
30 232
182 220
24 79
105 225
47 163
47 139
133 240
83 199
53 144
57 173
104 206
74 108
187 215
136 240
1 149
47 234
32 120
18 213
124 246
43 188
139 235
124 182
131 226
59 222
36 233
30 243
189 206
6 203
89 143
145 247
146 193
77 129
118 147
40 114
123 229
114 158
66 192
144 239
48 74
110 117
133 249
72 205
10 205
99 181
178 202
145 244
176 225
45 222
12 122
11 98
169 241
58 212
112 201
38 202
0 171
133 148
170 206
58 126
216 239
77 168
19 173
165 195
0 137
92 224
104 150
72 243
35 125
89 153
208 236
88 127
128 129
74 152
84 132
28 152
207 223
173 242
88 232
187 232
132 226
206 228
29 236
111 221
166 227
4 201
180 185
93 166
58 167
68 244
151 198
124 249
7 172
116 239
10 155
221 236
37 178
66 125
38 59
89 225
117 142
52 229
72 174
70 233
139 193
94 227
189 226
197 218
0 186
11 186
10 194
83 99
40 166
61 99
56 150
25 176
7 42
179 216
182 249
125 199
29 240
72 180
40 107
108 127
79 165
125 221
172 175
60 215
121 190
98 166
21 92
123 165
52 100
132 134
52 81
9 144
183 212
70 74
53 224
30 155
103 219
132 246
25 192
212 216
64 230
64 187
73 188
25 103
92 235
11 246
122 168
141 233
56 67
53 132
121 185
139 192
21 38
40 63
104 213
29 129
85 196
10 67
22 236
78 137
7 148
27 75
20 216
10 76
135 165
6 208
97 202
50 240
193 220
36 156
37 47
165 234
84 233
219 244
106 131
48 215
131 225
95 152
43 207
80 178
123 141
37 75
90 189
61 168
74 132
97 180
111 114
164 197
11 51
157 166
66 142
126 225
70 143
28 186
27 210
2 115
101 152
44 180
91 98
105 224
24 54
6 237
20 22
71 184
33 203
28 81
56 121
15 154
34 228
107 201
96 168
50 110
142 172
94 116
51 92
116 192
105 198
205 227
72 140
49 106
93 130
214 236
186 242
16 81
26 135
122 123
53 85
78 172
118 227
69 194
136 169
37 126
84 243
8 104
153 235
114 180
100 135
71 144
78 92
189 220
62 213
118 195
148 219
196 227
88 140
7 149
26 186
134 212
31 238
118 221
187 243
48 128
140 193
51 84
123 240
55 86
52 102
52 204
71 151
11 30
143 179
19 170
5 217
101 234
95 205
88 219
18 143
33 68
63 221
117 186
24 211
22 115
78 126
50 168
50 81
61 225
80 229
196 247
187 231
32 47
17 39
182 222
137 142
67 200
36 113
136 176
10 61
39 42
62 190
22 89
112 151
99 193
83 198
123 139
31 39
70 155
158 230
45 104
171 224
88 97
60 233
14 121
95 158
12 35
102 220
82 159
105 110
25 188
17 58
61 90
69 158
12 168
117 151
65 227
140 162
65 200
182 247
92 173
186 192
163 229
38 139
97 245
101 225
160 183
94 97
102 104
18 114
21 22
189 231
224 248
166 203
174 200
98 200
142 144
34 123
55 174
5 114
169 216
204 230
176 228
153 182
30 171
46 154
44 130
43 93
46 104
28 209
98 159
94 228
12 153
69 209
36 38
207 214
2 46
14 82
167 222
2 14
89 162
156 235
42 101
28 248
89 249
129 199
100 107
4 43
112 120
10 65
131 148
2 218
177 232
1 84
1 200
105 192
113 178
7 214
6 206
65 148
14 135
242 248
57 104
21 214
169 225
22 152
45 126
129 181
63 182
13 130
37 73
2 126
1 236
59 216
133 242
127 207
58 147
56 221
162 186
180 184
13 202
58 86
18 180
52 67
7 192
235 242
194 243
13 221
53 65
10 146
146 192
16 170
54 83
54 234
67 119
38 57
219 227
164 177
212 230
71 83
76 172
57 218
130 171
224 231
196 230
