50 100
90
45
70
33
107
42
109
76
74
100
104
113
45
91
113
58
73
31
27
75
22
54
105
53
31
27
83
20
92
41
77
114
118
27
80
57
49
69
113
55
101
49
101
27
72
46
65
26
58
24
22 23
18 33
17 44
2 34
31 35
30 39
4 24
1 24
22 33
11 21
15 27
25 35
9 21
26 47
29 49
23 40
4 11
8 49
11 28
15 35
26 44
0 47
3 22
1 36
14 44
7 24
29 44
1 2
3 28
2 4
9 42
16 29
3 37
17 33
0 4
1 46
30 48
33 46
22 49
17 21
13 28
43 44
24 46
27 47
26 49
33 38
12 43
4 49
2 23
4 34
27 35
3 7
36 49
8 43
1 14
14 27
20 45
9 19
8 17
45 49
7 32
0 33
37 47
1 49
10 36
5 39
8 21
7 49
10 44
11 16
5 27
16 36
26 46
3 30
10 14
6 7
3 9
8 16
16 45
5 17
6 24
26 36
0 44
11 49
27 40
6 16
15 43
19 23
17 32
25 39
39 45
0 35
11 32
16 18
40 49
25 28
27 29
22 28
12 38
5 7
