300 300
29
21
91
31
89
53
72
35
72
111
88
83
42
29
114
72
31
89
32
90
75
72
72
47
22
21
109
39
56
82
117
118
35
41
29
105
74
33
72
27
25
40
42
99
102
36
104
65
57
68
36
112
20
40
92
74
42
81
93
30
44
43
80
111
64
90
96
70
55
48
29
112
21
51
44
55
68
28
100
57
76
68
50
28
89
74
35
111
35
60
73
111
83
34
103
79
56
31
30
91
60
39
36
61
71
60
96
71
20
28
108
28
77
90
36
46
96
103
89
112
44
42
55
107
108
90
67
44
102
29
68
94
100
36
35
103
76
63
106
76
71
95
84
28
117
52
54
94
36
23
38
112
98
25
99
86
48
98
63
30
59
63
104
40
31
71
23
87
114
110
95
117
37
111
26
86
95
112
112
63
68
30
55
46
88
87
64
116
117
59
78
57
54
114
77
65
65
32
32
111
74
59
108
91
102
66
58
30
59
50
73
107
113
61
85
33
28
29
29
25
21
39
114
55
33
23
101
78
36
65
21
90
105
109
114
39
56
52
49
47
34
55
34
79
96
51
44
56
60
53
113
113
24
108
49
37
111
30
47
79
75
48
50
112
38
96
32
26
28
113
53
94
100
119
106
76
50
30
64
42
116
58
36
20
46
65
38
89
27
65
101
82
46
31
75
64
107
39
22
67
42 71
43 281
224 226
7 153
77 255
256 285
216 243
0 149
50 104
13 264
64 107
103 222
100 200
44 61
249 297
72 121
43 115
102 270
91 255
29 98
66 84
28 54
204 282
80 84
8 45
98 124
20 204
5 227
23 273
22 118
25 190
68 143
57 297
90 201
5 119
89 299
54 186
169 220
10 250
5 70
155 295
194 251
174 175
148 256
127 249
171 274
66 69
95 127
64 185
28 121
57 79
210 295
80 185
195 215
30 272
17 77
127 264
3 80
37 138
139 203
126 216
166 285
193 261
9 112
192 198
130 255
40 272
209 250
172 218
157 254
174 190
70 83
138 164
28 73
28 253
168 169
34 155
100 154
19 47
109 245
263 291
253 287
83 255
197 256
54 225
116 210
46 228
119 238
63 210
147 215
15 91
84 246
101 290
46 148
9 207
25 146
151 198
12 282
106 209
32 290
252 263
200 244
138 298
63 260
201 262
44 175
11 30
131 291
2 89
32 63
49 178
88 299
29 101
33 187
10 23
26 271
28 171
22 78
61 137
14 39
99 214
59 129
102 278
261 280
45 243
43 292
132 223
4 292
25 233
243 295
101 215
73 129
95 138
207 252
232 298
84 266
77 265
213 243
226 231
175 223
18 271
219 246
150 263
2 135
41 246
183 194
213 256
51 75
104 282
3 36
22 33
172 298
86 151
83 241
64 216
10 36
234 281
34 137
37 297
24 38
35 207
248 284
59 164
51 268
93 107
56 126
129 229
32 124
67 117
167 183
85 177
20 219
6 211
208 209
95 233
130 298
141 282
57 78
41 129
77 134
185 236
13 117
137 166
202 285
7 69
92 169
140 299
164 210
125 146
170 241
59 168
71 252
201 202
61 295
83 138
19 129
75 142
189 242
32 91
91 227
148 160
211 235
152 289
121 135
43 277
88 129
211 252
40 165
101 154
160 237
42 291
8 67
197 236
9 20
40 288
111 253
99 137
164 178
38 251
13 280
81 194
45 69
147 161
53 210
15 123
6 42
50 165
73 101
0 134
92 122
175 285
45 64
84 210
87 242
0 7
68 81
137 202
101 126
50 89
65 154
196 212
72 77
197 298
230 298
84 104
11 143
90 188
75 226
69 150
14 150
76 82
30 284
110 271
21 131
37 251
87 163
211 285
36 292
108 275
86 192
79 229
221 255
30 118
20 148
99 162
171 228
155 296
258 267
17 142
269 288
75 231
184 269
38 229
5 147
91 256
35 91
21 47
9 191
129 157
211 229
71 134
67 157
167 289
34 59
9 74
80 293
16 202
240 262
245 267
87 253
58 231
131 289
50 278
22 159
259 286
30 88
120 297
149 162
217 235
221 278
