100 750
27
34
57
67
31
103
55
94
114
81
52
81
27
43
58
41
57
119
40
47
42
75
75
29
64
82
75
107
84
100
42
43
114
31
43
25
67
78
52
113
91
36
75
99
60
113
72
97
65
92
76
39
99
83
48
43
46
55
30
62
35
105
37
29
116
60
87
63
119
71
109
90
87
64
21
79
109
73
56
54
97
64
73
28
28
53
52
106
88
114
48
55
51
65
65
48
58
84
43
57
5 73
30 91
14 88
50 52
73 97
4 17
33 37
18 68
6 68
21 86
32 68
10 75
12 21
76 87
41 72
14 33
15 64
3 81
33 66
53 91
2 57
28 39
49 91
9 11
7 30
91 97
51 59
24 66
54 72
1 13
34 78
46 79
50 60
1 16
54 93
7 48
12 88
55 87
89 97
66 96
15 79
40 82
6 75
7 99
12 60
43 64
43 46
41 97
4 42
49 65
25 97
9 97
37 65
16 54
82 86
2 17
42 97
0 72
1 59
65 71
19 87
8 65
1 31
14 87
44 80
36 93
57 86
22 54
23 70
28 61
30 52
1 78
30 73
74 89
8 37
26 52
53 68
40 55
49 72
42 43
29 96
3 4
31 66
65 70
62 96
72 87
26 98
13 16
4 47
76 84
2 56
4 10
43 59
15 59
54 55
84 97
0 50
69 89
6 32
46 91
2 15
29 33
65 98
13 97
2 73
11 49
54 76
71 73
65 84
20 38
35 38
5 41
36 46
20 62
4 53
7 18
21 51
36 86
1 85
51 55
1 58
66 86
7 39
9 72
48 76
14 45
2 35
7 23
48 69
43 52
61 75
11 96
64 99
17 34
84 86
73 95
39 87
46 81
31 91
63 91
26 73
65 81
50 65
2 45
29 70
33 59
75 77
12 33
17 93
50 66
37 64
46 57
83 88
53 89
32 47
21 69
58 86
54 60
4 8
6 74
38 65
40 92
79 85
29 62
26 51
9 18
53 72
13 49
7 97
28 45
56 70
14 24
16 18
32 74
44 70
4 39
32 38
17 48
10 17
21 47
30 61
31 71
27 78
24 28
58 98
72 80
22 49
7 43
23 39
15 29
67 95
44 47
16 85
6 84
37 43
1 19
57 72
51 84
2 31
8 60
30 41
4 85
80 90
11 13
19 41
28 67
27 60
63 97
69 96
81 85
35 65
22 57
8 59
14 58
18 91
21 74
11 59
89 91
63 67
47 82
43 82
45 75
23 40
14 74
8 79
61 65
20 53
11 25
17 86
13 82
41 90
24 68
68 95
10 62
44 83
9 65
36 87
10 80
24 59
6 20
56 67
9 85
39 63
32 55
22 39
15 96
43 83
5 53
18 49
15 83
3 37
69 93
63 70
75 83
26 94
20 35
83 85
8 11
15 63
2 90
12 70
55 85
53 90
13 24
39 80
7 28
1 83
97 98
24 71
49 81
54 70
56 84
45 89
5 67
22 60
24 47
32 92
80 97
22 45
21 61
25 29
60 90
39 82
5 59
16 92
54 86
46 90
36 42
62 87
48 93
84 92
28 72
4 24
77 98
49 99
11 26
53 80
46 93
19 61
25 90
37 47
15 90
3 25
4 18
3 88
68 86
32 45
33 84
47 96
28 60
1 99
42 46
13 45
7 35
38 54
6 24
49 96
0 61
19 64
29 40
8 91
67 75
3 6
9 54
52 83
20 77
17 50
57 91
4 81
29 63
39 60
31 60
13 99
2 96
53 74
9 69
57 89
7 86
6 29
11 16
63 80
2 40
22 40
52 55
23 72
4 5
35 71
3 23
57 90
16 71
11 41
16 82
28 89
44 45
8 52
44 76
16 63
18 66
21 39
78 93
43 81
49 98
56 92
27 55
18 60
39 55
19 54
44 51
15 48
12 92
75 92
10 60
45 81
49 90
12 44
61 71
27 42
5 50
7 66
68 79
7 56
34 62
30 78
65 94
77 78
22 38
4 98
1 33
32 82
44 92
15 27
21 57
15 43
2 71
33 40
41 81
16 99
3 30
20 46
76 77
14 98
54 99
32 64
56 96
0 15
92 94
10 67
17 39
2 12
31 46
62 98
18 88
16 37
37 54
19 23
69 79
15 36
60 79
30 46
50 62
9 31
41 73
72 85
19 28
6 33
26 71
44 46
11 83
13 66
36 72
85 94
52 67
30 98
12 13
26 44
53 63
9 56
79 94
28 98
74 86
0 84
30 57
21 97
10 65
87 90
24 98
28 66
63 93
31 59
46 71
2 44
27 82
2 94
69 78
54 78
51 60
51 78
13 90
11 20
4 14
28 95
22 91
6 88
16 52
7 92
12 20
6 89
10 74
28 37
80 92
27 45
47 83
49 57
3 85
44 78
29 84
32 84
44 88
48 88
60 95
18 34
47 55
40 63
5 95
84 85
20 40
32 49
21 35
18 35
16 65
2 49
48 98
38 48
85 87
47 60
22 78
22 82
45 86
14 91
92 99
32 75
59 71
82 93
47 69
11 12
65 85
62 85
52 64
3 33
37 93
12 50
32 71
9 34
29 48
0 73
0 28
6 71
40 87
34 64
9 27
46 99
61 93
31 57
9 62
32 66
47 52
28 42
53 94
2 5
8 22
62 76
9 48
20 47
7 13
8 90
22 25
6 82
15 80
45 98
44 99
3 93
8 72
74 88
13 62
82 89
24 82
34 73
43 55
50 72
33 68
40 43
46 58
77 90
13 22
41 65
18 96
58 91
17 65
37 58
26 62
35 48
68 76
68 69
63 78
15 41
69 81
15 62
34 46
4 58
25 62
55 90
16 31
89 90
5 25
20 82
51 82
55 79
3 75
0 66
16 53
7 74
23 49
36 95
57 94
6 8
24 39
15 74
29 32
7 98
34 75
43 79
14 92
2 50
11 39
5 45
49 69
75 97
36 78
41 59
23 91
18 98
44 52
16 25
40 68
6 95
12 49
51 56
5 12
45 57
11 94
8 78
22 67
29 38
31 95
23 59
17 19
12 94
4 35
62 82
10 26
18 83
29 47
24 74
4 87
43 47
2 85
24 97
39 68
25 37
11 89
31 98
55 71
0 64
27 49
20 36
48 55
35 43
9 20
59 67
37 85
27 28
62 65
39 51
38 96
42 96
3 71
65 87
18 28
24 45
66 93
41 88
55 74
0 11
79 92
54 92
83 96
5 93
21 53
44 87
37 84
22 87
11 67
12 85
39 43
8 14
36 77
55 69
12 53
12 57
18 26
23 96
7 63
75 94
82 94
37 73
19 73
3 72
24 40
4 79
29 43
13 56
61 79
3 38
32 41
58 90
91 94
17 58
28 43
53 77
1 98
22 46
50 80
24 52
16 60
37 77
77 91
29 91
4 20
66 81
95 98
24 76
55 75
66 88
18 78
64 94
53 78
21 23
15 31
50 64
63 99
16 67
66 91
55 72
68 73
24 84
21 37
42 47
14 68
44 84
8 66
19 89
75 87
79 90
6 46
33 70
18 58
51 58
50 94
64 68
63 88
8 62
37 42
4 69
18 67
32 85
26 59
42 53
27 93
58 89
1 88
94 96
36 63
6 15
61 77
61 99
22 90
28 35
35 37
7 46
35 73
