200 2000
119
47
93
77
28
54
117
76
91
93
107
28
70
60
40
49
20
106
58
59
46
59
88
85
90
34
93
25
68
108
78
68
36
104
77
96
38
26
104
110
99
91
118
102
31
90
83
83
76
21
75
102
113
43
119
83
57
93
40
58
33
50
106
101
34
115
77
105
22
113
95
53
85
45
35
48
115
99
112
23
52
67
57
97
42
108
112
79
33
32
69
47
63
107
80
29
103
38
114
105
31
41
90
48
118
106
77
65
37
21
68
21
20
57
99
42
46
91
53
111
56
103
38
51
90
99
60
73
69
107
110
32
80
81
113
31
119
22
76
88
23
77
41
23
66
20
45
44
44
30
36
32
113
106
63
84
85
55
89
86
42
80
51
55
93
44
66
44
46
74
112
101
83
33
104
30
86
81
54
62
91
70
74
37
57
117
101
74
52
22
93
27
82
24
114
107
100
112
31
26
167 195
45 128
36 120
98 161
157 176
5 44
65 186
67 137
94 190
17 76
39 137
22 58
16 139
12 90
83 118
2 3
0 113
83 149
44 72
1 48
70 139
6 181
12 76
23 89
67 160
63 126
2 128
93 168
85 86
39 96
48 199
101 122
118 120
101 120
58 119
59 117
98 129
17 141
126 193
30 146
45 105
24 34
47 192
84 127
31 175
76 182
23 198
83 95
117 136
167 188
84 195
76 199
135 169
13 17
0 162
67 159
45 183
45 53
128 132
129 159
5 107
82 141
156 177
25 177
65 145
13 60
165 181
116 136
106 134
48 130
41 106
67 103
121 177
100 105
30 53
16 113
109 187
95 195
86 125
120 152
22 86
3 164
3 101
72 89
7 154
65 137
4 195
120 124
21 77
29 83
3 45
142 196
143 155
190 193
20 62
42 97
62 100
103 198
70 163
122 192
129 176
123 139
11 86
48 115
32 77
187 198
75 146
82 182
42 72
62 127
25 134
35 57
55 87
2 90
77 83
5 124
15 164
26 176
11 118
54 68
81 198
32 167
9 15
104 142
23 191
80 167
6 178
68 87
8 116
84 151
68 121
50 99
22 78
26 140
32 89
39 161
65 128
72 80
128 137
23 112
119 142
97 193
80 149
109 166
69 149
70 194
45 89
112 120
123 147
4 164
131 165
156 197
45 180
77 134
52 108
47 180
40 147
29 48
72 147
157 173
103 169
44 58
149 164
24 122
63 79
141 147
97 196
42 144
77 173
137 176
175 178
69 125
99 167
173 192
46 82
165 167
9 186
135 178
100 126
111 141
52 131
88 128
32 149
122 178
50 158
68 136
26 137
13 193
138 188
35 137
20 103
6 154
112 132
141 190
33 53
132 164
20 57
44 159
5 166
137 163
5 17
43 51
64 95
83 188
2 126
70 174
25 29
93 181
74 157
84 142
79 168
59 137
103 140
96 145
70 185
60 87
63 191
38 130
70 79
81 121
144 196
25 56
169 189
71 78
63 107
21 143
75 80
15 80
128 183
53 113
113 173
56 92
37 174
68 94
45 168
41 102
112 158
19 33
90 99
111 162
84 197
24 57
137 164
39 148
17 152
131 153
46 78
67 187
20 34
65 135
2 37
59 66
78 147
46 51
162 168
117 161
18 47
141 163
108 132
63 125
17 37
56 115
15 196
134 187
69 182
5 136
16 59
2 158
5 94
5 14
118 167
83 166
24 136
130 196
108 145
122 145
114 130
60 129
78 194
60 69
16 26
27 196
42 150
136 185
142 155
102 123
60 185
41 149
123 161
69 145
67 69
15 183
27 150
28 65
89 190
85 112
17 154
36 154
42 191
97 144
66 157
60 81
42 58
4 183
4 111
23 78
140 173
5 106
2 80
22 91
3 128
39 109
116 193
60 151
42 47
0 78
80 138
58 122
14 74
78 185
16 38
11 18
122 175
154 165
8 66
21 176
15 137
5 82
33 160
3 65
32 144
112 155
34 165
108 186
124 180
18 139
109 140
14 181
85 147
103 168
144 155
77 92
111 159
50 71
115 145
26 177
11 181
42 46
99 180
79 154
93 104
49 196
30 155
10 40
129 178
85 95
74 172
129 185
132 179
57 77
35 95
54 106
48 169
68 104
29 59
85 99
100 104
59 82
44 130
12 51
147 175
49 97
26 119
35 51
44 158
5 80
79 87
48 63
135 168
68 116
27 167
2 83
19 36
95 102
32 146
7 114
11 45
57 165
92 189
147 168
49 136
15 152
136 168
16 23
36 136
115 140
94 156
175 198
45 82
77 114
191 192
37 122
2 179
144 154
23 75
91 159
76 196
126 164
94 164
52 187
79 131
87 167
117 125
7 62
92 163
74 107
83 196
38 96
3 127
150 182
25 78
61 106
173 187
70 89
57 82
141 165
60 89
4 14
66 130
93 174
48 110
152 194
0 44
123 184
3 166
33 73
134 191
117 139
73 161
6 107
148 171
60 72
8 76
26 138
0 95
5 183
48 87
44 151
40 135
43 167
53 192
29 197
78 120
114 152
82 120
5 59
68 84
29 65
91 112
119 159
55 92
92 165
134 137
56 156
9 130
49 159
6 127
31 120
31 65
41 43
61 70
114 131
151 175
15 67
88 156
44 150
13 32
14 54
12 143
125 133
126 192
14 120
139 199
102 134
33 190
48 93
8 121
27 161
50 136
38 184
46 197
70 100
13 163
56 113
140 198
132 133
53 76
15 146
0 52
101 195
149 185
88 145
2 70
159 173
4 109
50 197
20 58
21 151
16 33
77 125
11 14
42 57
64 156
57 69
108 159
46 64
60 152
83 191
116 154
110 194
177 191
35 161
64 163
56 197
80 86
46 122
97 132
88 113
40 97
100 182
8 46
21 146
90 151
57 104
6 98
41 129
5 171
28 145
25 154
28 114
23 163
63 112
76 152
11 160
53 121
9 151
142 160
41 46
0 170
90 96
89 136
107 171
46 116
0 87
93 153
116 181
93 116
145 179
91 198
3 156
12 165
106 154
78 148
0 104
0 148
84 90
61 90
136 143
31 129
22 89
70 136
5 90
21 115
65 150
58 112
68 77
175 183
5 123
5 88
40 71
47 107
82 108
50 171
33 189
11 12
34 170
53 175
74 149
77 167
87 139
16 35
10 62
68 151
85 191
73 156
121 184
15 18
66 181
123 189
51 153
86 173
140 187
89 100
14 177
56 153
64 91
79 121
25 54
91 147
168 172
0 152
15 45
123 179
81 112
85 102
18 188
5 58
128 159
94 143
88 150
96 153
170 194
0 32
131 195
91 163
91 103
68 101
59 191
80 140
55 182
73 177
36 170
31 51
125 195
83 194
28 42
174 188
164 172
159 174
17 103
75 159
61 95
60 120
38 92
12 45
74 190
119 196
102 178
47 173
27 193
7 8
188 197
152 181
107 169
25 64
77 91
90 136
148 186
10 176
40 174
21 114
92 116
62 94
62 194
19 174
28 55
181 195
115 177
98 100
22 164
75 99
7 11
145 189
151 159
121 151
78 142
17 146
35 80
181 193
12 142
149 155
89 192
97 121
4 197
20 26
95 113
19 107
18 65
123 186
153 170
80 187
67 99
19 92
49 113
57 156
1 63
45 160
49 123
143 157
22 28
106 190
49 142
7 77
0 68
73 153
5 129
141 149
14 106
77 98
60 144
183 189
98 145
78 173
68 120
31 62
109 118
21 138
61 166
128 167
9 192
133 172
21 110
27 125
80 125
92 154
21 144
75 167
153 194
92 115
124 173
91 129
33 151
29 46
109 117
13 109
71 185
181 194
106 191
51 61
72 83
157 158
151 191
63 84
148 160
80 145
120 191
182 194
142 176
101 175
34 102
92 153
47 175
4 177
85 169
100 155
5 174
89 165
74 121
62 125
53 134
57 197
10 179
3 153
108 131
10 54
99 165
163 164
74 140
112 168
61 75
12 18
49 53
75 183
45 174
109 152
51 150
61 118
74 129
14 189
5 21
122 199
114 120
86 146
6 7
10 20
23 81
39 83
3 158
20 111
23 64
13 182
84 94
51 56
13 84
24 35
87 96
102 173
42 109
5 179
13 129
28 168
8 96
54 143
11 115
75 117
82 138
10 174
18 177
13 177
1 32
0 71
49 102
45 92
163 176
93 97
77 189
13 85
85 108
49 92
23 161
76 113
44 86
40 173
57 169
41 186
112 172
41 157
4 16
65 86
27 49
63 142
65 180
157 171
147 181
57 118
12 114
52 96
87 153
25 174
97 194
12 106
53 69
16 86
9 102
59 151
46 81
122 146
45 178
103 159
144 174
157 168
40 64
128 161
153 163
117 184
6 22
38 122
44 132
92 195
173 191
65 193
120 123
62 175
7 34
116 142
19 29
22 189
165 175
101 104
45 126
107 167
116 151
8 51
99 194
44 134
6 59
122 168
133 154
81 187
157 197
26 129
103 118
30 143
174 197
75 101
104 195
8 169
46 130
41 59
64 103
22 52
23 126
155 178
7 142
87 156
126 183
78 86
61 157
75 184
114 132
83 179
140 178
13 199
29 171
23 54
51 78
7 150
8 157
95 101
114 125
49 112
3 198
127 160
11 155
97 125
76 87
9 179
6 174
130 177
4 184
1 55
14 151
62 174
60 164
70 126
41 134
44 127
7 84
96 157
54 162
1 21
130 182
89 180
62 157
66 161
67 198
16 165
31 170
139 183
9 147
109 188
95 189
180 184
141 196
76 158
49 195
78 111
32 91
167 189
33 105
102 103
53 70
68 175
8 53
0 158
20 169
17 140
77 161
18 25
115 166
26 74
69 163
126 199
101 148
29 153
50 124
129 177
10 39
130 131
11 22
148 172
97 99
70 129
122 196
36 149
80 174
7 195
121 143
60 103
97 184
153 178
114 163
169 196
46 181
18 195
70 105
44 187
140 167
135 176
68 110
8 27
3 105
179 186
47 98
82 147
35 183
49 125
47 150
45 196
64 180
36 134
24 26
155 160
2 175
10 70
2 127
63 106
140 188
11 75
23 88
125 173
135 170
115 170
113 186
72 153
101 177
8 98
100 137
135 159
62 138
27 87
31 145
43 171
6 134
46 109
46 123
83 182
32 49
70 154
105 124
3 84
21 132
56 68
70 133
158 172
98 141
93 117
51 112
99 110
97 161
34 196
31 80
81 153
112 175
17 187
71 99
173 184
45 181
4 178
51 114
101 150
55 67
119 146
45 71
29 32
15 143
174 180
95 133
60 195
160 177
18 102
63 96
35 52
41 87
143 166
87 163
34 92
73 84
18 179
89 198
106 184
83 113
95 144
60 74
31 55
103 128
88 155
3 73
31 143
46 194
30 90
67 180
164 198
5 46
148 152
31 141
18 38
30 127
112 134
40 61
108 190
4 145
159 196
27 171
85 174
108 154
24 152
105 151
53 181
103 122
37 73
116 160
72 104
2 117
65 192
21 25
90 173
61 181
84 153
90 121
33 74
114 138
95 177
80 144
170 181
106 130
97 162
99 155
20 79
57 92
134 193
30 174
183 195
10 25
62 84
48 68
110 182
87 138
30 82
0 167
25 63
82 112
37 187
12 19
9 56
3 76
58 190
129 137
92 194
8 162
30 176
56 86
147 165
147 173
29 92
45 99
118 133
105 157
169 171
76 132
152 177
163 169
104 157
19 61
37 117
1 126
75 118
0 73
17 102
147 162
50 105
20 173
26 96
4 57
1 145
123 164
114 180
73 127
151 190
116 152
116 191
23 189
40 191
35 44
109 191
111 150
48 170
27 36
18 93
19 183
56 135
38 160
99 151
19 94
42 117
9 33
5 109
21 170
33 197
69 93
63 176
115 159
57 83
17 170
56 114
49 131
34 45
139 149
53 191
8 14
70 177
19 198
168 192
26 121
14 117
45 47
4 112
21 172
35 38
29 166
75 87
0 188
127 180
20 109
149 191
59 93
111 180
119 180
25 175
181 185
40 109
3 75
147 184
187 193
11 145
130 175
107 150
9 122
16 158
75 114
51 177
55 123
153 158
183 194
129 179
165 169
89 120
188 196
104 189
134 151
36 198
7 58
27 159
25 117
102 168
2 110
43 160
15 37
96 144
61 169
10 65
13 133
189 198
154 174
57 88
55 77
77 87
62 188
13 169
100 167
31 95
46 80
85 176
160 189
16 122
14 126
80 111
169 188
17 121
176 198
105 191
138 171
122 151
92 174
70 123
70 150
107 122
17 78
67 113
129 141
55 143
53 136
84 174
57 101
141 158
130 145
16 48
22 190
98 118
21 60
20 119
37 99
32 119
118 161
60 174
57 65
110 141
119 191
142 194
126 153
35 71
57 119
189 194
6 155
10 127
62 126
110 116
35 133
24 145
9 81
11 71
2 174
120 190
96 116
108 187
58 87
33 118
47 73
153 166
69 72
76 157
102 113
65 133
107 184
20 174
28 68
42 53
29 152
114 192
32 87
25 87
10 97
121 183
12 80
78 184
50 198
46 186
57 66
37 161
3 134
39 43
157 185
24 183
141 160
111 198
26 160
9 161
41 81
125 159
177 190
27 140
138 140
14 197
4 127
90 187
19 81
64 139
44 80
25 107
3 30
39 68
32 90
10 61
172 189
139 155
95 121
117 137
19 90
88 181
83 132
60 61
92 192
12 63
83 180
68 113
22 174
54 78
19 175
26 66
99 175
9 113
51 160
2 78
22 167
57 184
45 51
43 118
89 181
7 125
121 161
183 193
23 95
42 167
89 169
67 155
27 179
57 158
29 180
13 176
28 189
11 107
52 71
79 89
2 177
122 152
47 138
127 145
70 188
95 112
109 114
67 88
93 177
98 122
74 109
88 98
51 102
6 126
47 55
33 157
49 109
53 108
67 179
114 193
91 102
110 180
73 143
39 41
147 148
122 198
38 156
0 46
3 109
5 79
170 186
78 144
39 163
77 100
57 87
10 30
1 82
23 30
90 149
17 100
8 164
56 164
54 60
73 85
17 43
71 161
63 122
77 131
47 106
32 86
116 194
116 198
139 196
28 97
182 198
146 197
6 54
60 111
66 136
83 145
132 168
54 196
73 183
137 183
169 180
69 96
116 138
46 112
29 75
11 161
25 111
31 110
117 173
43 183
18 41
60 166
44 47
185 192
172 179
48 106
20 22
18 186
0 45
70 179
89 111
28 101
62 96
124 163
36 181
97 165
91 93
72 102
8 63
35 72
59 183
21 54
27 51
6 21
122 132
48 175
110 112
72 75
34 60
8 152
108 157
171 199
15 26
99 179
50 114
56 110
136 137
108 109
95 182
95 194
106 157
182 192
42 190
96 151
50 165
50 154
136 180
65 68
31 67
141 182
70 76
78 136
126 180
118 126
21 27
32 179
9 166
51 124
2 159
26 41
72 142
94 125
14 170
44 147
79 106
170 176
5 144
3 38
12 75
156 199
63 65
18 20
25 158
126 186
13 175
107 192
6 52
77 199
50 135
79 173
36 111
69 114
26 144
79 183
142 144
48 116
25 112
26 39
12 58
33 102
85 132
108 161
37 111
36 159
104 105
25 131
1 104
66 97
66 199
111 165
92 191
102 104
13 50
35 81
13 115
121 176
126 158
39 174
26 75
82 85
62 132
85 165
31 119
70 183
181 190
36 92
46 94
49 127
116 129
2 92
92 170
112 131
96 138
158 181
42 173
138 195
114 128
63 170
20 184
118 163
7 162
8 106
101 107
87 183
23 131
68 185
98 101
151 197
130 161
104 125
52 184
22 192
47 128
163 194
46 156
104 170
24 116
7 35
86 192
55 139
6 42
136 183
18 68
125 144
143 196
87 109
157 170
16 164
14 72
119 188
25 95
117 181
18 172
12 72
8 131
151 195
92 178
74 76
40 138
119 127
144 152
63 161
140 180
36 193
5 111
169 175
35 42
166 188
2 135
118 181
27 146
55 68
84 168
31 131
98 110
42 50
12 62
105 155
50 144
143 149
64 113
125 149
65 106
61 67
0 185
180 194
49 84
0 168
169 183
67 100
93 150
114 166
58 63
158 169
82 160
22 85
129 183
102 142
136 188
72 82
34 137
106 193
17 93
111 126
35 195
19 110
34 154
80 192
14 157
117 141
19 95
37 144
156 173
110 157
150 191
43 95
71 190
42 82
36 52
76 173
5 69
123 187
82 162
106 142
64 72
38 45
108 116
77 97
92 124
124 148
6 35
87 190
19 43
60 106
66 191
89 189
13 83
85 195
100 186
73 130
133 190
65 67
27 191
13 62
150 156
145 150
127 162
51 70
28 179
49 169
62 68
5 64
105 147
2 29
39 118
98 184
150 183
133 160
58 110
78 137
73 81
7 53
8 60
81 175
70 180
97 169
15 151
34 171
105 134
70 162
3 145
115 172
30 178
60 119
3 142
56 127
135 154
115 158
79 132
152 183
30 167
18 153
53 75
76 116
13 30
48 97
31 44
75 104
78 150
29 198
22 117
75 140
25 138
90 106
8 137
10 178
63 90
5 6
91 187
20 140
16 85
123 160
72 73
71 191
30 55
172 176
52 116
142 199
105 141
42 195
32 85
38 58
91 150
42 110
31 165
23 104
166 190
175 197
151 196
67 168
143 161
15 68
47 171
105 181
37 197
63 83
12 77
44 125
100 194
137 148
66 75
62 134
26 104
45 63
6 24
134 173
23 57
128 173
10 190
26 77
25 90
86 103
3 50
186 187
84 121
39 177
84 99
57 154
156 195
0 179
93 108
56 143
169 185
27 33
74 113
51 140
13 162
64 135
98 112
18 140
135 155
55 154
99 101
42 62
48 109
142 163
27 188
79 141
14 171
28 144
9 133
115 131
112 179
4 181
137 198
139 173
147 188
87 127
0 142
82 109
190 197
51 169
82 185
62 152
138 180
16 47
70 80
26 51
24 85
140 176
128 197
77 123
75 168
2 19
9 184
188 199
130 137
22 193
41 76
0 173
166 168
20 188
46 48
133 192
71 132
13 185
97 133
61 116
135 197
77 86
160 175
1 16
153 188
154 189
9 121
143 169
55 79
19 69
99 184
54 197
67 117
52 65
17 143
91 154
66 151
66 104
6 83
57 72
113 178
34 56
106 143
114 121
172 175
99 182
16 121
1 187
112 130
33 125
130 143
13 89
146 150
38 63
72 76
71 127
35 186
32 113
7 131
81 95
49 100
19 150
96 185
115 183
40 72
81 142
119 170
46 157
180 191
57 125
111 146
25 51
62 72
132 162
121 152
35 93
102 172
37 189
39 181
61 120
31 75
32 39
29 182
12 107
110 191
18 83
43 89
87 151
116 171
65 189
52 124
82 178
16 24
5 63
29 184
13 81
65 175
30 101
101 140
120 137
163 181
84 176
31 99
149 173
1 23
79 177
41 122
37 151
118 177
104 164
165 166
20 60
58 180
85 96
79 124
25 136
52 112
108 179
66 156
139 188
149 176
78 139
46 56
135 182
15 53
