250 5000
41
58
91
24
40
57
68
106
73
68
64
53
25
35
25
78
75
118
89
90
25
49
83
111
84
99
60
61
90
64
23
111
54
46
67
26
83
67
64
37
67
61
22
73
76
27
31
32
25
52
102
30
34
118
74
98
97
66
39
119
62
94
110
97
21
109
55
36
57
100
105
104
41
107
57
97
67
68
61
72
101
44
35
67
42
41
45
71
87
116
71
82
43
113
59
96
103
94
112
40
26
50
24
47
37
114
77
36
62
118
89
95
94
56
42
68
77
119
20
96
68
23
58
91
68
49
67
51
76
111
23
82
41
80
62
111
74
119
27
68
117
48
96
44
84
70
92
93
22
92
70
70
47
60
41
96
90
40
79
46
31
83
108
53
95
50
96
101
101
103
49
51
32
77
75
96
28
47
22
30
72
72
80
99
112
53
75
82
73
35
60
36
50
49
21
25
31
97
106
113
81
87
44
45
45
99
73
105
78
75
67
30
79
79
110
72
64
65
86
117
32
79
85
62
108
87
119
71
116
57
116
29
77
40
54
54
71
108
39
30
115
38
92
75
97
82
27
41
80
45
173 222
118 133
67 94
84 152
85 131
130 189
74 104
101 124
172 233
11 221
27 65
75 185
109 221
176 197
129 249
73 140
111 154
58 249
178 211
115 185
194 226
97 150
153 222
1 136
114 144
24 107
144 179
2 201
3 128
52 104
109 192
29 116
53 87
83 217
4 150
51 196
148 230
96 133
199 222
117 121
63 228
94 243
46 224
97 227
26 149
183 238
193 212
99 104
152 173
34 154
85 177
157 203
49 86
58 143
14 101
27 164
20 95
9 69
67 208
149 195
82 107
50 183
37 147
1 49
36 210
55 239
8 121
207 249
160 244
11 16
8 43
27 205
36 166
85 127
26 96
30 203
210 214
106 107
103 209
8 166
166 245
117 155
6 174
176 186
0 44
49 111
77 190
66 106
193 215
43 62
73 219
32 117
75 139
95 139
0 35
11 132
18 166
90 249
25 28
127 129
72 178
12 238
55 107
175 220
13 100
172 237
189 206
180 204
93 134
21 25
93 138
111 153
5 157
34 202
135 183
161 207
150 213
71 72
57 144
98 157
10 187
79 199
135 143
129 231
7 81
2 26
145 156
138 154
13 192
148 188
100 125
190 207
29 102
113 159
174 211
168 184
100 148
144 235
68 235
23 66
26 75
73 93
34 231
47 227
166 173
47 150
4 118
90 220
34 204
60 231
149 165
64 96
183 249
60 235
1 83
51 179
211 246
2 97
227 229
2 246
43 247
115 152
48 95
184 187
49 168
66 244
68 192
67 232
42 125
126 154
58 228
41 55
54 159
134 139
135 139
136 238
31 141
79 206
88 143
13 137
62 109
55 232
38 51
151 176
56 182
154 160
62 114
54 168
193 221
154 212
41 180
63 201
34 157
142 224
7 152
213 214
18 116
19 48
158 200
91 195
6 202
103 120
14 157
87 140
45 202
50 235
1 188
48 74
10 43
48 162
11 50
19 229
27 131
38 40
79 86
86 140
57 154
50 244
93 196
143 197
33 135
82 246
6 61
109 227
21 129
102 222
103 148
39 231
61 143
126 227
117 248
158 213
59 123
208 216
5 7
141 212
142 208
55 75
52 67
16 88
181 238
42 182
23 193
189 221
50 186
65 185
130 167
93 142
153 189
47 210
160 172
154 188
13 131
50 61
65 77
98 240
32 167
30 110
55 103
94 151
69 153
29 172
199 224
166 241
127 229
38 139
49 78
32 145
91 206
8 82
72 135
52 208
91 104
12 14
166 194
106 200
87 237
36 224
141 211
27 42
18 167
169 181
178 245
188 202
134 136
7 209
165 173
98 187
29 144
135 205
42 94
69 224
37 181
60 62
79 182
112 228
75 101
40 155
14 26
42 62
1 147
70 171
18 121
48 110
16 167
35 212
10 210
133 243
47 53
133 229
81 91
132 209
223 236
28 158
137 158
131 161
2 228
32 190
50 150
85 108
170 215
197 200
97 163
68 248
76 227
19 202
160 161
147 151
162 236
27 123
11 70
136 150
13 169
91 165
51 171
102 238
50 221
189 236
39 249
54 177
16 108
177 196
19 200
5 176
203 214
66 117
36 181
127 138
96 162
178 199
1 150
101 191
202 237
144 230
129 247
2 177
26 124
127 202
193 231
7 212
74 227
116 182
70 107
204 243
24 232
153 235
25 106
115 176
9 58
9 39
108 113
134 216
196 237
188 219
139 195
181 219
121 215
85 229
36 180
120 183
188 204
82 207
44 236
49 204
58 245
103 243
171 209
11 237
7 27
230 249
13 222
196 218
53 229
117 175
85 210
40 237
0 47
146 224
23 33
28 100
93 183
131 206
154 220
14 217
49 99
13 71
165 231
119 144
44 136
113 221
100 106
106 113
189 249
32 104
204 212
60 247
43 149
156 204
23 115
22 214
35 73
138 238
7 118
106 234
52 97
10 77
43 49
49 219
73 232
47 81
130 244
29 44
37 100
37 153
59 124
94 107
37 64
115 123
19 170
100 220
29 121
100 143
170 227
104 174
54 126
98 171
185 237
21 223
140 247
32 212
46 229
69 185
36 43
58 66
55 130
166 187
2 161
24 37
63 138
117 128
78 117
38 155
66 161
58 230
11 114
20 57
93 192
95 239
5 228
73 136
221 240
86 110
14 76
174 245
143 193
83 175
48 241
130 245
50 108
172 245
17 190
112 114
31 93
118 188
106 127
113 200
96 199
60 212
26 86
59 219
230 235
53 130
150 226
11 128
6 110
51 127
165 196
228 240
8 210
18 237
66 132
162 187
81 100
107 226
36 186
166 179
21 84
47 247
86 160
126 196
166 177
73 214
165 194
44 203
63 125
190 191
195 230
128 205
80 182
17 218
91 183
82 203
39 88
66 242
10 87
12 95
40 76
121 178
95 155
137 184
199 231
117 154
109 197
188 197
8 214
66 249
19 99
40 81
160 175
99 208
37 156
112 113
142 196
143 234
20 47
30 246
3 213
43 95
12 161
52 79
3 160
93 200
145 213
18 104
55 62
10 174
58 169
5 66
201 216
83 128
212 231
67 231
179 194
59 111
15 90
1 138
18 190
94 164
153 215
68 120
20 130
41 242
40 161
93 149
27 127
176 191
8 158
9 55
87 222
114 177
104 237
5 178
44 125
21 50
90 141
118 212
21 212
106 163
5 225
6 204
134 183
142 146
7 91
30 197
61 229
207 216
17 238
62 73
95 215
55 214
184 236
110 119
225 248
23 224
30 82
30 216
65 176
109 156
158 183
14 186
220 245
89 230
156 233
151 198
1 217
89 105
3 225
2 199
75 200
33 78
108 207
22 101
137 210
30 70
68 119
187 191
19 63
30 149
34 175
28 97
107 118
30 169
82 109
39 96
155 217
69 147
136 177
59 131
102 207
127 246
43 191
15 176
90 191
39 62
71 165
189 196
22 78
211 233
13 57
124 230
124 213
151 242
10 135
52 69
179 237
65 133
81 222
59 164
121 124
47 204
2 138
13 237
50 81
94 246
121 209
24 176
97 180
17 107
65 171
154 177
202 242
27 37
175 198
151 191
69 247
60 199
0 38
73 81
88 171
27 149
42 203
174 241
43 133
50 99
26 214
18 205
120 242
45 148
43 89
49 214
86 248
24 188
97 138
19 226
19 148
126 163
102 152
87 155
4 195
11 138
132 195
29 104
39 177
2 82
52 118
71 152
41 143
14 21
40 119
15 97
55 117
62 249
56 194
168 194
50 205
87 241
31 155
116 157
113 234
12 61
40 214
35 84
107 207
152 226
99 167
74 154
90 217
120 135
137 177
38 128
45 116
11 232
54 227
68 116
109 239
175 182
39 144
46 132
117 231
65 191
201 238
57 117
42 89
31 44
16 82
11 235
125 229
34 69
102 138
2 91
99 184
95 119
75 103
192 244
59 85
134 175
11 103
155 232
26 44
38 60
49 211
147 190
26 217
76 128
78 207
56 72
114 191
151 189
44 247
132 231
57 118
8 68
73 240
75 117
113 119
29 80
14 177
41 122
199 246
169 203
93 129
111 244
34 114
35 181
112 167
14 169
23 137
62 89
115 164
179 234
61 129
143 166
39 90
86 184
206 238
117 141
49 104
111 186
147 218
80 219
85 166
101 156
42 210
70 76
102 206
79 163
81 105
117 118
191 208
73 184
75 225
38 39
6 13
38 232
56 189
142 169
64 130
135 185
58 243
220 237
2 181
49 114
19 107
150 231
157 227
53 84
224 234
194 247
82 232
123 229
0 140
16 205
130 201
90 188
77 194
159 227
60 181
38 91
159 188
82 124
64 66
8 200
32 165
92 246
24 246
40 127
130 225
21 65
59 76
101 240
192 239
28 171
68 117
51 80
192 247
142 219
107 134
26 52
34 130
35 127
58 177
106 135
57 171
9 116
100 110
52 236
22 112
44 156
73 200
143 145
1 194
29 220
53 160
107 190
139 165
117 245
26 153
18 162
142 220
124 202
28 161
23 188
152 196
170 226
63 146
90 223
2 166
162 219
14 19
11 153
37 230
148 190
6 19
0 204
180 239
151 202
208 242
26 111
48 188
84 189
112 162
26 130
16 189
31 202
208 213
184 245
185 194
37 52
204 241
45 53
5 171
196 232
75 248
38 93
123 134
87 123
46 149
62 218
88 170
232 235
31 144
34 167
84 223
25 137
18 49
67 244
133 242
78 142
15 31
6 212
110 205
7 173
24 198
195 220
32 97
93 202
64 221
0 127
5 46
137 166
39 233
226 227
109 117
95 181
50 217
41 76
75 167
24 122
137 223
154 191
169 218
14 46
60 218
153 207
59 227
62 191
40 67
230 237
49 100
139 243
125 214
150 161
86 150
92 225
92 144
43 131
19 196
191 246
6 234
58 160
3 52
85 126
39 78
134 178
9 72
233 244
11 182
89 133
25 77
188 233
26 184
171 203
75 214
51 81
198 211
53 241
14 219
155 240
48 124
120 186
180 236
99 103
88 215
92 188
24 166
132 202
50 155
7 125
58 120
58 170
50 121
76 135
19 66
143 169
43 79
29 39
76 230
83 169
20 101
152 193
53 95
58 60
30 73
220 233
91 200
128 135
7 79
195 222
90 176
51 216
162 221
62 201
91 247
111 222
17 98
14 151
113 174
38 63
33 204
6 21
9 227
56 135
16 182
28 192
22 181
10 243
93 175
36 46
19 172
21 148
14 36
1 24
88 188
141 142
163 223
0 200
135 172
6 40
34 169
43 84
67 95
138 161
20 185
49 192
56 197
65 194
90 211
149 196
87 178
143 151
102 144
126 204
131 210
18 153
97 103
164 196
50 85
70 177
122 227
114 178
26 180
122 238
122 170
152 239
110 133
64 155
109 129
61 70
19 163
164 212
183 214
47 213
136 169
1 42
68 199
33 71
7 56
46 94
56 159
31 64
120 160
26 163
22 96
186 225
217 241
2 148
47 206
92 215
109 216
17 195
80 178
190 234
34 87
98 132
90 163
15 63
41 175
198 226
53 239
134 206
45 134
103 208
26 181
47 249
135 243
16 63
175 206
115 150
35 213
80 150
75 98
121 177
23 110
82 157
66 229
127 143
82 176
5 130
27 242
43 225
150 158
58 102
47 117
44 183
82 194
13 33
20 135
144 245
53 164
148 225
2 188
15 140
48 148
18 102
135 208
105 149
68 83
49 82
171 218
30 69
166 215
27 120
151 182
20 75
209 245
0 75
68 100
15 248
33 218
29 202
89 134
35 36
23 107
92 207
24 137
9 164
43 246
119 229
12 46
214 229
96 216
64 185
16 130
66 151
200 219
107 240
87 116
44 214
60 204
68 171
64 118
138 215
81 186
117 195
96 232
11 199
75 192
174 236
154 193
14 75
104 168
191 223
136 188
88 196
8 142
112 118
73 83
0 6
19 219
53 103
65 166
52 110
140 241
36 136
44 212
0 50
23 232
44 118
63 132
57 166
34 140
65 170
22 117
173 238
78 242
92 159
244 246
87 121
8 137
33 123
25 72
54 136
49 180
24 214
42 164
22 156
44 77
46 74
99 168
35 160
127 178
123 172
51 112
235 248
11 123
29 134
162 166
155 228
182 198
0 88
127 146
14 173
65 114
77 208
42 187
145 163
16 48
24 125
27 111
41 155
27 61
19 209
111 122
150 238
16 18
161 185
130 222
13 24
114 159
72 193
111 121
160 200
177 239
16 184
39 89
66 159
2 31
113 128
130 153
23 203
115 146
129 209
98 153
188 198
50 171
172 223
161 210
150 246
30 41
187 189
190 210
88 220
155 225
109 218
216 249
76 208
95 163
32 101
113 220
34 49
20 221
112 133
15 180
118 153
113 204
27 160
53 65
2 123
26 103
90 102
37 61
93 117
138 231
166 188
15 186
11 227
121 246
51 89
11 94
21 68
113 197
199 247
125 237
155 179
68 228
95 216
162 207
76 180
8 218
89 171
107 112
118 243
14 206
38 118
196 235
45 232
37 71
170 192
102 148
10 170
24 244
127 172
124 204
25 116
139 235
92 114
1 107
101 224
170 178
12 188
215 225
19 37
132 238
84 208
8 85
6 65
62 123
47 90
56 114
116 139
164 201
28 138
58 154
160 195
173 227
108 170
42 214
202 248
26 58
34 36
145 245
57 99
120 189
104 234
95 246
12 202
82 149
2 53
14 141
100 166
123 241
57 126
124 165
112 191
0 34
30 77
145 177
15 87
44 218
66 102
54 139
38 180
34 137
130 194
44 48
46 141
167 172
51 82
15 149
125 183
15 203
13 213
153 232
52 130
197 232
86 221
139 151
26 125
38 69
86 156
54 113
80 133
78 233
215 227
193 248
13 146
78 128
230 231
9 32
93 178
105 117
7 232
94 110
15 45
118 233
172 230
113 165
1 148
79 80
124 146
12 93
122 172
102 242
103 153
92 197
31 153
201 247
98 142
10 12
94 183
35 99
36 208
99 139
98 116
13 210
110 135
204 234
237 239
58 75
25 107
19 178
220 240
27 234
68 141
97 104
132 236
194 203
20 154
83 136
2 96
198 214
70 169
24 227
49 247
17 186
80 176
89 107
10 161
8 249
114 235
67 140
31 160
114 221
148 224
62 199
40 145
209 233
67 109
38 64
159 224
183 239
3 23
96 164
33 197
24 147
16 34
65 66
28 37
31 176
93 113
154 227
63 90
157 215
4 172
80 155
83 172
30 121
63 99
68 123
103 210
26 139
19 20
52 166
131 196
25 247
35 88
88 103
11 97
69 107
39 194
77 117
107 123
74 238
158 171
198 233
113 189
112 134
28 209
7 38
137 159
47 134
77 223
150 175
109 234
30 96
148 173
123 147
133 237
156 198
146 248
9 241
39 103
100 245
33 131
107 143
23 242
42 100
44 67
25 153
122 153
153 183
147 183
129 132
77 170
38 66
30 177
178 216
133 173
67 117
26 59
112 184
120 154
34 187
50 162
90 203
126 136
33 208
59 87
18 229
16 56
148 193
76 188
72 160
101 227
12 41
3 153
124 196
83 159
163 209
106 245
14 131
222 232
16 41
34 162
122 178
122 193
122 131
50 134
152 203
96 111
16 216
101 213
10 192
148 208
71 143
64 85
46 126
72 189
29 163
36 76
86 205
11 210
90 173
107 140
172 209
71 184
70 142
65 143
104 191
185 240
145 164
59 66
17 140
93 197
96 135
54 107
66 185
25 219
6 209
97 131
0 92
48 59
70 239
15 163
13 26
77 195
94 174
85 121
33 40
6 196
84 140
25 207
97 121
80 84
33 103
63 205
111 125
14 48
211 229
38 145
69 174
111 235
25 42
48 145
73 137
98 235
106 196
133 195
150 187
102 166
106 144
214 222
166 192
104 153
101 247
23 43
28 170
135 212
132 155
80 113
98 121
68 179
204 226
201 243
127 219
85 96
113 162
55 57
14 78
60 178
104 115
36 201
188 234
100 242
65 172
44 72
103 163
112 220
80 165
59 65
134 161
144 248
175 201
106 155
215 216
34 81
70 87
156 219
26 171
0 198
73 237
2 242
28 206
74 108
121 140
19 108
153 163
79 106
11 217
34 185
79 219
1 115
56 186
158 184
158 210
49 133
83 227
36 126
16 92
21 117
5 75
100 222
35 189
7 18
106 224
20 163
13 178
75 97
82 188
22 124
162 175
198 236
58 153
21 207
150 177
2 143
191 230
31 89
62 137
82 166
152 179
102 112
4 152
184 230
26 198
7 12
146 161
71 206
34 73
77 133
81 237
73 164
31 206
93 105
21 93
98 175
52 139
41 236
68 138
146 185
182 183
105 159
139 193
124 179
112 123
48 214
26 245
4 234
88 199
5 115
47 160
99 106
68 249
59 86
21 67
102 205
196 207
136 159
32 172
101 136
182 229
186 233
71 213
219 238
38 137
129 144
49 237
144 175
63 108
48 63
104 165
29 123
41 152
75 111
64 175
44 47
7 146
220 236
9 226
124 207
5 213
1 7
115 240
38 65
31 82
142 162
45 57
21 203
129 222
35 85
89 129
184 235
137 155
113 222
16 198
21 173
13 180
45 190
41 178
22 183
91 182
44 80
52 203
25 38
114 190
168 226
55 100
131 174
20 249
193 224
21 237
123 146
21 240
133 188
199 210
40 168
244 249
187 197
153 212
195 236
6 77
155 163
55 183
29 155
176 229
118 204
174 210
112 225
27 93
11 174
10 169
116 208
16 171
204 211
100 210
231 235
141 225
36 159
46 167
222 240
137 194
97 248
22 110
49 190
34 201
55 70
29 64
24 182
52 228
143 152
41 129
16 235
21 122
27 168
17 40
140 177
212 240
24 86
66 100
236 237
57 119
144 183
168 188
217 240
213 248
141 244
194 229
66 158
37 102
142 234
157 226
171 221
47 216
57 168
44 113
85 154
48 101
120 142
68 88
67 132
51 229
208 245
208 218
61 163
6 45
15 157
21 79
43 228
92 155
87 161
40 177
62 149
130 182
167 237
38 49
8 146
33 206
78 196
84 221
129 241
99 114
85 208
186 203
210 230
67 130
122 159
36 108
40 59
18 148
59 68
57 187
6 14
19 87
112 193
42 216
26 227
180 230
65 210
47 243
115 130
207 238
3 118
21 130
16 42
55 89
17 99
128 215
126 249
53 69
19 111
190 213
46 193
111 223
6 216
158 238
183 217
78 186
187 208
59 204
0 149
111 202
18 239
144 167
54 65
29 240
96 138
69 74
101 182
9 137
70 170
79 248
59 168
72 161
169 184
39 113
25 31
36 218
1 101
22 93
118 232
57 231
40 82
160 194
10 60
69 141
66 80
101 231
94 102
229 243
131 227
81 197
71 84
67 174
8 42
90 113
111 136
11 136
5 226
56 57
140 173
10 127
3 87
64 106
134 156
145 218
70 79
121 137
11 180
20 55
19 227
9 204
122 184
160 192
69 152
79 140
29 79
136 184
68 144
138 223
26 211
141 197
104 139
14 116
123 125
160 173
115 247
70 227
139 217
129 210
4 39
143 174
75 165
138 218
17 43
132 182
122 248
97 151
74 123
7 222
41 78
9 51
69 181
140 219
8 44
171 192
119 186
6 188
7 231
24 241
146 163
166 239
95 214
103 240
32 187
33 238
41 204
10 21
65 196
120 193
62 108
146 216
33 154
41 153
135 177
32 150
124 175
20 67
57 88
127 225
8 191
84 218
91 213
159 196
67 157
117 204
170 231
15 116
19 176
61 158
42 48
212 223
29 166
5 243
232 234
79 202
66 144
13 44
53 156
80 110
61 170
36 133
59 178
86 157
121 205
129 185
45 178
24 66
106 152
95 137
26 88
155 191
171 235
77 168
100 140
39 163
13 172
51 192
209 232
130 205
195 242
58 157
59 71
48 105
44 92
10 215
70 144
130 184
143 233
34 106
187 190
68 243
10 247
91 179
57 86
1 128
18 248
46 146
42 123
133 138
152 163
138 145
121 188
140 147
7 78
1 87
187 248
113 177
14 30
12 150
23 160
50 156
171 219
203 209
66 243
58 182
140 189
136 228
190 236
17 53
45 164
30 75
177 225
42 77
54 123
108 205
174 216
131 169
49 235
15 167
108 155
96 107
149 235
2 83
55 99
130 150
129 179
23 208
77 209
33 247
170 214
51 59
45 235
101 102
209 212
8 69
55 243
219 240
126 246
89 248
6 218
177 214
36 241
148 171
246 247
166 204
63 115
69 151
160 170
3 123
11 129
37 44
107 115
219 241
203 248
130 187
19 64
15 202
8 62
33 125
102 123
128 136
23 132
4 9
155 245
102 143
21 23
12 57
112 242
112 179
29 95
93 116
155 231
14 226
100 133
113 218
88 93
97 245
93 98
2 93
47 125
116 207
108 240
69 204
16 140
54 233
77 130
111 171
84 147
69 227
99 196
183 187
30 39
136 239
83 171
51 218
208 230
12 49
66 146
48 58
75 229
160 229
229 239
180 185
162 220
77 193
66 208
51 168
1 191
20 53
80 171
65 73
69 243
241 242
39 127
169 209
51 79
40 41
78 175
144 155
205 220
74 241
6 75
128 182
206 230
147 209
54 131
122 216
148 196
13 68
7 167
149 249
12 60
40 218
10 146
25 220
1 133
36 147
12 128
73 94
25 225
94 229
128 199
40 212
48 149
149 231
48 143
14 223
54 134
132 191
64 68
102 168
101 202
56 214
150 229
107 139
118 227
176 201
240 248
94 222
0 244
101 217
11 68
233 234
79 187
4 31
39 60
97 120
62 88
39 79
132 207
206 225
8 171
8 30
165 247
22 133
192 201
144 184
75 176
181 224
115 209
56 93
8 87
145 167
49 115
127 213
173 221
55 150
66 81
52 205
51 105
47 147
74 142
116 122
81 107
52 83
170 240
60 237
189 210
43 91
75 108
70 100
182 220
13 155
36 59
189 219
165 218
159 236
42 211
1 25
144 210
114 232
118 176
103 115
185 227
159 203
155 210
24 44
37 85
64 72
73 135
29 210
14 135
16 117
230 239
141 157
6 210
66 191
198 199
26 222
95 148
68 180
37 132
85 104
90 239
10 50
121 145
13 147
154 228
156 188
13 18
204 227
175 186
5 65
0 202
170 213
103 235
52 191
188 244
33 199
147 154
63 94
143 209
62 121
114 218
127 162
89 139
25 183
41 167
90 167
95 156
80 87
124 197
87 157
146 234
61 93
48 204
18 177
89 181
20 247
33 81
147 248
74 90
17 21
206 246
5 102
49 226
53 235
46 223
50 102
131 233
16 69
168 221
4 127
21 126
149 224
79 103
229 230
135 181
166 218
188 191
64 186
18 64
89 150
10 149
120 166
157 178
126 130
130 193
109 171
3 8
82 145
213 226
62 144
31 111
60 152
74 226
139 190
29 244
39 57
116 218
214 243
9 200
59 225
32 229
29 170
61 133
28 219
109 190
183 223
163 167
13 174
45 65
84 157
123 126
154 189
104 221
83 164
113 237
69 220
65 97
41 174
14 140
57 107
30 134
75 172
182 199
11 72
58 166
29 114
122 165
77 138
3 100
74 213
36 157
179 241
183 233
142 194
26 65
3 226
116 247
14 134
7 186
13 31
132 145
118 220
197 210
85 216
15 152
43 61
147 185
173 239
0 242
149 247
152 210
95 154
18 90
99 206
34 74
69 83
137 169
106 197
111 184
97 240
8 175
33 86
176 180
25 35
140 187
180 235
122 205
87 107
5 141
210 225
100 246
32 45
137 211
71 129
62 215
90 105
140 145
35 218
77 148
20 210
201 242
101 235
62 206
62 98
198 205
12 90
71 194
83 108
36 188
19 180
69 109
167 192
39 244
4 88
106 240
73 196
136 168
146 180
46 95
107 181
60 190
39 97
90 231
161 232
109 153
123 128
95 117
20 202
10 205
28 160
59 180
63 212
50 199
9 52
130 214
21 52
33 163
146 214
46 175
49 169
54 247
138 176
93 199
186 211
97 224
240 243
53 205
155 205
59 154
136 215
17 24
9 187
152 223
83 198
133 149
55 220
108 232
33 231
19 54
28 244
89 117
22 120
44 128
50 227
187 192
47 61
65 149
22 116
69 86
84 100
31 180
0 230
19 101
22 63
0 229
44 151
51 231
23 174
139 167
225 227
22 140
225 239
20 224
21 27
43 158
137 192
145 158
155 190
161 237
148 212
163 184
138 225
115 161
89 192
23 200
44 227
189 202
169 191
77 85
127 198
186 239
25 53
6 48
190 244
63 124
54 71
138 187
38 168
61 181
158 207
147 180
84 148
7 199
98 211
88 135
152 243
136 194
90 200
68 161
58 106
24 200
97 182
10 32
113 185
124 218
143 217
54 143
51 163
12 92
12 79
16 100
88 175
15 210
130 140
28 246
189 229
21 138
148 228
90 218
85 102
8 185
81 236
172 173
36 100
105 200
132 154
114 141
31 147
27 96
35 130
6 151
121 173
158 174
100 248
54 142
180 186
17 165
166 189
42 119
77 249
171 231
62 131
130 197
43 196
76 158
16 181
138 237
90 130
87 125
23 144
55 161
73 142
100 185
177 192
36 114
158 168
28 207
48 224
1 206
152 182
83 223
213 240
121 172
10 53
49 98
5 135
28 211
61 78
65 123
91 101
89 101
22 59
60 194
198 228
53 94
32 84
66 155
73 202
12 34
82 91
197 249
38 214
155 202
74 242
51 124
68 96
176 213
17 57
82 151
200 243
172 224
47 58
71 226
58 183
14 130
57 80
21 111
13 235
109 185
64 133
27 30
149 162
186 244
46 109
20 82
109 169
19 32
85 178
106 112
40 199
119 225
123 164
191 202
195 219
15 233
55 66
138 188
159 161
48 179
12 169
97 211
73 98
55 138
34 215
61 176
77 151
29 120
66 120
114 238
180 223
161 228
137 193
61 122
1 231
83 200
8 79
5 69
31 132
63 194
96 123
66 216
119 134
27 107
107 151
19 95
182 244
69 98
48 94
156 161
44 163
50 187
63 234
159 215
31 209
214 227
112 172
185 199
71 86
56 192
33 153
103 125
1 140
19 235
0 57
97 165
152 228
117 183
137 142
106 173
143 181
2 225
133 230
13 47
24 138
218 241
164 224
1 143
52 96
2 11
149 154
82 240
124 229
125 225
183 196
77 227
84 159
131 213
24 101
155 243
69 93
88 217
140 175
167 181
55 224
51 248
32 47
35 87
16 26
12 110
175 225
77 248
22 192
12 170
93 110
102 177
104 120
51 244
123 219
209 224
122 241
21 209
112 150
116 205
56 246
78 169
8 131
38 171
228 244
46 220
5 49
172 194
67 247
125 233
61 68
16 180
211 235
15 238
44 132
12 52
122 183
145 160
19 140
7 248
186 227
149 192
23 173
41 90
9 166
10 70
35 191
20 133
31 149
4 75
13 56
49 135
92 194
111 148
155 186
122 211
111 132
136 207
97 145
11 215
99 150
133 181
100 137
46 157
138 248
146 203
139 249
51 211
12 35
136 139
112 206
23 247
225 249
122 210
33 74
97 141
143 187
49 186
104 133
133 184
88 244
94 108
18 123
138 166
78 126
55 136
90 154
65 160
134 154
25 187
209 225
78 248
220 229
36 104
186 221
180 237
59 183
131 200
6 7
120 199
132 160
64 117
16 142
77 103
34 219
76 190
13 112
146 199
185 235
96 231
168 223
131 221
81 206
65 204
74 87
14 100
16 75
120 126
95 152
6 80
45 135
82 173
6 120
38 179
60 82
38 111
103 183
117 140
151 249
28 123
72 129
62 211
1 6
26 197
32 119
114 208
31 70
25 152
107 136
60 128
195 225
76 77
96 203
53 220
84 227
45 201
54 141
89 153
80 93
9 215
69 213
79 244
84 139
121 127
43 181
18 108
37 126
75 196
101 241
45 177
98 181
72 222
153 227
13 85
70 124
50 135
194 232
185 232
103 168
165 211
13 82
28 162
5 88
15 182
6 84
87 89
203 233
54 174
77 179
123 189
59 171
79 161
14 40
122 201
129 215
3 70
87 221
55 153
102 241
41 160
80 143
107 244
26 49
36 91
149 197
114 162
26 241
66 90
41 237
109 146
85 214
85 187
97 206
138 228
75 93
97 142
101 133
102 233
80 98
106 117
191 207
25 49
168 203
138 164
166 195
1 96
11 181
69 188
18 131
208 224
157 195
116 148
41 202
103 223
152 220
93 182
29 59
232 244
132 227
143 248
94 179
43 144
112 157
54 172
0 233
80 99
148 223
1 153
48 55
73 230
1 103
16 187
82 186
11 30
7 54
19 167
98 191
98 150
96 98
5 100
16 128
17 113
135 168
104 195
59 249
6 236
145 215
50 234
0 164
98 151
167 196
24 100
97 148
39 174
55 74
52 193
72 169
79 114
15 25
38 241
160 190
176 225
3 190
10 155
5 87
137 235
102 176
11 28
166 232
3 222
153 238
165 219
83 245
121 180
192 236
104 118
67 212
74 143
74 82
79 211
33 67
138 181
163 222
97 135
85 225
140 194
102 223
41 134
27 197
111 178
47 91
158 215
111 210
42 163
212 249
48 239
143 211
211 240
38 199
75 89
30 84
126 165
164 214
5 93
75 96
142 242
103 106
88 205
103 139
3 61
204 230
43 67
46 118
81 122
18 207
152 224
144 168
149 188
11 115
3 98
110 204
65 208
99 145
100 164
90 226
104 173
23 180
216 227
48 141
200 201
168 205
164 175
123 215
135 165
13 183
43 240
199 218
210 215
124 150
65 92
21 100
44 232
110 185
132 163
50 238
118 163
93 214
129 230
80 163
173 245
58 65
18 122
30 124
216 243
84 219
13 126
66 88
51 198
1 39
100 221
54 166
136 167
99 147
142 152
22 210
59 144
81 89
76 120
37 87
108 171
150 171
89 121
24 238
92 139
63 239
155 184
106 154
8 34
56 149
70 208
3 53
48 173
1 112
18 151
224 241
43 113
185 208
203 204
136 137
116 171
15 246
168 228
31 223
56 103
60 169
206 207
29 226
19 201
238 244
109 191
79 160
0 93
12 117
36 111
92 168
5 139
96 189
212 243
55 188
22 108
17 59
97 241
38 216
100 228
117 198
107 220
0 143
35 182
121 169
140 216
172 239
83 249
108 198
74 176
27 236
154 206
11 77
176 220
114 226
126 185
24 99
18 158
141 247
66 150
32 174
55 133
7 15
81 184
63 197
140 227
61 153
110 175
88 232
74 212
62 110
18 201
50 80
12 230
116 146
6 23
14 29
38 212
113 233
29 211
3 192
113 216
181 202
23 164
76 243
156 243
16 175
29 55
79 137
136 223
17 44
47 184
2 209
12 178
66 201
76 110
82 103
117 152
28 29
60 123
140 201
47 225
35 161
155 234
104 114
218 236
39 145
35 107
115 219
62 119
86 92
0 102
123 130
14 81
115 249
162 163
176 224
24 50
205 233
87 110
171 199
66 157
44 90
173 206
14 236
100 177
177 180
54 60
68 153
18 243
8 170
33 144
83 184
21 167
140 233
61 106
13 182
23 230
72 81
110 241
24 171
140 181
43 83
76 249
163 169
84 196
39 131
21 37
22 143
57 185
157 165
67 182
162 241
15 225
83 115
48 158
72 95
32 69
87 120
2 152
126 190
125 149
60 185
58 92
77 240
11 146
2 105
80 160
95 120
168 196
62 68
98 225
3 204
140 230
76 205
13 143
20 220
3 32
108 218
34 128
224 236
91 243
150 221
61 222
15 39
58 220
201 217
85 90
171 190
122 140
8 150
15 94
177 190
18 183
35 185
19 91
64 134
33 80
95 141
174 199
142 167
104 150
72 232
44 206
64 194
66 82
61 177
212 225
125 249
30 235
189 212
18 80
45 159
30 178
180 187
21 32
76 104
79 168
122 145
6 103
79 132
156 170
196 203
167 195
17 33
11 51
22 200
96 230
135 200
12 232
8 219
58 87
85 92
16 39
61 76
124 172
14 192
70 195
205 241
64 105
127 205
78 96
192 211
162 201
73 180
140 169
77 105
114 246
42 93
167 174
60 89
119 153
35 44
8 152
152 238
107 248
152 168
61 80
95 153
13 111
173 229
21 165
89 148
27 60
52 71
162 197
99 224
150 183
68 200
11 187
142 149
105 154
220 238
13 15
199 225
72 140
81 159
38 72
124 243
190 212
39 40
73 92
11 108
103 109
60 153
115 243
30 233
6 229
92 208
16 200
31 211
88 101
65 126
63 66
208 243
27 50
140 203
6 62
43 66
30 139
13 199
178 247
89 221
43 105
46 156
60 111
65 200
116 159
160 245
61 216
135 169
28 30
88 160
37 169
167 173
67 246
121 214
27 91
10 88
59 223
1 10
16 247
104 147
44 129
49 159
183 185
0 216
48 155
140 242
2 182
182 242
183 225
104 217
50 125
14 18
59 136
11 15
147 161
82 110
95 115
36 245
20 29
89 203
22 31
47 109
151 205
76 108
26 196
122 187
185 236
55 172
216 229
69 123
151 163
119 121
105 139
150 195
34 194
24 143
71 142
132 168
18 107
55 208
13 93
174 227
81 149
47 244
50 132
21 104
105 210
108 161
105 155
137 199
91 248
208 233
78 112
70 90
183 235
185 213
16 107
6 112
11 14
115 138
36 243
49 177
82 101
56 205
55 84
47 145
38 159
128 223
81 209
16 163
32 238
128 145
2 118
38 113
40 111
65 189
94 123
12 31
86 198
226 242
67 209
40 206
128 221
4 56
89 93
73 242
234 245
191 199
135 155
75 240
72 113
172 246
33 83
25 223
161 182
175 223
29 191
137 180
118 172
205 210
4 19
154 155
159 246
82 83
103 211
167 208
53 127
54 180
6 126
51 170
83 137
6 159
5 119
25 63
69 225
32 134
168 216
69 129
69 237
48 87
40 230
1 220
115 198
101 142
29 35
184 194
137 189
66 141
200 224
128 142
166 197
21 87
36 211
136 178
43 239
1 180
125 199
17 46
86 148
128 138
42 194
16 37
17 246
158 163
32 67
102 103
90 243
32 138
79 135
84 217
73 236
2 222
51 212
4 128
18 97
21 94
31 35
109 204
63 211
58 158
52 192
47 131
77 218
13 86
37 159
39 101
25 233
22 195
2 76
174 200
20 73
104 127
20 112
22 88
30 242
66 179
124 143
62 147
8 36
200 236
2 63
25 75
85 107
86 232
2 197
26 72
138 212
134 143
205 211
142 248
28 104
85 176
90 228
88 153
32 142
107 242
20 99
2 192
37 242
64 240
83 202
54 78
16 86
81 135
116 163
144 185
25 101
31 154
35 125
55 114
158 225
2 117
66 178
14 121
59 191
30 76
140 248
75 92
142 193
14 203
21 86
121 211
29 237
40 153
148 158
118 195
132 187
238 247
15 65
13 239
9 167
156 202
22 222
58 140
11 145
19 132
40 160
81 130
28 63
91 246
196 209
43 236
32 91
85 106
74 97
106 222
128 241
160 213
143 163
30 56
155 160
40 80
66 89
110 141
75 84
191 193
15 234
78 151
41 247
65 165
145 228
40 125
183 237
53 57
22 198
15 199
9 33
76 109
54 195
91 205
23 86
118 167
83 183
14 196
109 150
1 113
100 128
184 185
5 58
123 236
7 19
218 234
39 197
16 38
113 124
58 59
140 162
40 101
5 63
103 191
213 228
50 214
70 85
32 128
109 144
104 172
35 46
69 196
115 208
40 200
28 183
7 40
236 248
196 211
47 133
106 218
117 234
25 230
15 35
82 201
236 241
232 243
29 242
49 240
182 188
139 146
2 109
105 232
188 212
131 223
80 157
143 179
0 39
99 223
90 202
198 210
122 203
3 33
82 195
236 244
116 235
132 220
94 217
32 76
31 59
107 111
36 216
5 107
139 206
80 193
40 149
123 141
174 244
41 126
108 222
27 76
12 208
47 52
81 225
112 187
34 146
102 224
35 81
26 209
39 139
38 219
182 212
140 239
69 199
112 199
26 172
63 175
77 144
116 150
6 36
12 82
138 149
155 175
144 238
22 45
207 209
50 198
147 163
25 171
86 234
163 200
100 230
29 88
136 143
23 126
38 43
70 75
64 193
67 239
26 188
76 99
211 223
12 234
98 249
50 113
152 244
140 240
13 138
52 92
97 205
8 22
88 150
186 226
187 249
200 233
51 150
53 102
14 103
4 8
93 247
107 146
14 31
11 106
108 237
111 115
47 62
12 135
100 238
99 175
82 193
25 135
39 46
90 152
148 149
15 142
153 180
19 122
89 114
130 161
3 244
85 175
171 178
65 69
219 221
100 223
212 248
112 169
51 151
125 156
126 248
83 111
51 165
83 153
128 132
152 201
193 226
44 171
51 141
41 137
62 104
7 102
65 79
63 164
25 205
109 248
43 59
63 196
142 195
147 177
120 248
21 123
16 174
14 155
55 65
145 169
219 247
29 137
76 193
134 200
51 70
113 243
56 212
104 162
89 103
101 103
61 226
78 225
150 239
68 233
147 230
218 237
16 227
105 156
40 234
33 209
97 171
111 191
44 127
200 231
114 247
59 74
62 192
27 64
63 130
31 87
88 137
149 243
33 147
106 235
46 108
99 153
3 89
1 213
77 155
63 243
34 193
42 56
162 190
0 130
77 225
2 224
9 237
177 182
61 172
42 169
111 170
133 147
27 140
26 70
171 234
153 169
87 246
89 128
72 137
106 178
65 203
167 204
194 246
151 246
115 179
142 143
112 197
122 220
41 199
36 123
2 139
139 155
56 169
108 188
112 132
130 178
130 138
173 180
52 150
24 41
181 190
128 167
17 96
16 72
176 181
38 56
35 165
101 196
88 138
4 12
68 209
70 160
11 53
53 196
74 234
183 220
43 194
5 76
10 241
112 143
39 161
170 195
111 175
83 179
139 237
2 73
20 40
25 158
128 196
140 208
9 171
99 112
116 123
9 193
87 232
22 109
177 197
195 229
115 220
41 182
74 223
163 232
100 109
111 160
0 134
21 112
137 234
29 87
174 249
41 136
71 208
152 153
6 121
122 188
13 177
31 215
138 244
227 240
128 248
103 214
42 238
89 243
205 212
135 148
15 153
11 126
140 210
60 75
91 169
120 187
48 65
3 221
148 227
150 217
84 214
24 84
39 100
137 238
61 114
123 149
61 107
26 50
186 191
87 166
108 137
192 240
90 198
70 200
164 183
14 91
181 223
4 136
5 147
70 133
105 171
11 21
8 119
208 212
32 245
155 158
38 174
88 231
163 189
45 162
49 60
50 58
64 218
49 220
38 75
151 221
81 198
122 208
84 236
116 176
7 137
77 100
141 238
151 241
40 186
63 88
127 201
23 56
29 196
106 170
4 125
50 141
2 132
218 222
61 144
182 225
38 204
7 21
18 179
30 47
126 230
75 149
128 184
147 234
54 104
108 210
10 179
101 163
12 172
156 237
213 233
1 212
19 194
76 141
119 168
67 158
36 47
2 194
82 100
20 92
146 207
44 134
28 215
97 156
67 200
114 220
72 214
190 240
185 201
58 232
162 237
177 212
120 129
39 146
11 91
157 162
48 206
41 115
86 240
6 22
94 191
58 162
105 244
163 215
55 78
17 48
15 135
87 248
101 106
6 155
49 160
98 224
39 98
82 104
76 192
103 197
53 91
56 199
27 68
111 246
135 230
44 122
233 246
120 204
63 245
37 176
68 195
77 150
98 228
32 171
3 231
71 228
9 191
67 144
24 213
118 122
197 238
115 241
42 129
28 176
15 212
112 226
57 93
62 227
65 228
58 209
0 158
171 248
74 172
55 139
66 184
33 196
110 245
108 157
22 246
76 134
190 195
31 135
15 237
81 189
113 163
111 117
84 141
37 139
31 205
166 175
138 152
122 179
7 246
103 186
55 238
70 217
9 77
4 190
115 191
26 164
48 164
14 178
50 93
120 137
85 223
52 64
53 224
164 243
80 184
54 86
47 189
130 169
27 174
177 183
88 112
33 44
33 162
132 228
147 184
52 144
91 216
154 174
113 247
166 202
96 100
123 185
24 119
112 152
196 231
150 230
112 159
56 230
12 210
13 28
39 205
182 203
4 236
100 119
55 86
110 223
26 228
74 109
71 174
6 104
13 73
54 221
120 171
179 233
44 234
11 189
46 185
142 189
12 32
115 169
8 93
120 156
112 181
5 126
97 228
1 59
69 90
98 134
171 243
135 144
110 177
150 249
20 148
16 81
67 211
75 191
81 123
188 208
18 128
39 157
106 129
30 115
125 205
36 99
11 248
112 128
128 149
17 133
52 210
151 228
126 168
4 120
27 186
57 145
106 126
137 164
93 119
114 129
199 230
90 129
75 179
146 241
226 229
19 138
8 127
123 138
223 244
0 137
93 131
98 108
75 178
165 229
34 92
72 150
10 145
11 17
9 245
28 147
1 118
125 240
64 98
223 241
49 129
119 159
122 218
228 231
114 119
229 238
125 239
56 136
7 28
26 248
6 192
198 229
179 183
28 81
95 140
9 15
4 85
87 233
64 205
145 201
179 193
131 134
9 42
93 156
191 239
22 119
125 162
214 242
70 172
9 244
63 64
110 139
126 242
177 241
101 178
149 216
107 205
129 193
68 176
144 243
60 168
138 165
132 175
238 240
100 124
0 82
101 121
57 82
96 114
23 116
55 80
37 59
7 229
0 181
39 99
30 165
126 192
14 218
138 180
113 240
123 193
206 234
1 201
24 154
62 67
207 228
99 214
66 98
83 230
26 61
30 245
206 235
78 166
21 194
2 124
122 149
106 219
100 170
159 172
52 238
8 237
71 238
48 97
85 180
156 173
227 233
1 23
105 124
26 249
0 33
4 106
134 174
43 130
78 220
65 153
41 244
215 241
226 231
84 207
82 249
127 189
60 81
18 39
90 169
163 168
139 169
32 85
94 125
49 124
132 199
100 156
68 202
7 90
79 171
108 242
94 104
143 158
112 249
127 164
155 167
3 46
61 188
156 165
57 156
40 207
109 113
194 204
126 218
82 118
26 170
77 134
25 242
45 114
12 249
39 150
56 74
205 230
215 245
6 187
152 237
34 217
38 160
114 130
34 120
8 49
21 34
41 181
81 249
73 80
102 132
194 210
6 177
46 226
113 167
156 217
3 223
54 74
0 84
43 221
7 247
202 206
178 207
151 236
58 184
201 202
29 106
125 248
6 142
92 230
49 203
22 55
130 206
77 142
216 239
24 220
92 202
118 136
3 69
88 211
98 188
86 93
31 194
73 243
231 234
42 118
47 111
37 93
3 19
126 129
81 121
70 91
69 175
9 160
110 136
49 75
95 203
191 192
59 110
73 234
21 106
18 227
100 126
42 78
109 133
74 145
63 118
5 167
138 209
115 244
56 190
22 115
73 123
141 146
50 124
93 221
13 170
25 146
30 99
14 149
4 20
135 210
150 248
36 191
52 158
27 161
133 168
113 181
15 105
220 239
14 38
170 219
112 216
170 230
11 190
221 235
75 85
118 223
25 224
26 135
52 109
77 95
38 52
22 131
42 241
8 51
73 104
90 115
189 191
13 162
188 224
92 150
18 165
95 245
47 203
23 171
124 163
74 132
119 148
75 86
14 150
15 40
104 117
56 80
78 172
198 206
40 146
186 202
123 210
138 247
136 232
7 136
57 94
59 150
119 208
11 75
91 233
14 110
41 58
94 203
56 244
148 243
22 219
55 216
43 160
168 198
5 180
114 182
65 233
242 245
23 68
153 188
133 202
44 195
141 156
2 100
40 195
164 221
39 102
146 176
90 196
95 178
12 146
106 205
125 141
79 130
134 223
57 142
10 217
7 144
205 217
23 58
108 199
56 198
58 146
10 48
105 204
117 197
230 247
9 129
10 13
84 170
51 155
151 180
160 237
35 220
45 78
203 235
129 233
98 137
4 193
26 45
137 216
39 221
46 136
125 168
49 137
121 155
53 173
10 52
6 181
58 238
47 236
31 188
154 234
7 57
112 194
4 223
18 211
50 143
129 202
132 137
55 73
125 190
12 158
94 216
1 80
116 189
25 169
27 138
1 216
81 172
123 167
47 84
69 206
16 97
24 98
96 140
60 139
160 165
41 47
32 105
11 193
42 49
122 232
141 214
105 113
27 78
125 241
14 86
52 99
31 236
139 186
34 180
85 168
31 39
5 173
21 137
147 229
0 225
6 172
2 151
118 127
204 244
46 243
25 155
32 44
63 168
76 149
86 214
30 117
3 203
126 225
90 122
105 192
199 213
114 201
216 232
180 211
39 173
7 194
50 142
114 239
162 167
131 145
45 200
113 142
70 167
34 51
0 21
33 201
71 227
27 221
62 65
227 243
108 229
78 111
55 97
62 194
197 214
133 134
167 182
185 204
19 70
97 234
68 154
12 219
109 196
127 216
22 26
127 220
84 176
184 217
199 236
6 173
122 180
89 219
17 243
37 131
10 238
53 137
15 26
11 236
22 33
196 229
16 145
17 73
49 162
7 227
71 197
185 246
79 184
18 132
59 189
23 27
56 70
117 143
102 159
190 221
205 208
60 126
37 212
215 218
103 141
199 223
8 182
98 209
6 180
111 230
4 111
65 199
15 241
96 196
11 202
128 236
45 122
91 115
46 189
108 138
41 121
146 219
76 102
213 225
158 188
209 217
3 85
40 201
161 249
113 238
10 224
93 157
36 198
22 137
184 233
25 55
23 24
24 228
102 202
192 212
11 142
24 248
96 225
7 140
87 223
153 244
119 205
41 241
47 228
173 192
20 208
62 120
10 59
70 136
69 165
222 247
40 140
142 214
11 58
0 222
36 179
164 246
31 57
36 145
8 141
201 208
18 130
8 189
14 127
42 204
53 185
15 226
193 229
91 92
104 230
122 202
5 144
32 111
3 151
40 211
56 160
193 245
111 225
46 112
28 229
22 221
60 243
4 74
178 186
58 235
231 233
66 116
156 199
5 27
169 220
0 190
111 142
107 165
10 193
32 86
147 164
25 90
3 211
