200 500
38
32
78
34
113
31
77
93
86
41
89
60
63
110
88
60
62
72
95
24
69
53
29
55
101
114
98
20
48
25
25
119
37
84
85
83
47
42
56
113
64
77
54
59
119
74
51
61
26
78
65
76
111
26
63
93
73
41
45
53
98
51
52
116
67
118
79
94
92
67
87
88
24
73
79
24
79
111
65
86
69
63
94
113
21
37
86
74
110
63
108
89
94
92
85
41
42
96
115
115
43
35
83
99
40
43
55
100
86
53
118
87
96
92
80
97
61
98
104
51
42
92
20
68
64
85
90
87
113
37
34
36
104
49
68
77
24
103
57
90
36
107
110
112
79
22
42
20
53
26
51
75
50
104
23
46
21
45
65
115
115
79
83
99
109
31
56
113
115
45
36
83
32
78
28
43
80
50
95
113
108
79
20
90
63
76
116
64
101
62
59
48
73
23
28
62
86
116
108
33
55 198
27 99
137 145
151 184
73 74
10 190
108 182
71 82
39 132
50 157
98 146
6 125
10 27
77 171
24 126
174 181
8 181
25 78
97 177
62 172
25 50
114 184
85 185
18 169
24 128
19 122
25 178
47 188
5 18
66 181
96 199
30 155
160 180
57 60
109 123
112 181
95 100
48 137
19 32
9 107
126 147
125 131
104 179
65 109
83 149
46 90
83 197
28 43
88 129
39 52
11 34
63 103
129 151
1 114
108 122
69 123
54 186
90 146
164 185
135 199
41 47
130 133
38 161
125 168
49 178
13 159
12 14
76 93
29 117
7 40
82 137
61 124
8 137
14 74
166 172
9 171
7 94
102 198
55 179
57 118
77 157
70 121
91 98
8 15
80 174
0 17
57 62
93 146
22 60
20 146
178 182
117 137
19 76
84 135
53 199
93 108
82 115
30 125
165 197
45 86
86 123
15 180
108 148
78 170
99 120
50 116
33 186
61 188
5 75
97 156
129 190
17 163
105 199
41 71
127 196
68 119
13 83
52 114
130 144
36 64
105 181
14 67
55 91
48 76
130 173
11 157
116 174
21 127
168 173
44 121
95 113
60 192
44 196
92 126
127 163
108 157
68 176
111 123
31 151
113 159
76 116
125 192
42 52
15 166
10 172
67 88
75 81
24 79
6 77
4 116
25 169
113 189
1 188
32 100
11 139
15 98
23 80
122 160
27 126
90 199
136 178
18 164
11 97
89 188
56 103
24 93
82 158
83 165
17 146
37 68
29 166
5 61
141 165
168 183
25 91
119 179
4 137
15 143
34 83
90 104
140 150
22 66
32 108
7 57
1 77
182 196
1 195
43 136
118 179
56 161
4 127
8 141
51 176
32 120
60 141
134 159
34 43
43 143
2 145
73 198
68 79
123 152
22 157
102 165
58 184
77 93
19 157
113 195
33 160
53 179
45 114
13 31
109 156
75 111
53 100
61 133
165 168
8 77
62 188
43 124
120 136
1 139
45 66
86 158
52 66
24 180
81 89
108 133
138 152
8 165
23 128
31 131
6 71
45 49
147 166
100 137
105 134
144 166
18 92
10 104
68 142
80 101
165 183
9 135
56 169
52 79
97 135
55 63
6 108
56 105
74 193
5 132
80 124
76 124
38 94
28 114
61 180
15 163
176 178
34 50
102 145
66 195
38 129
50 196
107 189
16 102
52 59
84 148
135 176
9 30
166 189
96 146
50 64
61 181
40 111
138 167
33 165
3 85
114 135
104 152
6 194
120 199
20 65
83 153
92 148
114 183
31 82
60 84
73 95
65 136
184 185
26 149
18 111
105 133
57 198
145 189
15 109
80 144
27 81
29 33
72 168
95 106
0 107
95 190
8 180
164 183
161 193
65 163
72 122
23 96
37 131
146 168
64 98
43 179
12 160
115 133
21 55
85 162
132 164
94 172
58 116
77 117
76 80
77 129
82 166
28 45
61 65
7 196
104 172
20 157
105 164
190 193
79 157
74 173
184 198
20 60
74 79
10 160
92 151
78 148
95 121
80 161
65 92
1 52
37 157
31 165
99 196
174 188
70 170
116 154
68 88
99 166
114 176
11 17
21 90
94 165
78 185
29 174
27 144
30 181
136 148
12 188
144 153
114 162
30 175
20 195
71 186
95 185
106 163
3 136
120 148
30 134
4 199
95 115
31 146
76 120
41 46
108 190
22 146
57 121
52 77
116 123
64 163
61 179
22 64
115 170
136 145
56 87
101 172
133 182
59 70
53 116
52 161
106 198
115 183
119 187
187 193
9 63
76 151
173 188
55 140
28 143
0 152
101 116
98 124
186 194
109 191
110 113
104 168
39 111
84 182
29 179
42 122
38 73
26 118
10 46
33 141
33 190
45 58
86 169
25 157
18 115
168 177
25 132
98 195
64 134
130 195
52 163
1 37
107 125
123 179
12 69
12 16
62 197
35 70
179 183
51 60
181 198
28 82
6 78
70 77
12 159
66 175
11 55
136 176
107 115
11 136
28 119
100 116
42 171
152 177
102 164
28 100
9 97
103 134
87 164
52 126
123 144
27 135
151 156
18 23
63 187
135 155
7 15
9 51
155 178
81 186
72 167
133 169
20 176
15 25
59 67
47 95
46 146
3 170
65 66
157 172
1 124
5 179
85 110
23 112
136 143
28 190
58 118
48 83
86 184
34 153
44 81
0 142
79 155
96 112
21 22
68 175
0 97
132 182
5 6
133 148
33 191
34 67
26 153
