100 250
58
48
34
100
81
35
83
98
96
70
54
65
22
86
115
58
49
70
116
109
27
22
36
72
79
68
104
55
96
29
50
86
109
116
66
70
84
81
101
60
31
87
58
85
53
105
23
34
55
72
24
114
26
40
119
85
40
103
73
68
112
103
34
102
51
80
104
115
93
85
56
104
105
46
69
38
31
25
53
118
77
109
65
35
29
64
100
101
47
53
49
92
88
115
26
20
27
110
115
100
55 98
27 99
37 45
51 84
73 74
10 90
8 82
71 82
32 39
50 57
46 98
6 25
10 27
71 77
24 26
74 81
8 81
25 78
77 97
62 72
25 50
14 84
18 85
24 69
19 28
22 78
25 47
5 88
18 66
81 96
55 99
30 60
60 80
9 57
23 81
0 12
48 95
32 37
7 19
9 47
26 31
4 25
65 79
9 49
83 90
46 83
28 97
29 43
52 88
11 39
3 34
29 63
1 51
14 22
8 23
69 86
46 54
85 90
64 99
35 47
33 41
30 38
25 61
49 68
59 78
12 13
14 76
17 93
7 29
37 40
61 82
24 37
8 14
72 74
9 66
7 71
2 94
18 79
57 77
21 70
91 98
8 15
74 80
0 17
57 62
46 93
22 60
20 46
78 82
17 37
19 76
35 84
53 99
8 93
15 82
25 30
65 97
45 86
23 86
15 80
8 48
70 78
20 99
16 50
33 86
61 88
5 75
56 97
29 90
17 63
5 99
41 71
27 96
19 68
13 83
14 52
30 44
36 64
5 81
14 67
55 91
48 76
30 73
11 57
16 74
21 27
68 73
21 44
13 95
60 92
44 96
26 92
27 63
8 57
68 76
11 23
31 51
13 59
16 76
25 92
42 52
15 66
10 72
67 88
75 81
24 79
6 77
4 16
25 69
13 89
1 88
0 32
15 98
23 80
26 27
90 99
36 78
18 64
11 97
88 89
3 56
24 93
58 82
65 83
17 46
37 68
29 66
5 61
41 65
68 83
25 91
19 79
4 37
15 43
34 83
4 90
40 50
22 66
8 32
7 57
1 77
82 96
1 95
36 43
56 61
4 27
8 41
51 76
20 32
41 60
34 59
34 43
2 43
45 73
79 98
52 68
23 57
2 22
65 84
58 93
19 77
13 57
60 95
33 79
45 53
13 14
9 31
56 75
11 53
0 61
33 68
8 65
77 88
43 62
20 24
1 36
39 45
66 86
52 58
11 66
80 97
24 81
33 89
8 52
8 38
23 65
28 31
6 31
45 71
47 49
37 66
0 5
34 66
44 92
10 18
4 68
42 80
1 83
9 65
35 56
52 69
79 97
35 63
6 55
8 56
5 74
5 93
32 80
24 76
24 94
