250 750
81
24
82
37
100
112
81
84
30
42
28
29
109
59
44
43
103
98
61
40
38
42
54
23
36
71
65
44
99
24
70
60
80
85
77
60
77
90
76
39
65
84
100
54
75
25
30
110
55
71
31
26
93
65
81
62
68
26
86
47
82
37
39
94
54
48
34
63
118
90
82
115
106
62
50
114
119
112
104
55
63
115
113
89
112
74
31
60
32
49
39
94
66
58
68
52
86
34
95
37
56
57
32
94
52
114
88
103
106
73
90
102
68
83
23
61
37
86
53
49
115
73
75
62
63
75
94
82
41
22
99
77
111
63
52
43
58
72
79
96
25
49
78
26
113
81
119
82
47
52
64
43
57
119
37
53
27
63
115
48
65
94
106
57
89
90
32
27
42
91
104
100
73
62
106
118
76
105
80
55
89
76
78
79
76
47
112
83
91
107
63
88
33
49
25
102
71
90
62
94
113
46
74
118
40
112
116
48
97
29
84
118
85
94
77
93
22
69
108
93
108
52
113
21
33
71
56
85
41
50
111
86
76
117
85
48
109
33
29
38
42
93
36
60
67
94
33
69
43
22
219 223
68 132
48 206
89 109
12 86
27 98
22 214
132 175
129 151
102 193
191 241
115 164
200 208
78 170
7 8
103 230
79 235
49 229
10 44
68 130
18 22
9 45
232 244
72 214
15 145
168 188
7 33
103 215
125 233
44 240
235 249
72 166
223 234
130 146
214 233
108 113
85 122
5 67
77 116
113 133
51 93
100 154
84 109
167 169
63 86
11 72
62 84
149 238
57 236
29 143
53 142
1 138
6 15
57 233
185 191
28 199
103 242
179 230
148 212
48 98
110 211
126 222
63 194
25 103
54 151
204 246
49 99
92 166
150 207
143 149
98 193
23 185
4 53
114 117
65 152
18 215
175 240
91 221
155 218
57 176
25 125
11 174
124 206
184 192
193 208
77 151
42 100
188 197
155 206
65 210
83 220
176 247
119 175
81 218
88 246
213 240
21 103
239 248
59 181
119 182
9 124
18 20
61 211
20 68
133 216
186 230
68 156
183 243
3 128
176 216
18 249
31 123
121 122
155 181
53 153
131 164
2 173
227 234
70 247
52 55
228 238
123 236
23 218
114 128
182 247
15 230
65 103
39 137
171 224
129 194
74 76
43 247
122 180
0 84
120 136
55 200
30 227
38 102
153 248
231 245
187 211
11 105
64 148
140 144
69 191
19 143
119 164
49 243
36 179
8 49
167 206
60 144
99 236
234 247
104 228
41 82
41 93
207 248
93 143
15 97
186 218
55 158
3 234
122 206
107 182
100 131
63 191
49 96
142 195
135 246
25 217
66 140
138 162
23 108
133 222
69 123
133 190
174 226
34 137
149 171
30 141
123 204
73 220
105 216
17 93
43 64
162 204
75 109
93 235
78 183
158 207
0 41
26 226
113 178
100 175
4 57
61 75
45 233
18 199
63 111
115 208
24 70
67 201
15 154
93 236
214 246
93 214
37 172
68 92
18 137
141 168
95 177
160 202
221 243
56 211
77 184
60 116
147 183
14 113
190 201
107 154
53 197
118 235
62 77
53 66
73 80
8 207
12 168
161 168
85 130
19 69
59 185
182 206
45 221
13 72
31 99
46 167
137 186
13 133
38 199
132 181
139 213
234 242
12 151
88 247
67 244
53 107
104 141
111 177
39 183
138 190
209 215
151 184
170 198
17 148
198 208
132 172
124 189
8 192
5 136
30 233
174 240
36 131
0 131
58 170
101 183
0 58
95 162
4 111
21 117
71 243
11 201
209 219
55 207
86 215
139 190
76 79
20 59
79 181
114 230
134 140
46 115
87 119
9 56
120 242
165 234
185 215
28 184
84 145
110 142
82 170
101 246
122 161
92 157
137 155
39 207
72 130
69 187
43 49
126 137
110 169
52 135
45 81
42 69
63 165
85 152
106 248
11 183
80 90
104 235
61 80
62 126
165 235
130 131
7 214
17 134
69 219
117 121
42 150
65 159
106 164
2 104
20 185
100 217
71 128
187 208
63 234
20 219
3 228
99 193
113 116
38 50
51 188
92 211
50 106
108 227
6 247
146 224
24 199
45 136
84 132
199 206
29 101
53 209
174 222
21 151
59 109
160 201
100 146
206 223
196 200
64 203
49 210
29 100
86 176
170 236
37 58
12 126
67 188
39 65
112 188
43 221
244 248
98 234
59 140
156 189
112 220
13 244
23 33
114 119
100 199
8 142
18 138
20 205
187 206
96 171
139 227
77 244
228 236
27 228
38 183
2 167
6 161
15 39
36 129
10 236
152 230
96 220
171 218
27 229
7 123
150 234
115 145
62 101
89 225
79 115
23 99
29 117
10 235
149 170
114 180
196 237
83 185
166 208
45 153
12 187
169 190
98 136
160 187
14 237
66 102
227 232
99 165
28 108
84 130
51 177
16 162
97 247
16 201
55 104
61 95
218 230
66 137
74 116
79 205
181 190
124 172
10 39
118 124
60 169
198 248
111 160
109 214
110 165
125 165
121 186
10 89
19 249
8 237
73 87
116 193
18 169
38 130
60 162
230 248
75 98
30 186
97 110
45 220
12 22
236 238
61 100
177 182
100 185
25 169
124 214
141 244
32 133
124 194
46 224
26 121
56 174
35 58
5 205
107 120
80 197
106 141
48 135
0 73
94 173
25 47
19 161
42 146
153 166
90 199
141 218
65 173
127 231
132 202
38 162
2 220
109 210
9 111
36 96
9 19
137 233
144 168
156 210
59 142
85 229
110 222
33 53
139 180
92 116
7 165
106 167
67 227
191 230
76 77
86 227
62 197
75 115
58 231
178 201
142 157
3 36
129 191
5 224
139 212
12 170
158 239
138 238
65 180
10 66
3 13
79 174
129 233
57 162
36 157
66 72
12 195
115 150
65 89
7 130
19 228
152 239
111 140
127 143
57 194
61 153
59 78
40 242
6 163
97 199
15 163
123 175
62 238
76 128
78 83
110 158
12 205
66 147
127 153
62 209
173 215
123 232
43 217
23 58
222 224
7 137
130 238
50 63
220 241
30 48
176 242
59 131
5 206
10 49
9 185
72 108
48 76
193 221
15 216
29 239
40 138
130 229
42 120
33 90
135 165
61 241
50 158
15 45
6 94
44 127
51 205
31 152
99 197
2 217
15 31
56 58
37 169
38 39
71 181
168 232
223 237
230 247
23 127
12 131
139 221
175 177
42 180
208 244
127 211
143 211
94 121
51 116
11 89
44 155
161 239
0 213
45 212
235 247
9 172
143 219
0 144
42 172
131 176
36 54
99 194
38 49
73 100
6 84
14 189
128 202
3 91
202 216
51 238
53 160
22 162
54 162
19 226
57 195
195 209
5 101
147 150
44 220
0 152
42 54
166 182
170 244
49 126
114 238
41 100
115 127
166 181
27 37
9 186
71 84
186 234
76 131
188 222
41 101
125 155
41 83
179 189
63 167
51 228
32 181
159 195
111 148
27 192
0 53
84 214
124 198
53 122
79 163
25 180
2 204
37 187
44 126
209 216
44 47
11 178
80 206
189 228
169 233
107 169
36 71
13 105
80 121
52 66
193 243
84 197
21 196
92 234
0 52
51 146
164 201
133 176
115 120
39 213
71 98
60 236
142 166
101 116
19 98
91 168
3 65
11 38
124 126
205 228
124 230
23 152
215 245
17 179
35 217
0 197
56 244
157 215
63 212
131 177
154 242
44 236
105 214
162 168
49 193
122 169
131 247
72 96
191 243
127 130
127 159
67 77
43 224
38 224
3 106
21 113
7 97
54 157
74 178
119 216
79 191
140 210
188 212
56 181
6 184
17 61
163 241
84 239
34 160
28 242
49 164
113 207
115 159
85 168
145 236
204 224
94 177
116 184
92 159
149 165
63 128
144 182
54 118
190 235
13 28
182 192
165 242
158 176
76 107
