300 300
106
62
51
36
96
55
43
92
73
55
92
98
97
38
114
89
89
56
107
46
54
113
24
28
105
23
84
50
55
70
114
41
112
98
109
40
33
32
65
38
68
89
116
97
108
110
119
77
46
106
104
32
51
108
41
88
63
57
118
98
60
113
71
104
43
60
25
56
72
22
74
72
91
71
50
31
113
49
89
40
87
25
104
71
65
25
39
108
63
38
38
103
83
41
87
106
81
44
42
85
46
48
38
70
51
20
81
45
49
50
117
116
107
101
67
52
59
87
92
102
57
62
37
20
83
56
106
96
81
80
62
59
60
32
109
92
32
71
69
113
53
118
109
93
51
109
25
90
28
50
24
65
44
41
117
108
30
103
84
91
115
78
82
55
90
72
79
102
75
80
95
108
78
37
81
110
78
39
32
38
21
37
35
97
110
32
85
20
67
102
43
62
112
106
49
83
58
109
117
65
21
45
53
80
114
67
22
24
38
34
42
91
51
109
68
94
73
86
94
20
20
118
114
112
104
43
75
94
84
25
39
86
50
24
98
96
23
52
100
41
66
74
64
50
63
113
24
116
79
98
68
79
48
114
23
32
89
79
58
106
84
77
72
66
34
102
42
37
34
22
59
32
76
55
62
71
48
118
119
59
49
119
70
77
113
74
90
82
85
80
68
101
38
72
47
52
54
21
21
20
167 184
188 200
118 208
273 286
176 229
42 52
0 200
76 82
127 278
115 144
195 255
29 121
58 93
27 257
10 212
96 236
177 296
137 295
35 110
223 264
163 266
115 265
41 48
79 242
109 238
193 274
147 190
0 286
174 295
213 236
61 284
113 161
2 110
145 156
80 165
28 109
98 126
143 198
137 168
158 277
251 298
51 241
37 98
25 241
84 206
68 261
127 268
78 229
138 181
46 223
84 270
68 126
211 269
131 266
158 244
209 289
40 247
98 202
129 143
175 213
50 136
70 282
15 263
148 197
101 123
71 243
122 207
118 191
143 158
2 249
154 238
101 263
30 165
159 251
60 126
73 162
15 107
30 232
70 132
224 279
255 275
47 163
97 239
33 240
149 283
3 294
257 273
4 156
108 174
215 287
40 286
1 149
134 147
32 270
18 63
246 274
38 293
135 189
232 274
76 81
9 122
136 283
80 293
6 39
6 153
139 293
47 195
193 246
29 277
47 268
40 214
73 79
14 208
192 266
94 289
274 298
110 217
33 49
72 155
55 60
49 131
178 252
145 244
25 176
122 145
72 162
111 198
19 241
208 212
201 212
2 238
200 271
48 233
20 256
58 76
16 189
177 268
119 173
165 295
250 287
74 192
4 150
143 272
75 185
39 103
86 158
38 277
78 129
24 202
34 82
102 278
23 207
123 142
132 288
82 137
82 276
156 178
86 129
21 161
66 177
201 204
35 230
216 243
8 267
94 118
101 148
124 249
72 107
239 266
60 155
21 36
178 237
75 266
59 288
125 289
217 242
29 252
24 172
220 233
39 43
27 144
239 276
100 286
161 286
60 194
183 249
216 290
11 49
0 256
225 226
7 242
166 229
32 149
75 99
179 240
180 272
207 240
8 227
265 279
221 225
25 222
15 160
171 190
116 198
42 171
123 165
50 52
32 134
131 202
194 209
62 233
74 270
53 174
30 205
3 19
96 182
42 225
112 116
214 280
14 137
23 138
3 125
35 242
11 196
218 272
33 91
206 217
3 132
85 271
42 89
88 271
13 190
13 54
129 279
35 196
110 117
86 172
28 287
207 298
177 225
16 270
176 210
265 285
8 256
97 102
50 190
120 293
186 256
47 137
134 165
33 34
119 244
206 231
148 165
125 281
95 252
57 193
178 180
23 241
125 187
90 289
68 211
24 282
30 97
14 161
164 247
101 161
7 66
92 266
126 225
20 143
36 78
10 77
152 215
102 251
30 94
91 98
5 74
154 174
87 156
72 220
21 34
153 233
78 81
6 171
15 204
34 78
51 207
18 96
60 100
142 172
16 194
251 292
142 166
105 298
5 77
40 122
56 99
180 193
64 186
