50 500
101
86
109
43
71
73
106
93
107
60
20
109
34
97
76
73
84
111
41
99
74
45
67
111
88
92
20
72
65
35
43
99
101
32
22
105
38
108
78
25
48
79
114
63
108
70
116
73
114
90
17 45
28 45
20 36
11 48
7 26
5 44
15 36
17 37
40 44
17 26
37 39
8 22
16 39
12 40
18 33
2 3
0 13
33 49
22 44
1 48
20 39
6 31
12 26
23 39
10 17
13 26
2 28
18 43
35 36
39 46
48 49
1 22
18 20
1 20
8 19
9 17
29 48
17 41
26 43
30 46
5 45
24 34
42 47
27 34
25 31
26 32
23 48
33 45
17 36
17 38
34 45
26 49
19 35
13 17
0 12
3 45
28 32
9 29
5 7
32 41
6 27
25 27
15 45
10 13
15 31
16 36
6 34
30 48
6 41
3 17
21 27
0 5
3 30
13 16
9 37
36 45
20 25
2 22
14 36
1 3
22 39
4 7
15 37
4 45
20 24
29 33
42 46
5 43
40 43
12 20
3 48
13 20
22 42
26 29
11 36
15 48
27 32
37 48
25 46
32 42
22 27
12 34
7 25
35 37
5 40
2 27
24 33
5 14
15 28
2 26
18 26
4 11
18 48
17 31
15 32
4 9
23 42
28 30
6 37
8 18
1 16
21 34
18 49
0 22
26 28
39 40
11 32
15 39
22 28
30 37
23 28
12 19
42 43
47 49
16 30
9 49
19 44
20 45
12 23
4 47
14 31
6 15
45 47
27 30
8 34
2 47
30 47
29 40
22 48
7 47
19 23
3 44
8 49
14 22
13 24
29 41
46 47
44 47
27 42
23 26
28 37
19 25
17 25
23 49
9 28
26 35
0 11
31 41
2 38
28 49
22 32
8 28
0 18
26 36
13 37
38 43
37 38
20 35
3 4
6 12
33 40
3 32
7 14
20 44
5 9
16 37
1 5
43 45
14 38
2 33
20 26
24 29
7 43
29 42
9 18
37 40
3 46
10 35
37 41
13 30
29 38
20 21
31 46
6 44
21 39
13 28
7 21
25 43
15 30
28 33
3 13
13 23
6 42
24 37
18 44
18 45
2 41
8 12
19 33
40 49
11 12
34 47
7 24
14 37
39 48
2 17
3 31
28 46
20 34
15 35
2 37
9 16
28 47
1 46
12 18
11 17
18 47
13 41
8 32
13 25
15 46
34 37
19 32
5 36
2 8
17 18
16 33
24 36
8 45
22 45
14 30
10 29
28 44
10 19
16 26
27 46
0 42
5 42
2 23
41 49
11 23
19 45
17 19
15 33
0 27
22 36
12 35
4 17
4 36
41 42
7 16
10 31
8 42
4 33
23 40
5 6
2 30
22 41
3 28
9 39
16 43
1 10
0 28
30 38
14 24
28 35
16 38
11 18
22 25
4 15
8 16
21 26
5 32
10 33
3 15
32 44
5 12
15 34
8 36
24 30
18 39
9 40
35 47
3 18
9 11
0 21
26 27
11 31
30 49
4 29
4 43
46 49
5 30
10 40
28 29
35 45
22 24
29 35
29 32
7 27
4 6
19 48
4 18
35 49
0 4
9 32
30 44
1 12
25 47
19 26
1 35
8 44
29 37
13 48
18 35
16 18
17 27
19 36
2 45
32 46
11 45
7 15
39 42
36 49
2 15
18 36
16 23
36 40
44 48
25 32
27 45
14 42
23 44
25 41
9 26
26 46
14 44
29 31
7 12
13 42
33 46
38 46
3 27
0 32
25 28
6 11
23 37
7 32
15 41
10 39
4 14
24 43
10 48
2 44
0 44
23 34
3 16
23 33
34 41
17 39
6 7
21 48
10 22
8 26
26 38
0 45
5 33
1 44
35 40
17 43
3 42
29 47
20 28
2 14
20 32
18 34
15 29
12 41
9 19
15 42
6 30
6 9
27 31
20 31
20 43
11 29
37 42
1 14
21 25
15 38
0 6
13 44
4 32
14 43
12 43
25 42
14 39
2 49
34 40
33 48
8 43
11 21
27 36
0 34
20 47
6 13
40 48
32 33
3 26
0 2
1 45
38 45
2 20
9 23
0 47
8 20
1 21
11 14
7 42
6 14
7 19
8 9
14 46
2 10
33 41
4 16
10 44
27 41
11 35
13 14
6 47
30 36
22 46
32 47
13 38
40 47
8 46
21 46
1 40
6 48
5 21
4 25
14 28
12 13
10 11
3 21
1 9
10 42
41 46
0 20
40 46
36 39
16 46
0 37
3 43
16 31
29 45
41 48
3 6
12 15
28 48
0 48
11 40
36 43
15 21
0 15
18 27
25 33
5 23
5 38
21 40
33 39
3 25
24 49
16 35
10 12
1 18
35 41
6 23
15 18
