300 750
67
29
83
62
111
100
107
32
110
110
35
107
52
74
114
77
116
92
26
31
89
25
86
91
71
59
28
91
43
74
96
42
83
59
84
27
91
24
91
81
114
107
68
98
113
114
108
61
39
114
72
60
119
38
32
23
30
40
46
53
94
74
75
109
113
91
116
36
47
88
49
94
27
49
72
72
43
112
114
114
106
66
55
58
85
67
61
95
39
87
80
113
41
87
54
86
110
103
54
38
23
83
64
30
112
116
34
87
61
28
82
47
27
69
85
44
116
78
71
87
97
31
80
70
50
114
36
40
97
22
110
100
85
54
62
29
103
29
97
44
37
111
23
96
60
41
20
108
99
71
75
77
82
87
27
64
33
96
85
111
98
75
43
116
110
38
25
93
47
102
69
116
45
72
93
85
93
45
25
25
97
80
34
111
47
93
56
61
69
73
104
100
28
79
96
70
49
53
95
28
36
44
77
113
49
102
31
74
27
36
79
56
49
93
100
28
67
36
69
68
89
105
48
49
117
76
52
98
110
27
59
78
104
116
71
33
50
82
39
57
99
99
46
80
72
26
88
71
94
90
20
63
75
48
44
24
105
76
55
95
36
94
105
20
90
56
85
72
119
104
61
50
35
87
62
88
93
30
39
67
100
39
62
108
20
39
112
57
95
99
84
63
73
69
63
95
105
80
47
56
167 184
188 200
118 208
273 286
176 229
42 52
0 200
76 82
127 278
115 144
195 255
29 121
58 93
27 257
10 212
96 236
177 296
137 295
35 110
223 264
163 266
115 265
41 48
79 242
109 238
193 274
147 190
0 286
174 295
213 236
61 284
113 161
2 110
145 156
80 165
28 109
98 126
143 198
137 168
158 277
251 298
51 241
37 98
25 241
84 206
68 261
127 268
78 229
138 181
46 223
84 270
68 126
211 269
131 266
158 244
209 289
40 247
98 202
129 143
175 213
50 136
70 282
15 263
148 197
101 123
71 243
122 207
118 191
143 158
2 249
154 238
101 263
30 165
159 251
60 126
73 162
15 107
30 232
70 132
224 279
255 275
47 163
97 239
33 240
149 283
3 294
257 273
4 156
108 174
215 287
40 286
1 149
134 147
32 270
18 63
246 274
38 293
135 189
232 274
76 81
9 122
136 283
80 293
6 39
6 153
139 293
47 195
193 246
29 277
47 268
40 214
73 79
14 208
192 266
94 289
274 298
110 217
33 49
72 155
55 60
49 131
178 252
145 244
25 176
122 145
72 162
111 198
19 241
208 212
201 212
2 238
200 271
48 233
20 256
58 76
16 189
177 268
119 173
165 295
250 287
74 192
4 150
143 272
75 185
39 103
86 158
38 277
78 129
24 202
34 82
102 278
23 207
123 142
132 288
82 137
82 276
156 178
86 129
21 161
66 177
201 204
35 230
216 243
8 267
94 118
101 148
124 249
72 107
239 266
60 155
21 36
178 237
75 266
59 288
125 289
217 242
29 252
24 172
220 233
39 43
27 144
239 276
100 286
161 286
60 194
183 249
216 290
11 49
0 256
225 226
7 242
166 229
32 149
75 99
179 240
180 272
207 240
8 227
265 279
221 225
25 222
15 160
171 190
116 198
42 171
123 165
50 52
32 134
131 202
194 209
62 233
74 270
53 174
30 205
3 19
96 182
42 225
112 116
214 280
14 137
23 138
3 125
35 242
11 196
218 272
33 91
206 217
3 132
85 271
42 89
88 271
13 190
13 54
129 279
35 196
110 117
86 172
28 287
207 298
177 225
16 270
176 210
265 285
8 256
97 102
50 190
120 293
186 256
47 137
134 165
33 34
119 244
206 231
148 165
125 281
95 252
57 193
178 180
23 241
125 187
90 289
68 211
24 282
30 97
14 161
164 247
101 161
7 66
92 266
126 225
20 143
36 78
10 77
152 215
102 251
30 94
91 98
5 74
154 174
87 156
72 220
21 34
153 233
78 81
6 171
15 204
34 78
51 207
18 96
60 100
142 172
16 194
251 292
142 166
105 298
5 77
40 122
56 99
180 193
64 186
142 186
16 131
176 235
223 272
35 253
72 178
18 177
169 194
36 269
87 126
34 93
204 208
3 185
130 264
150 235
121 194
78 292
189 220
13 112
18 245
69 148
77 196
88 90
57 299
86 126
184 212
88 231
121 168
137 143
78 298
40 193
84 251
23 140
5 36
2 252
54 152
71 251
211 230
93 229
220 269
67 205
51 184
5 45
188 219
143 218
18 183
21 163
186 267
24 161
165 222
26 28
18 150
0 31
61 125
30 229
97 296
281 287
32 47
39 267
182 272
42 237
100 117
63 136
276 286
161 260
142 239
40 212
72 89
151 212
193 249
98 233
189 273
131 289
5 170
8 30
104 245
124 221
97 188
83 110
164 271
58 95
135 262
52 270
182 259
255 260
75 188
17 58
161 190
58 219
112 118
1 217
115 177
190 212
0 65
47 282
23 142
92 286
29 63
38 289
45 297
1 125
60 233
147 194
2 4
114 118
122 171
31 289
48 274
166 253
0 274
200 298
194 292
223 284
55 74
105 264
119 266
104 230
78 176
121 180
54 246
30 44
43 93
4 296
259 278
48 159
28 294
12 203
259 269
138 286
64 257
46 252
82 114
117 222
102 214
212 239
35 156
242 251
128 298
139 299
29 99
50 57
93 254
62 70
260 265
48 81
52 218
32 127
101 134
100 201
192 255
13 163
7 228
56 114
6 165
35 248
264 298
57 92
4 214
171 269
175 272
102 145
76 281
229 263
82 130
37 63
23 76
251 252
66 136
59 142
7 283
177 247
21 58
56 62
236 280
84 163
186 252
8 80
168 237
2 43
67 107
92 142
44 235
71 93
153 163
146 265
142 160
146 270
216 254
33 204
169 234
67 238
107 127
19 27
62 64
30 183
122 221
26 157
171 218
81 280
24 246
237 280
126 140
56 207
132 292
67 260
79 213
21 57
128 206
22 48
130 243
164 258
4 36
73 223
54 207
56 284
36 52
221 244
180 214
1 47
13 173
86 166
145 275
51 159
156 208
99 126
84 90
95 263
89 120
27 70
126 143
63 247
215 284
181 191
217 244
142 280
10 146
155 280
140 174
30 258
84 100
129 190
144 168
37 40
107 233
120 128
183 234
127 201
19 220
15 63
25 279
259 261
187 232
151 243
217 251
27 98
142 248
231 243
40 228
39 160
25 109
44 236
226 264
7 8
23 101
123 132
85 100
85 143
272 295
28 242
107 246
40 140
35 107
72 148
16 111
60 125
104 188
61 114
120 121
174 273
144 298
105 296
83 249
81 107
109 296
49 242
142 269
76 135
177 207
193 224
37 70
70 258
141 184
14 124
5 298
201 287
145 296
79 197
146 279
140 288
109 136
182 271
60 186
162 230
5 52
76 199
62 93
186 260
17 107
146 185
181 218
43 115
13 189
146 252
83 287
272 292
96 175
34 243
226 287
197 292
148 278
41 120
132 241
100 227
112 201
119 247
42 46
59 287
133 284
63 67
107 172
39 269
35 282
21 55
4 261
66 291
153 186
32 146
12 71
247 272
176 246
144 222
131 288
33 272
96 264
92 137
183 204
158 238
218 265
231 260
26 270
123 223
7 264
21 35
71 268
60 248
204 266
7 222
35 256
31 51
104 175
8 240
59 150
29 247
116 259
13 86
285 288
1 261
89 119
3 149
21 119
41 53
80 140
164 297
154 243
39 184
150 162
86 161
180 202
172 193
40 209
53 233
211 280
0 88
99 143
149 270
164 254
12 245
61 146
89 109
200 215
25 130
51 164
231 291
66 164
159 176
73 161
36 264
52 141
36 293
195 237
112 263
27 243
57 141
89 218
56 283
8 170
186 221
172 230
204 291
132 146
202 271
166 293
8 187
96 219
166 180
86 195
29 278
87 223
64 223
57 206
120 228
59 214
139 149
41 106
182 187
84 238
210 284
2 218
171 221
51 67
140 153
118 246
221 234
157 258
15 285
63 106
30 243
145 217
221 258
103 251
197 241
107 187
189 225
78 96
145 163
55 199
50 146
36 173
67 131
105 194
