300 5000
64
32
117
84
53
104
102
87
105
74
39
90
77
101
67
54
74
38
82
39
50
75
116
29
36
47
92
91
46
42
47
90
54
96
54
87
32
89
106
69
43
26
92
100
59
39
87
113
57
101
84
39
108
80
100
24
107
73
96
85
95
75
56
81
103
42
49
116
111
35
65
86
93
37
119
32
108
86
77
97
67
41
116
55
54
49
60
93
102
88
59
29
43
47
90
26
69
119
74
113
87
72
79
60
41
78
25
30
96
82
107
95
104
56
31
38
85
23
111
119
43
102
28
118
29
50
76
31
50
31
24
69
35
35
61
56
46
66
66
22
81
106
98
65
42
61
35
59
116
78
58
91
61
66
89
22
96
45
33
78
108
37
79
23
105
21
60
31
119
58
33
80
44
63
77
118
56
92
57
104
103
95
75
44
93
44
98
22
22
112
32
62
81
44
118
66
45
110
77
96
48
43
57
73
38
114
23
75
39
61
111
22
36
67
98
62
43
76
116
97
20
28
40
34
52
90
32
29
80
90
106
108
65
95
113
35
89
117
42
60
110
34
62
78
81
92
20
56
49
116
34
101
77
106
115
61
28
28
71
88
50
109
28
47
84
74
62
105
23
85
46
113
99
88
71
112
61
24
100
42
72
114
75
81
52
71
23
60
31
26
80
113
115
89
40
31
95
82
116
98
123 222
18 83
244 267
102 184
35 181
180 289
154 224
101 124
172 183
11 71
27 215
75 285
121 209
26 297
229 249
223 240
11 104
49 58
161 278
65 285
26 94
0 297
3 122
101 186
164 294
74 257
79 294
201 252
203 228
2 204
209 242
66 179
237 253
167 283
150 204
101 296
98 230
233 296
149 272
171 267
13 128
93 144
46 174
77 97
26 99
33 288
93 212
54 99
202 273
104 134
177 235
107 153
86 149
58 93
51 264
64 77
145 170
19 209
58 217
149 295
157 182
250 283
37 147
49 101
10 236
205 239
58 171
99 257
244 260
11 16
93 208
105 127
16 36
177 285
26 146
3 280
260 264
6 107
53 159
116 208
95 166
55 267
206 224
236 276
44 150
111 299
127 190
206 216
93 215
62 243
119 223
117 132
175 239
45 239
35 200
161 182
66 268
149 290
175 178
77 279
222 278
112 188
105 157
70 125
13 250
122 187
56 289
254 280
193 284
25 71
93 238
211 253
155 207
134 202
85 233
7 211
100 263
121 172
257 294
207 298
60 237
29 49
35 293
29 81
107 281
126 152
45 106
4 38
13 292
98 138
50 225
157 240
29 202
113 159
24 111
84 118
48 200
94 185
18 235
123 216
125 276
43 223
81 134
147 227
66 73
50 297
154 168
70 290
104 184
260 281
99 215
96 264
33 299
110 235
51 233
151 229
246 261
147 152
27 79
46 152
43 197
65 202
198 245
134 187
49 168
16 94
242 268
32 267
142 275
26 254
128 158
141 255
104 159
184 289
35 239
36 188
131 291
6 29
193 288
37 163
9 62
82 105
138 251
101 226
32 56
4 160
12 214
18 54
43 171
162 254
130 291
13 51
34 57
42 74
2 257
64 163
266 268
198 269
0 158
191 195
56 252
103 270
157 264
40 187
252 295
50 135
38 101
124 148
210 243
198 212
61 200
29 219
81 227
188 240
136 279
35 131
140 286
57 104
144 150
43 96
93 197
235 283
132 246
111 156
9 127
79 121
122 202
203 298
181 239
143 161
26 127
248 267
13 58
123 209
166 208
5 157
12 41
92 258
225 255
52 167
16 288
131 138
182 242
93 123
121 289
0 36
15 285
80 267
43 142
3 289
47 60
72 160
4 88
13 31
11 250
27 65
248 290
217 232
10 130
3 55
51 144
3 119
22 129
199 224
216 241
277 279
139 288
49 128
132 195
141 206
82 258
72 285
202 258
4 141
112 264
16 144
200 256
137 187
86 274
61 191
27 92
67 168
231 269
178 195
88 102
84 236
69 98
9 57
23 65
198 287
94 229
55 185
242 294
74 269
81 187
160 212
132 279
228 262
101 175
140 255
264 276
62 192
97 201
120 171
18 121
160 248
216 267
185 262
210 260
43 283
147 247
179 203
79 183
141 181
59 282
23 136
28 258
108 137
61 281
52 228
140 182
0 150
108 185
70 165
197 200
97 113
68 148
227 276
169 252
11 160
151 297
86 162
77 223
111 270
36 250
163 219
91 215
121 251
38 152
21 50
186 239
139 199
227 254
66 258
96 227
0 269
55 276
53 214
31 184
67 216
131 186
38 277
46 212
199 228
1 250
1 241
187 252
80 194
147 179
27 152
126 174
27 102
281 293
12 207
124 177
116 132
7 170
54 93
74 82
85 253
6 75
15 26
159 258
189 209
58 113
184 216
287 296
38 269
245 289
219 281
121 165
35 129
36 180
170 183
188 254
7 82
86 194
149 204
58 245
3 93
9 171
187 211
57 277
99 180
213 222
18 96
53 79
167 225
160 285
37 240
97 100
46 74
183 223
128 250
33 43
131 256
70 104
167 214
13 99
21 65
31 169
136 144
63 94
6 121
100 113
106 249
204 239
132 162
154 260
247 249
143 204
106 265
72 123
64 223
85 138
168 288
7 184
56 102
177 247
99 160
19 43
49 282
181 223
130 197
144 194
37 79
100 237
3 224
9 119
94 199
187 257
14 265
70 123
70 119
0 279
43 221
50 270
77 274
26 204
98 104
171 235
187 271
173 190
182 247
62 146
19 29
43 85
36 208
155 166
30 166
237 261
38 274
178 263
67 117
28 288
55 216
11 280
11 158
214 220
157 243
292 295
28 39
255 257
184 286
71 123
136 290
60 264
24 226
43 195
143 275
83 198
95 191
50 230
145 158
22 67
14 140
62 231
18 43
188 227
56 63
46 50
110 199
62 126
9 186
30 169
253 285
176 280
100 211
10 278
1 56
77 196
15 140
58 128
68 210
37 266
87 132
12 31
126 250
136 157
79 136
121 166
84 147
236 297
110 276
166 246
23 277
44 114
215 294
103 125
63 140
91 195
155 280
230 278
188 282
66 118
233 267
103 291
132 288
39 242
16 37
45 160
26 112
28 90
21 245
84 205
49 137
31 117
9 204
47 238
114 197
108 216
19 99
140 231
110 225
199 208
6 137
12 163
92 96
93 184
20 297
46 230
48 103
3 113
95 293
62 261
102 279
60 253
43 50
145 213
54 268
105 112
60 124
208 269
205 216
1 266
278 283
12 81
31 67
179 194
9 61
140 215
201 288
90 168
14 244
3 265
120 168
70 180
91 292
140 261
49 193
27 227
176 291
108 208
55 59
87 172
64 227
87 104
128 255
125 194
21 250
90 141
118 212
21 162
56 213
105 175
106 154
184 283
146 292
191 257
30 47
111 129
216 257
138 267
162 223
15 245
105 164
34 86
69 160
125 248
73 124
180 282
176 215
106 159
133 258
14 136
70 145
89 230
206 283
251 298
151 167
155 289
225 253
149 202
50 275
33 78
108 207
122 251
37 110
170 280
69 168
191 237
13 219
49 280
125 284
28 47
203 255
18 157
180 219
189 246
67 205
19 297
27 86
59 181
227 246
193 241
165 226
290 291
89 262
71 165
89 96
22 28
61 133
7 63
74 130
124 213
201 292
135 210
52 219
137 279
83 165
31 272
9 14
74 271
104 197
188 252
263 287
100 281
44 96
159 171
124 226
47 180
117 257
15 221
177 204
42 252
277 287
48 125
251 291
19 147
149 260
100 188
81 223
71 288
177 199
103 242
24 41
193 283
50 299
114 176
118 255
242 270
95 148
43 139
99 114
248 286
74 138
188 297
176 219
69 148
63 76
152 252
105 287
45 104
38 211
32 45
29 54
39 177
82 202
2 68
54 197
2 271
191 193
21 164
90 119
65 247
17 205
62 99
56 144
94 218
55 250
137 191
5 231
66 207
13 134
261 262
240 264
185 234
7 207
26 102
149 167
54 274
125 184
117 240
35 270
77 87
38 278
95 266
32 261
27 54
16 218
159 289
32 275
44 239
146 282
17 131
65 291
1 238
107 117
139 242
81 194
216 232
111 235
79 125
19 134
152 238
141 202
149 234
169 245
203 225
144 242
35 209
25 234
103 211
132 205
26 294
38 210
11 149
90 197
26 217
178 276
178 207
56 72
164 241
1 89
144 197
32 231
18 107
8 18
140 173
167 275
129 230
27 214
72 241
49 296
119 203
243 279
11 144
64 184
81 285
17 262
64 69
73 87
12 139
114 265
179 184
61 179
93 166
140 239
34 136
206 288
91 267
149 154
86 111
97 218
35 166
1 6
160 192
70 126
2 6
62 237
63 229
31 255
117 168
91 208
23 234
175 225
39 88
6 63
106 239
69 292
164 230
185 235
108 243
170 237
52 181
99 264
7 19
81 150
157 227
84 103
134 224
194 197
82 282
179 273
0 240
105 266
151 230
38 40
94 277
27 209
60 81
88 291
125 132
59 238
74 282
116 214
50 108
32 65
242 296
6 183
24 296
40 227
80 175
21 265
109 226
101 190
39 92
171 278
217 268
230 251
42 197
92 119
57 184
52 176
180 234
27 258
156 185
107 121
216 259
60 100
158 191
136 152
62 122
44 156
73 250
245 293
51 94
129 270
10 103
90 257
215 239
95 117
153 276
112 268
120 192
102 224
11 128
73 238
2 146
76 170
96 163
73 190
202 266
69 212
169 264
203 211
80 137
290 298
19 56
0 154
130 139
102 151
261 276
198 238
34 89
62 162
80 276
116 189
81 202
195 284
35 194
2 237
54 91
3 245
105 221
96 232
125 198
188 193
23 34
137 223
196 199
12 218
88 120
145 199
182 285
94 231
84 217
175 237
149 268
94 117
133 292
78 242
181 265
112 156
60 155
73 107
124 248
245 270
147 282
152 293
121 214
77 200
5 196
137 216
33 39
27 276
117 209
45 281
117 200
41 276
25 217
22 224
123 187
4 91
169 218
246 264
118 160
3 7
77 209
162 291
0 19
117 190
280 287
149 150
239 243
125 264
50 161
100 286
42 225
94 192
13 156
93 131
69 96
146 191
6 234
58 60
2 253
176 285
78 289
134 228
22 259
183 244
61 282
39 283
25 227
38 133
84 226
153 221
75 164
51 81
98 111
103 191
114 119
140 155
198 274
136 220
80 286
99 103
115 138
138 192
24 66
202 282
250 255
25 107
120 158
158 270
126 135
169 266
43 119
179 293
39 279
11 194
126 130
33 269
70 151
52 293
53 295
8 160
73 180
70 283
91 150
28 85
7 279
22 295
40 126
166 201
71 212
112 201
91 197
161 222
48 267
101 214
263 274
13 88
83 154
56 71
209 227
85 206
132 216
42 228
172 181
243 260
93 125
196 236
22 119
71 98
64 86
101 224
38 238
192 241
13 73
0 222
190 269
134 284
67 193
188 245
70 161
85 149
92 256
215 247
11 94
140 196
49 78
137 293
151 202
204 294
131 176
110 118
153 297
46 103
64 100
235 277
72 170
14 127
28 126
122 230
122 138
70 239
252 260
155 233
214 279
59 143
110 170
261 263
64 219
62 283
164 297
13 86
69 192
101 149
156 271
94 257
96 209
81 106
20 64
60 176
163 222
46 125
17 186
241 248
52 106
65 297
66 192
9 45
28 267
180 290
137 184
32 84
98 190
113 215
225 263
91 126
148 189
3 34
206 245
34 258
31 103
47 76
93 116
25 113
50 106
215 243
0 185
148 280
71 225
27 73
82 260
107 166
79 193
177 182
5 276
177 230
75 142
8 293
100 152
58 67
147 244
32 133
113 244
170 233
12 185
145 243
94 103
64 174
48 293
25 108
38 298
140 202
165 248
18 148
152 258
85 299
218 255
83 199
32 68
121 269
65 80
166 227
220 282
20 101
209 275
25 45
0 218
118 183
129 152
203 269
84 239
35 286
23 107
157 292
187 274
114 159
193 246
266 267
169 229
12 246
64 229
146 216
35 64
30 216
51 216
0 119
157 290
66 87
244 264
110 204
21 218
18 164
38 215
131 136
195 267
82 196
11 299
42 75
86 124
43 54
175 214
54 218
123 141
36 88
138 146
108 292
62 168
83 273
100 156
119 219
53 103
15 166
52 110
190 241
36 286
162 244
50 250
73 132
168 244
82 213
66 257
190 234
20 215
17 172
123 288
278 292
42 59
144 146
137 221
37 208
33 173
122 175
136 254
80 249
174 214
214 292
156 172
227 244
124 296
168 299
27 278
122 272
173 193
260 262
101 185
48 223
61 184
62 229
16 155
28 282
148 200
127 138
14 196
65 123
14 108
277 292
187 249
113 166
48 127
116 175
24 177
5 111
127 291
19 161
61 109
0 272
168 188
11 66
80 285
172 263
59 124
43 264
172 211
0 221
89 260
227 284
39 266
9 289
166 202
28 81
53 263
80 203
146 273
215 259
87 279
103 222
71 198
150 172
110 123
50 261
146 280
141 187
60 289
70 90
88 105
168 175
9 149
66 276
45 108
63 82
13 201
20 99
84 170
259 271
32 233
62 230
203 265
118 254
260 263
77 103
65 252
23 126
90 153
102 261
187 217
43 88
116 231
15 188
211 286
27 71
89 196
1 161
44 171
60 168
131 297
163 197
75 155
29 178
168 216
95 212
26 57
80 297
94 118
121 208
157 189
243 262
6 18
114 238
118 246
235 282
195 237
221 270
2 92
148 260
244 270
27 224
4 22
24 116
175 285
64 289
142 251
7 212
10 174
128 151
120 138
15 162
75 135
37 219
137 238
108 232
208 234
135 256
212 265
73 140
39 256
66 264
128 251
138 154
8 10
45 223
77 120
58 114
92 248
52 76
108 286
284 295
249 295
120 207
89 104
46 234
52 195
62 199
232 252
53 241
14 150
91 216
23 26
115 257
62 274
134 191
100 227
95 130
37 177
18 215
194 202
89 116
230 254
187 288
94 234
180 248
96 244
101 122
82 149
25 215
15 283
113 253
163 182
130 203
97 252
32 121
39 186
51 175
38 226
106 269
213 286
130 254
128 233
198 277
13 93
46 213
128 178
81 280
232 259
43 178
105 117
82 157
44 60
65 195
218 233
30 172
115 263
1 98
30 279
43 262
142 222
3 202
153 186
197 234
103 292
31 201
92 147
148 212
10 133
235 294
249 258
99 236
266 289
113 148
10 110
35 284
4 237
39 158
25 175
107 219
128 190
27 120
34 268
97 291
154 286
32 103
20 244
233 254
102 286
46 48
81 264
84 269
70 124
127 297
149 286
30 217
89 176
57 211
49 110
8 264
35 40
21 60
98 264
62 124
140 199
195 283
17 109
159 288
274 283
39 203
73 96
114 183
174 197
147 284
15 266
78 287
31 176
93 163
4 127
40 163
57 165
22 154
31 72
55 180
83 122
180 271
63 249
123 168
153 210
219 220
216 252
96 131
97 275
135 138
53 138
161 247
19 207
139 244
67 127
7 223
38 224
71 258
33 48
163 189
84 262
109 178
88 257
9 237
197 284
123 127
75 250
209 284
48 273
23 47
33 137
156 248
48 96
241 259
203 289
95 150
81 183
107 143
92 173
0 92
94 267
3 75
3 222
103 283
83 247
32 179
127 220
16 188
130 227
28 216
33 123
67 167
59 226
62 284
70 154
37 284
0 112
3 40
76 86
33 158
37 159
79 118
6 216
143 148
176 188
60 222
51 127
141 162
53 203
124 146
109 183
109 213
6 295
81 164
22 82
166 241
112 284
28 72
43 272
172 231
200 284
153 252
46 111
166 216
1 13
92 110
58 248
243 271
64 135
76 146
210 294
22 139
263 279
22 102
26 236
5 136
10 211
7 257
90 259
72 234
20 121
93 292
15 108
91 228
190 254
85 145
116 264
67 109
97 190
93 196
104 285
107 126
116 277
119 185
9 75
106 197
42 148
259 270
239 265
76 213
163 177
24 245
135 244
90 121
83 106
190 246
275 284
7 221
134 147
230 253
63 83
125 155
114 211
148 202
61 132
279 295
224 238
19 235
111 192
25 195
23 298
35 137
196 298
145 256
83 187
150 166
44 214
172 192
4 116
147 253
51 243
178 235
255 262
13 182
30 71
29 48
4 268
51 226
77 243
246 269
13 135
28 205
64 210
115 228
51 154
84 186
38 200
92 272
122 265
13 44
12 203
70 130
65 115
84 259
98 275
55 101
56 165
266 284
120 281
87 219
126 256
100 171
98 137
142 223
178 202
24 206
8 21
19 90
153 158
113 256
129 267
11 185
29 184
165 169
201 256
136 158
60 134
233 258
233 249
127 151
86 112
172 176
159 266
17 192
5 171
0 25
89 272
157 185
106 118
20 74
63 263
178 197
75 188
24 182
175 286
103 148
7 158
50 121
77 293
102 108
80 293
191 231
62 289
37 116
82 152
12 79
102 154
252 284
126 230
98 157
112 246
261 271
6 134
73 83
127 181
173 237
14 181
55 156
193 243
25 171
2 98
89 200
41 208
138 236
35 168
32 296
9 33
39 55
129 143
23 174
62 164
76 248
184 288
49 55
65 147
110 206
18 99
36 299
167 209
71 205
156 252
7 214
109 196
122 136
132 251
132 286
79 83
236 263
38 71
19 188
129 237
37 94
108 125
13 248
13 265
104 279
52 273
141 161
164 213
158 244
146 297
226 236
9 174
107 155
7 263
1 140
15 115
88 181
32 192
57 212
53 245
172 271
79 135
85 289
79 134
135 287
72 255
16 213
73 298
13 171
80 173
153 195
240 241
128 272
41 133
82 130
53 94
2 225
140 188
214 268
26 50
255 281
174 220
49 224
221 293
73 237
90 146
21 138
83 149
110 268
190 244
37 99
186 262
45 177
72 206
213 279
105 205
133 155
129 179
76 118
4 274
25 260
43 112
227 274
11 169
110 219
216 258
16 221
61 154
60 150
181 185
25 291
86 159
146 267
90 222
94 137
97 248
60 172
99 140
34 151
5 20
14 279
82 274
128 252
102 143
29 241
35 266
72 121
177 218
140 267
140 277
62 140
74 286
200 266
137 286
157 169
44 183
18 188
17 140
198 213
191 294
29 294
66 158
87 202
42 284
107 176
71 221
16 197
207 268
44 163
85 254
201 298
20 142
38 68
267 282
29 251
158 245
58 68
11 13
156 295
15 107
171 179
187 236
128 143
155 292
161 187
77 140
149 212
280 282
17 187
138 299
46 158
83 156
146 278
134 221
29 141
64 149
85 208
3 36
210 280
80 167
72 209
8 36
59 290
68 298
59 68
137 157
272 278
14 256
119 287
12 143
16 292
77 276
80 130
65 110
30 115
38 107
203 218
80 271
192 216
39 105
17 49
78 115
26 249
103 169
119 261
90 213
161 223
206 266
58 288
133 217
36 78
158 187
59 104
50 99
152 261
39 168
194 267
40 70
54 115
29 190
38 196
119 124
82 251
9 137
70 270
148 279
58 166
59 118
22 161
269 284
13 189
75 281
136 168
51 251
222 293
32 118
31 157
282 290
127 239
10 44
75 150
241 269
16 130
131 151
52 144
93 179
177 281
47 281
21 284
17 274
58 192
174 182
40 113
61 136
175 263
86 211
205 276
106 107
273 290
10 77
103 187
64 256
56 84
45 68
20 129
21 137
11 130
170 255
69 177
22 84
60 242
50 227
219 252
40 229
29 279
84 286
44 168
89 94
223 288
126 161
291 297
4 189
66 214
25 73
210 223
47 165
27 270
189 267
60 279
61 170
39 254
83 99
174 193
215 225
138 168
93 217
182 282
148 222
47 101
24 173
257 272
228 241
51 209
40 269
8 144
46 243
92 221
69 136
56 188
207 281
141 274
196 263
116 289
214 295
140 253
82 187
233 238
154 291
21 260
165 246
20 293
108 112
266 296
154 233
53 141
27 135
150 282
24 275
267 270
107 238
177 275
208 241
168 284
63 241
9 296
17 107
54 267
20 181
16 115
69 226
8 61
123 212
5 93
38 69
32 234
29 102
203 206
30 260
170 211
33 186
78 259
7 86
21 155
129 285
195 278
124 216
6 252
187 245
26 38
41 55
85 171
68 77
40 150
89 263
113 122
192 201
82 209
30 155
64 159
95 192
107 108
59 271
166 268
205 298
92 294
165 260
80 177
270 294
84 230
43 233
134 206
40 287
160 247
191 229
7 36
51 278
148 218
146 246
123 292
83 238
158 168
152 163
138 145
240 247
228 257
1 287
287 298
213 227
178 220
230 264
112 250
148 248
10 23
240 249
106 150
21 169
3 59
43 166
158 182
139 290
86 278
136 140
17 53
64 195
25 80
77 192
223 254
100 216
255 258
66 124
31 69
235 249
117 165
108 155
246 257
149 185
83 202
199 255
150 280
79 279
8 223
157 231
9 177
133 147
20 214
9 51
35 245
1 252
62 109
19 108
55 293
169 190
176 196
89 98
68 156
164 177
86 291
148 221
47 96
54 116
13 115
101 219
60 220
53 123
29 161
137 194
115 207
27 155
169 291
148 253
130 237
64 281
264 269
8 12
25 233
123 152
178 236
73 232
59 154
5 145
43 52
121 123
112 207
212 292
12 229
95 129
64 262
93 216
105 181
114 276
100 183
18 113
88 143
45 147
243 298
93 152
25 47
7 216
190 208
219 254
66 190
83 204
130 177
11 121
34 97
177 269
196 249
37 83
39 180
89 236
171 183
151 218
108 230
112 149
2 63
98 258
75 79
110 229
39 79
230 235
20 162
27 43
8 116
201 218
51 141
120 203
71 280
15 273
43 69
241 242
27 39
69 159
179 201
140 241
11 122
225 228
194 255
20 255
124 291
156 175
28 132
130 256
9 197
104 281
222 266
46 98
13 168
257 267
99 149
162 260
23 240
140 218
160 196
20 225
133 151
36 247
78 162
44 223
25 275
178 299
12 40
49 98
31 249
43 198
164 273
4 284
191 232
164 168
68 252
2 251
156 164
29 200
57 139
218 277
51 276
40 298
72 244
0 194
164 167
111 168
83 84
204 281
39 60
120 197
12 88
229 289
7 32
207 265
6 175
171 258
130 258
122 233
42 201
44 284
75 126
31 124
109 215
6 143
87 208
17 95
154 197
49 215
113 277
71 273
155 200
81 266
152 255
105 251
47 297
124 142
122 266
207 231
102 233
20 290
10 137
43 191
175 208
200 220
32 120
55 113
86 259
69 89
65 118
136 259
11 242
201 225
14 282
72 173
26 268
15 253
153 209
55 260
74 194
195 220
35 37
14 172
256 296
235 273
210 229
214 235
217 266
139 280
7 41
56 160
37 260
166 291
99 298
72 126
45 98
80 268
187 282
4 235
239 290
200 260
195 221
166 187
113 147
78 154
206 238
218 263
27 254
25 136
15 105
150 202
113 170
35 53
91 152
194 288
83 249
4 147
13 144
9 243
21 212
118 164
12 127
39 89
133 225
117 291
240 267
106 245
137 280
41 159
124 147
207 287
96 134
211 293
148 154
2 60
218 227
231 239
20 97
31 283
148 297
274 290
167 271
56 96
252 255
76 149
136 154
3 35
23 246
223 296
50 152
131 283
266 269
71 118
38 154
36 101
54 127
26 221
99 174
29 103
35 231
118 266
38 141
86 264
64 168
100 189
210 299
66 70
28 157
130 276
30 193
9 271
3 108
32 145
26 263
194 262
61 81
152 160
176 274
39 290
44 179
44 139
89 257
118 166
114 143
0 59
9 225
82 229
170 279
133 261
28 119
109 240
23 83
13 117
174 213
65 245
34 257
23 176
189 204
71 204
1 296
83 214
136 225
63 187
120 269
215 297
24 291
14 290
80 107
34 72
25 99
82 111
122 258
16 64
29 272
65 77
200 238
3 74
242 263
44 136
41 157
179 233
83 194
92 190
26 126
15 103
97 226
100 266
34 55
136 164
7 281
213 245
182 268
20 197
116 210
85 119
209 265
197 211
235 289
23 250
92 249
47 110
18 145
152 290
0 256
169 224
183 187
37 269
6 247
111 234
197 240
8 175
83 186
30 126
85 225
140 187
122 205
137 257
39 78
55 191
75 260
242 298
0 96
82 245
111 237
171 279
112 165
255 290
40 195
35 268
48 227
73 184
170 210
1 142
1 85
56 262
212 298
8 260
90 162
121 194
33 58
286 288
49 233
69 80
59 269
42 117
39 244
4 138
6 40
96 223
136 268
145 196
39 237
7 131
40 160
147 189
81 290
132 161
59 153
228 273
195 217
20 252
55 60
30 209
55 166
62 63
200 299
102 259
14 130
52 71
133 213
46 114
46 225
19 199
147 154
226 288
43 99
161 286
74 247
240 243
3 5
55 255
4 209
186 215
224 267
183 198
49 83
255 270
258 282
133 181
54 219
128 294
167 289
120 222
228 294
50 177
92 137
61 236
111 297
15 199
121 134
236 269
229 251
162 246
0 84
81 130
0 180
1 119
113 222
100 229
66 215
151 244
108 180
131 201
74 123
17 89
25 277
272 290
75 139
24 220
205 221
77 258
143 242
187 295
5 158
61 240
48 237
68 262
36 171
13 138
84 125
38 61
62 115
200 242
139 173
44 200
2 289
219 241
77 285
277 298
139 236
25 153
56 248
190 194
13 274
71 104
88 187
218 288
57 181
81 161
7 153
58 207
30 297
34 148
107 199
11 298
88 135
152 243
36 94
50 190
68 261
206 208
124 200
82 197
110 182
35 163
118 274
167 243
4 143
163 201
42 212
162 229
0 66
88 225
115 160
190 280
96 128
29 189
138 221
155 163
78 248
118 190
52 185
108 285
81 186
123 272
150 186
105 150
4 82
164 291
181 197
30 85
106 251
21 223
158 224
48 100
42 204
65 67
89 266
169 242
27 99
31 71
62 181
130 247
143 296
26 208
66 281
29 256
180 240
275 287
144 273
55 261
73 92
35 50
77 242
14 186
68 108
107 128
124 198
202 232
173 283
13 240
121 222
210 253
148 149
235 255
28 111
28 161
23 115
1 291
89 151
121 217
72 259
94 210
48 178
103 194
32 134
168 254
7 121
155 216
23 152
134 162
47 99
38 214
55 152
242 274
24 201
46 118
163 276
57 167
0 243
205 251
122 174
158 197
21 26
83 258
130 264
57 230
221 261
163 285
9 235
33 64
180 227
36 194
59 246
120 282
193 233
69 259
152 266
269 282
35 78
212 256
40 249
119 275
10 235
61 242
123 214
2 41
69 195
15 33
16 255
188 261
9 148
162 279
169 261
197 248
173 205
174 288
15 76
11 184
76 127
251 277
220 279
20 116
64 88
80 123
11 28
37 93
72 211
81 251
33 200
29 258
69 105
132 181
17 84
213 244
196 273
116 216
4 289
69 284
77 107
157 201
119 295
82 194
119 198
153 163
98 244
111 256
13 244
137 150
115 209
31 159
77 164
62 72
149 285
186 221
6 92
233 253
53 175
90 151
1 206
35 69
100 257
2 78
33 117
192 287
117 201
56 273
93 231
152 175
233 280
213 297
18 141
14 224
101 143
111 202
204 299
32 190
74 229
225 275
33 46
0 29
127 227
159 234
213 231
124 151
143 155
169 293
67 188
23 165
40 225
40 277
167 181
124 255
101 148
247 282
35 187
210 262
27 48
72 192
12 270
260 293
52 177
154 270
144 151
73 269
159 274
122 141
9 221
176 249
75 191
0 212
66 105
102 145
46 206
228 269
58 281
221 288
34 243
178 194
20 146
5 199
22 294
147 267
75 83
211 268
180 266
85 211
38 65
244 282
112 252
172 222
145 233
19 210
140 157
198 286
149 177
223 292
191 223
59 190
210 266
270 285
91 233
70 181
104 299
125 163
49 56
42 85
48 194
61 86
11 205
72 82
64 161
7 247
26 195
157 165
0 11
99 133
150 181
58 237
13 46
98 107
53 88
146 149
51 139
161 212
22 185
28 190
36 210
106 189
47 62
23 125
99 122
10 33
24 247
37 91
199 293
133 136
4 34
144 283
138 144
23 108
188 218
128 266
155 276
90 286
10 254
54 215
184 225
87 209
178 225
270 298
129 186
104 186
87 221
30 59
190 283
134 201
100 130
81 107
120 256
210 249
182 217
103 142
27 119
26 34
90 163
212 246
49 185
85 131
68 296
73 131
21 256
154 231
115 187
64 274
150 156
166 281
176 275
2 270
56 295
45 271
73 135
256 279
82 288
61 110
38 93
153 216
33 190
183 217
99 199
74 101
122 128
179 261
12 151
6 147
276 288
68 232
52 170
86 275
60 257
28 175
127 295
96 126
220 253
127 134
95 151
54 191
39 153
15 159
19 213
29 94
134 189
27 121
143 181
18 108
176 287
25 196
201 241
127 245
81 148
222 272
127 203
63 285
20 274
0 285
82 294
132 235
253 268
15 111
63 182
88 155
32 85
165 282
234 256
137 189
83 253
104 174
227 279
89 273
29 261
28 227
114 140
22 151
65 229
70 153
221 237
155 203
102 141
160 291
30 243
244 257
99 276
236 241
249 297
214 262
26 141
166 290
7 193
237 241
146 259
7 180
135 214
135 237
47 56
138 228
43 225
142 147
83 201
80 298
106 217
191 207
25 199
18 153
164 188
195 216
51 96
161 231
269 288
31 268
74 108
7 245
198 216
52 91
153 223
70 102
82 293
29 159
182 244
132 177
93 98
79 194
144 293
126 184
157 262
122 204
150 283
130 199
3 201
105 248
23 30
53 151
66 287
32 86
111 211
107 280
104 158
67 248
50 241
98 123
2 198
5 96
45 100
123 163
66 127
17 228
213 268
135 245
86 109
206 265
245 250
64 84
26 250
48 115
50 246
98 174
89 147
155 274
43 202
69 222
14 179
30 276
115 175
141 288
60 290
176 225
3 240
288 291
160 205
255 287
85 87
102 176
111 128
32 66
153 172
103 288
219 265
95 133
80 121
192 236
112 161
68 104
112 217
93 174
24 132
217 283
81 288
72 163
35 147
135 225
144 190
284 291
197 227
61 228
141 297
58 165
10 161
185 232
113 142
49 112
89 148
11 193
40 161
99 138
175 289
34 80
26 65
14 64
5 293
75 146
42 292
203 256
55 188
140 197
53 189
61 253
30 254
17 243
46 168
81 222
157 168
2 274
118 194
199 288
111 115
98 153
54 160
108 215
100 164
190 226
54 273
123 180
216 227
291 298
200 201
164 175
73 215
115 185
83 213
90 243
199 268
15 210
74 200
115 142
115 181
32 44
35 160
82 113
0 288
68 163
164 193
130 279
130 213
245 273
208 265
118 172
124 280
147 193
193 266
69 134
113 126
38 166
201 248
151 189
0 271
104 216
217 286
99 247
192 252
209 244
31 189
120 276
37 87
158 221
100 221
139 271
138 224
42 139
113 139
65 269
54 256
134 208
206 299
120 208
98 203
23 179
162 187
45 101
135 201
68 274
91 293
113 185
4 158
3 128
37 111
136 166
96 171
78 165
73 268
172 281
56 223
103 110
219 256
54 207
157 276
1 29
194 269
179 238
199 241
10 59
195 279
150 176
43 93
12 280
167 261
142 236
18 39
5 289
212 296
43 205
72 188
209 258
197 267
141 166
138 200
117 228
148 157
20 243
0 250
169 255
14 243
12 32
21 83
116 281
40 222
189 299
183 208
24 248
86 126
54 277
177 256
211 276
120 214
76 276
135 290
71 199
74 158
147 268
241 250
16 282
205 224
33 107
165 281
184 291
119 213
97 127
61 90
103 210
132 275
38 162
110 174
1 62
30 268
200 262
216 280
29 173
38 64
0 62
81 233
179 213
3 61
216 292
213 267
48 252
114 243
134 276
6 96
263 266
79 225
5 287
79 86
44 273
17 34
9 47
2 12
28 51
16 210
26 182
2 153
17 179
165 178
23 186
10 201
235 290
47 280
111 275
185 248
155 255
34 254
36 264
18 45
35 139
7 165
212 269
219 286
92 150
30 152
173 214
215 231
149 263
124 262
126 200
33 124
155 210
171 287
57 299
190 216
144 223
56 114
27 136
100 280
4 177
218 293
18 120
8 33
134 244
121 233
140 167
83 206
11 82
263 280
108 273
81 203
91 222
74 160
71 90
131 133
126 263
134 169
166 296
268 281
39 187
121 122
93 185
57 257
68 217
63 191
212 275
265 283
65 148
169 258
198 295
119 222
182 270
37 202
76 252
90 125
199 235
10 208
227 292
190 261
5 296
152 260
46 295
212 278
88 146
125 249
48 253
130 205
126 193
3 120
132 168
8 284
128 288
124 206
86 225
91 288
193 200
33 121
98 122
147 211
75 165
89 258
70 267
151 235
190 271
22 290
50 140
58 268
90 265
144 177
133 190
135 268
85 141
169 184
80 264
83 91
224 245
49 67
192 200
54 82
44 172
64 156
94 266
32 184
177 283
61 225
62 81
61 199
230 275
135 239
62 218
80 195
87 178
232 280
204 221
129 276
122 268
53 95
6 79
117 253
228 295
99 183
161 167
101 250
272 296
30 150
62 135
82 108
19 58
85 180
92 239
126 216
111 272
142 270
45 241
205 264
6 155
127 214
55 296
242 278
111 112
51 130
40 223
155 169
14 177
93 146
192 257
118 167
74 260
119 189
94 253
108 135
102 152
207 288
18 98
202 261
5 130
53 91
13 45
223 261
79 107
68 271
65 238
138 139
27 198
10 152
121 197
12 274
0 299
150 233
18 187
111 149
192 255
238 254
99 213
33 75
70 140
209 272
31 222
93 288
74 162
188 290
158 192
59 253
10 65
33 156
108 129
0 266
31 161
188 201
15 176
63 166
3 154
208 293
100 177
203 290
156 262
166 243
80 239
113 249
78 147
89 221
30 273
55 243
56 296
145 232
11 260
150 165
16 59
210 245
166 211
119 235
128 230
38 260
169 287
17 73
46 117
106 148
71 214
91 127
210 288
59 273
1 210
17 190
21 100
262 284
197 266
104 147
49 159
233 285
50 66
83 224
155 198
42 190
152 282
42 82
83 125
4 67
25 100
114 168
11 165
85 243
44 292
110 282
65 95
45 86
29 220
139 203
181 222
59 297
1 5
126 158
26 46
87 272
36 285
5 122
116 279
23 119
101 213
8 185
219 271
105 139
0 245
91 167
224 293
92 171
82 118
107 218
143 263
77 174
131 249
44 197
50 82
21 104
105 210
158 161
74 92
99 137
191 298
8 133
62 278
20 240
83 285
35 63
166 257
12 206
15 288
93 136
49 277
4 95
155 206
205 284
45 47
38 109
23 278
9 181
113 216
122 124
82 188
28 45
113 138
90 161
165 239
223 244
12 181
86 198
42 176
59 117
206 240
71 178
54 156
193 239
242 273
245 284
41 149
135 255
75 240
163 172
71 184
96 222
183 233
173 275
111 232
75 173
87 130
72 268
5 60
69 154
154 205
109 146
32 33
61 103
158 217
77 203
93 250
204 230
75 183
26 56
151 220
59 106
105 119
163 175
25 69
132 134
216 268
19 137
148 187
40 280
151 270
34 237
15 98
235 279
34 294
137 139
52 166
66 191
174 250
78 142
166 297
171 237
111 186
143 289
1 80
75 99
96 217
83 100
186 248
78 138
77 296
116 187
17 146
13 258
67 182
140 293
188 232
204 269
84 117
173 236
122 252
82 122
12 251
78 254
18 147
71 294
35 81
61 263
8 108
92 202
31 197
77 218
213 236
87 109
39 201
75 283
122 295
26 252
73 270
58 168
154 227
170 212
72 288
230 242
179 216
274 293
97 262
236 258
71 159
150 286
13 102
52 102
125 187
107 125
32 235
86 147
126 202
132 272
69 188
12 43
161 234
5 192
98 128
104 126
90 235
28 38
103 182
42 142
7 20
149 242
52 287
6 142
114 190
2 183
254 278
116 236
163 266
144 285
75 151
172 241
54 231
25 135
114 155
108 175
214 259
2 17
28 116
208 211
171 214
159 241
40 48
25 192
43 192
64 153
36 136
161 171
88 145
3 90
108 148
16 31
68 295
47 288
65 265
209 217
40 122
45 258
119 211
82 290
260 280
81 263
128 241
46 196
9 93
136 291
82 235
74 222
256 291
228 260
102 113
148 263
230 243
6 255
139 210
90 270
16 80
39 141
110 175
184 244
110 241
43 184
51 215
143 228
41 63
115 297
145 165
78 160
128 136
90 167
137 275
107 233
153 272
15 248
133 199
9 259
54 126
41 245
105 173
168 236
114 131
96 259
250 263
101 278
34 100
5 85
58 86
73 257
84 219
18 97
16 139
138 244
74 241
113 208
59 96
240 262
201 213
3 255
28 89
113 200
114 186
85 157
228 270
109 182
54 185
146 219
146 258
15 290
200 278
102 283
243 290
157 186
98 246
211 266
133 146
56 97
67 218
153 284
229 280
35 225
124 165
63 254
21 82
106 282
136 294
131 293
229 232
199 292
138 140
32 289
2 246
109 282
38 155
81 262
79 257
39 243
49 100
73 152
190 210
22 198
183 203
3 195
82 144
86 166
32 185
220 294
67 76
32 81
157 209
166 261
205 236
6 30
249 293
191 240
23 144
26 74
177 222
108 126
47 262
81 102
175 187
84 162
96 124
2 85
81 259
139 226
219 289
88 282
111 162
178 289
112 249
76 199
213 272
127 175
50 294
66 156
162 186
32 188
165 299
147 225
5 188
144 145
59 222
48 199
122 297
21 63
36 125
0 234
163 280
50 229
188 236
143 273
143 176
75 138
120 143
17 264
238 289
76 298
39 176
161 249
12 173
234 299
48 168
263 299
102 200
140 244
88 90
113 267
252 283
42 155
58 147
172 188
36 238
176 187
50 249
183 200
0 101
103 152
3 264
208 254
97 143
257 296
31 64
106 261
108 187
111 165
162 297
112 235
250 288
175 199
75 90
82 243
75 185
39 96
102 240
0 83
15 92
53 80
19 122
39 214
130 211
253 294
198 203
35 125
154 177
200 288
28 121
173 269
119 165
71 119
0 23
93 168
0 38
19 112
201 251
75 256
26 248
211 283
65 151
104 160
33 53
132 278
126 143
71 144
201 291
239 289
187 291
62 204
52 207
15 179
164 263
75 205
109 298
159 193
213 246
45 192
247 277
48 120
73 171
16 274
5 214
205 265
87 129
176 293
50 134
101 120
13 243
12 156
12 204
253 289
1 203
161 276
139 250
183 268
97 180
137 168
177 266
106 255
11 58
184 240
159 183
171 197
91 261
44 127
31 250
97 164
59 74
42 62
214 277
30 63
158 219
87 231
187 238
193 249
133 297
16 135
79 159
96 258
99 203
53 289
101 263
5 127
34 193
156 192
112 140
50 280
27 225
24 52
59 237
127 232
11 72
221 287
242 269
11 20
47 283
112 175
27 40
20 126
220 229
71 84
69 103
96 187
28 239
156 228
53 215
167 254
188 274
196 294
251 296
29 115
121 171
142 243
62 247
70 172
86 173
89 202
13 25
169 256
58 88
32 262
29 211
78 280
159 207
96 130
238 280
73 280
53 298
50 252
224 291
81 90
167 178
146 167
16 172
176 231
138 156
15 185
101 146
8 166
5 14
38 138
4 212
18 109
120 210
96 203
34 274
70 233
194 243
70 249
105 226
241 260
43 62
139 261
261 275
183 279
89 187
73 202
140 170
158 175
196 228
90 108
109 171
173 266
9 143
282 287
22 109
62 70
29 295
15 170
141 182
23 124
63 282
250 259
110 211
262 271
237 284
179 187
174 299
73 161
36 41
71 158
171 206
22 88
64 198
127 163
165 181
27 240
278 298
14 203
142 288
39 193
69 107
148 235
3 15
161 226
10 290
60 225
169 241
8 143
137 170
115 248
203 221
182 209
98 127
0 167
164 234
24 134
39 100
138 187
64 261
23 49
107 161
0 276
36 291
37 66
158 287
40 292
90 248
0 220
9 206
33 164
41 264
73 231
86 204
5 47
109 154
109 166
20 183
5 271
8 169
53 110
58 262
182 195
58 205
88 274
181 238
63 239
112 195
149 160
200 258
14 118
120 249
125 138
201 221
248 281
58 122
84 86
116 282
226 266
107 187
177 200
191 288
101 241
86 90
13 38
27 101
156 273
29 46
150 250
98 247
70 156
206 272
104 225
250 291
32 202
72 168
94 161
225 232
4 238
157 271
18 179
47 130
226 280
49 225
78 84
47 234
154 254
10 258
179 260
1 263
162 222
87 256
13 83
87 241
212 251
244 269
68 69
117 158
47 236
94 202
108 222
100 232
31 119
46 107
94 134
115 178
56 147
17 150
14 20
164 172
140 240
51 285
32 58
12 287
127 262
120 279
239 246
11 191
57 112
206 298
165 191
90 136
206 222
241 294
113 272
112 158
105 144
163 215
228 255
55 175
48 217
35 215
98 287
106 151
155 156
99 110
74 298
48 189
182 204
47 253
41 153
149 256
211 296
180 185
44 272
83 96
70 254
45 163
76 237
18 95
27 200
228 248
21 32
153 181
221 278
144 217
13 174
22 168
97 238
32 276
191 215
129 292
128 276
62 165
262 276
193 257
262 277
115 278
8 159
89 170
58 250
198 221
172 174
5 139
66 134
183 246
110 245
112 139
57 208
34 126
90 245
135 231
115 137
181 289
13 113
167 211
34 91
39 137
231 255
166 225
88 202
14 112
72 279
46 157
136 253
67 270
109 277
204 290
9 253
48 198
64 248
114 228
14 93
0 137
47 220
47 173
202 235
3 14
43 224
164 180
4 39
147 219
130 196
117 177
233 274
88 177
162 233
133 153
232 261
78 197
134 144
111 252
116 188
274 291
47 254
196 266
24 73
2 69
112 231
45 246
80 145
159 250
12 80
56 199
62 113
105 228
139 182
153 204
36 119
86 100
173 255
76 110
228 274
59 174
6 73
63 71
154 171
79 270
84 283
211 244
135 189
42 146
39 182
140 162
169 269
65 131
293 297
56 158
220 281
12 226
55 128
209 297
19 51
103 284
293 298
144 171
35 210
27 249
48 50
116 170
167 231
81 275
8 178
57 168
139 219
77 179
6 180
5 215
149 261
48 228
99 262
28 133
260 267
52 128
28 101
210 276
68 270
154 236
27 45
156 207
214 276
37 243
14 219
29 120
27 130
49 290
129 229
175 196
141 279
76 243
38 59
127 219
8 126
88 115
23 223
200 244
237 281
143 208
48 225
28 75
55 129
36 65
259 292
100 284
60 272
31 95
67 99
159 211
78 245
168 247
101 192
90 120
225 264
273 298
79 241
68 159
72 131
128 219
38 125
57 256
76 278
148 256
92 198
33 229
29 278
33 285
114 187
5 101
43 145
279 284
131 235
87 123
153 292
163 192
109 256
39 143
41 172
69 175
162 214
72 92
78 270
214 244
63 89
10 42
126 141
1 277
21 228
91 154
16 214
57 99
55 193
176 229
68 144
143 160
165 268
125 238
75 182
40 138
24 50
150 232
209 243
151 171
57 282
73 166
5 180
59 287
57 179
131 200
39 99
30 65
192 276
68 264
30 288
170 262
113 190
93 223
206 284
51 151
212 217
199 214
82 207
166 298
233 283
80 261
45 176
30 206
85 252
28 221
66 144
102 121
24 102
153 257
122 249
106 169
120 150
72 109
202 238
188 221
97 148
230 285
56 123
183 277
1 151
9 49
50 233
154 183
34 156
274 280
3 270
115 191
15 244
41 229
97 298
104 181
7 126
32 89
27 81
150 260
34 131
39 114
68 140
19 263
68 289
232 263
25 251
244 249
49 174
0 182
56 168
52 140
108 221
92 104
194 258
143 262
99 214
167 277
255 296
103 188
11 106
256 265
107 140
41 57
113 192
218 254
76 227
26 168
32 220
126 227
225 234
142 264
145 149
0 12
24 89
55 106
265 280
37 195
6 87
202 267
84 208
160 185
188 264
80 220
184 258
171 199
41 184
191 199
187 223
87 255
44 210
70 299
177 206
62 207
66 95
67 263
156 267
40 186
60 73
3 173
24 254
0 284
71 193
7 97
7 228
51 236
134 258
51 252
106 129
98 225
30 192
99 253
155 272
180 256
172 232
116 239
270 274
29 291
42 202
18 36
53 69
211 288
138 198
43 136
81 144
73 243
34 281
42 268
87 93
32 141
76 229
131 171
170 241
219 275
10 259
186 260
75 149
3 45
129 156
41 242
9 110
23 284
71 256
127 168
26 200
255 269
28 192
138 199
109 133
174 195
68 113
155 217
159 188
15 44
40 56
22 65
73 173
41 146
200 224
74 232
70 113
25 246
180 199
0 193
49 64
4 270
260 285
0 48
41 86
158 202
127 161
7 231
168 183
105 215
39 270
269 270
16 162
80 270
211 240
185 225
18 223
24 125
176 185
159 252
172 244
95 227
138 252
143 177
191 242
151 258
54 173
114 175
91 189
112 113
110 137
74 242
18 250
45 115
245 253
140 297
130 271
163 224
82 269
264 286
100 175
55 265
40 217
30 154
228 256
87 298
3 296
40 52
136 223
23 210
182 186
36 207
107 194
0 259
69 108
161 225
25 79
33 191
60 164
58 291
3 294
44 106
98 243
66 205
60 143
248 268
214 232
92 292
118 145
88 123
195 252
256 294
100 241
71 95
52 214
26 189
190 196
46 128
245 260
12 112
205 296
56 141
75 180
229 278
63 234
57 173
167 242
5 207
117 173
58 199
6 248
186 298
246 258
10 298
254 255
67 147
30 247
9 129
10 63
120 234
30 51
60 87
220 285
145 278
185 203
89 277
88 193
148 287
126 295
53 176
121 239
236 296
18 275
87 99
71 105
3 73
10 102
81 206
245 296
58 138
97 136
38 231
34 204
244 262
73 254
61 118
79 102
232 237
5 173
240 275
15 146
12 108
166 194
30 151
16 189
220 262
19 275
177 238
16 251
134 192
12 194
144 279
73 217
6 219
148 224
196 240
89 210
65 160
38 282
55 298
41 247
105 132
111 193
242 249
113 155
28 127
25 119
96 293
225 241
14 36
152 249
80 184
68 185
79 237
5 73
21 237
229 297
25 50
56 222
101 102
18 27
54 94
93 246
55 225
94 132
49 226
67 180
103 253
125 176
122 190
105 292
199 213
1 214
66 232
80 161
39 173
94 107
150 292
14 189
112 167
115 249
31 295
68 186
63 242
67 220
18 234
71 200
61 224
77 221
71 227
12 265
108 179
78 211
155 199
97 155
