200 500
87
36
97
54
72
110
117
65
106
54
20
20
29
58
76
116
116
89
80
103
75
90
52
79
96
59
73
110
88
37
79
107
106
57
41
58
99
90
55
85
24
55
38
86
45
94
82
41
116
94
76
23
64
108
83
41
100
88
83
68
58
95
107
44
84
28
34
63
51
69
80
107
56
98
73
81
25
35
54
73
62
110
76
58
50
91
31
30
112
47
30
50
22
117
26
86
78
40
81
109
41
41
48
77
72
102
90
77
69
24
82
111
66
90
102
96
62
113
59
54
40
69
36
42
119
42
108
77
114
69
118
35
43
46
44
47
80
66
104
30
70
118
73
68
88
107
44
82
101
35
68
21
85
84
44
84
58
84
93
52
86
91
119
61
117
95
88
78
41
24
40
43
22
45
91
42
33
68
105
66
83
53
67
100
70
43
116
108
60
89
93
26
60
44
119
110
20
87
20
93
103 183
147 163
146 156
102 154
78 85
31 135
31 128
77 101
43 184
26 48
81 82
52 54
109 131
46 106
12 133
71 115
69 170
25 31
68 185
127 146
14 22
6 129
142 158
59 126
2 59
36 105
140 159
49 88
43 194
47 55
70 80
123 149
40 154
60 126
5 91
113 158
20 88
71 114
130 198
0 41
146 189
130 189
57 77
100 131
24 131
104 108
1 31
5 194
131 137
54 180
13 136
45 108
53 117
23 51
16 47
4 37
162 193
119 171
2 22
24 46
132 133
87 102
59 115
4 81
135 190
79 184
100 181
105 187
98 162
146 157
113 178
92 135
6 106
64 80
8 88
79 94
172 181
39 181
62 193
135 195
149 179
2 14
154 160
11 107
16 116
95 109
44 129
2 187
3 68
10 91
104 147
15 80
37 54
51 73
9 49
1 180
155 175
93 129
62 104
31 46
13 93
9 160
32 100
11 36
168 173
67 127
30 95
67 147
149 173
119 151
72 182
83 157
27 176
39 41
32 37
72 197
130 185
114 158
85 169
5 150
30 143
24 125
125 171
26 192
63 144
78 129
13 135
114 188
141 179
126 156
16 180
98 123
82 117
12 154
3 163
98 159
183 193
23 70
107 168
3 96
26 31
34 119
22 191
33 132
1 141
58 169
74 134
67 191
16 31
19 146
57 194
70 139
41 93
9 100
58 61
93 103
36 89
27 164
111 197
64 159
91 170
33 165
52 104
120 156
84 102
30 91
160 161
122 153
7 131
5 68
60 141
113 177
77 150
4 13
27 116
78 118
63 86
35 190
116 143
62 152
105 198
158 182
19 104
26 63
68 188
81 94
128 160
11 30
15 37
16 44
83 122
86 121
121 137
5 111
65 125
63 157
31 92
50 173
148 188
76 88
8 122
88 170
82 181
72 119
148 163
88 184
37 175
105 174
48 169
113 132
41 94
77 128
53 133
34 127
155 193
1 122
30 44
42 112
161 177
78 184
25 76
14 65
0 119
48 191
40 123
87 114
165 194
50 164
0 44
84 193
159 199
147 181
155 189
85 94
30 102
115 130
55 129
55 195
0 186
41 56
110 122
27 128
44 116
77 116
88 114
40 62
9 73
21 180
67 150
52 65
98 180
153 182
61 129
62 161
115 169
25 55
91 135
52 159
82 179
20 76
90 196
60 69
33 51
1 101
5 19
151 199
104 139
13 68
17 27
183 186
34 161
29 169
13 189
95 100
17 120
43 59
64 132
110 166
66 111
67 85
18 68
7 36
27 92
10 28
14 30
60 171
135 137
1 36
170 184
108 180
29 41
44 139
7 110
2 26
70 147
44 184
29 118
56 185
10 166
41 66
132 190
53 68
54 79
15 104
24 164
53 195
5 40
144 164
102 146
50 190
16 186
45 186
105 123
101 115
89 119
22 108
61 161
42 140
98 167
108 191
62 103
20 196
95 140
184 198
86 127
0 54
113 186
18 99
109 152
86 151
72 194
125 133
156 167
26 123
65 134
15 189
37 147
84 108
146 187
11 187
1 76
52 173
34 47
133 157
29 185
79 110
35 114
29 92
94 111
130 178
120 174
121 145
5 157
144 157
152 168
83 153
8 197
44 157
42 114
28 129
8 95
90 162
120 196
54 107
14 185
140 189
86 105
14 62
19 92
44 110
140 193
89 149
1 106
43 85
14 21
23 68
22 114
30 170
37 186
29 152
18 22
79 93
105 107
93 197
78 155
18 193
142 148
59 101
48 144
21 144
120 158
90 133
72 186
103 172
109 133
83 124
17 103
160 162
7 124
3 157
102 162
62 173
44 185
45 163
60 129
18 40
60 132
118 125
28 133
42 90
14 113
78 169
40 184
0 39
15 114
141 189
138 177
92 174
55 183
104 153
36 95
14 20
99 154
1 44
66 93
11 171
35 147
12 165
7 164
156 175
78 97
55 116
35 42
100 170
4 97
76 145
41 90
117 195
118 189
82 192
137 155
54 124
18 102
41 61
182 197
36 60
95 104
68 82
146 168
5 44
81 172
165 189
58 171
112 113
105 129
66 146
60 152
114 190
32 122
56 127
116 181
69 76
20 137
111 167
57 116
163 181
104 197
147 168
60 162
32 91
117 178
129 157
83 100
5 43
84 122
62 65
38 131
11 94
5 20
77 178
121 141
10 118
109 197
38 159
70 169
38 51
0 160
35 167
41 96
55 85
75 162
56 186
86 158
13 64
134 187
157 197
4 154
42 107
28 114
64 117
