100 100
72
20
64
118
58
83
80
21
82
95
64
50
31
111
51
22
109
52
83
69
98
108
119
49
21
53
107
30
43
91
46
48
91
42
98
81
57
59
34
119
34
79
49
98
22
81
100
63
65
63
112
43
52
112
24
53
45
63
115
21
35
93
49
58
115
27
72
52
118
86
104
85
97
33
63
51
46
43
95
91
38
39
66
70
83
22
55
61
66
103
114
33
76
95
71
24
102
23
56
53
42 71
43 81
24 26
7 53
55 77
56 85
16 43
0 49
4 50
13 64
7 64
3 22
0 44
61 97
49 72
21 43
2 15
70 91
29 55
84 98
54 66
28 82
4 80
8 84
45 98
4 24
20 27
5 73
18 23
22 25
43 90
57 68
90 97
1 5
19 99
86 89
54 69
10 20
5 50
70 95
55 94
51 75
56 74
48 49
27 71
69 74
66 95
27 64
28 85
21 57
10 79
85 95
15 80
30 95
17 72
27 77
64 80
3 38
3 37
16 39
26 66
85 93
12 61
9 98
30 92
55 72
40 50
9 72
18 57
54 90
74 83
38 70
64 73
28 53
28 68
55 69
34 54
0 47
9 19
45 63
53 91
83 87
55 97
25 56
10 54
16 28
38 46
10 19
47 63
15 91
15 84
1 46
46 90
9 48
7 46
25 98
12 51
6 82
9 90
32 63
