100 100
31
56
88
93
47
87
50
115
67
87
69
93
39
71
102
92
103
77
47
96
59
61
52
57
92
117
50
105
78
34
105
89
70
25
63
50
44
45
45
91
112
46
64
83
49
98
55
33
108
34
61
99
76
46
36
100
43
118
37
102
32
74
23
83
79
118
113
103
43
90
27
88
116
23
51
46
54
39
111
42
53
52
21
61
78
89
94
54
87
111
36
51
66
39
114
77
90
59
61
113
3 83
47 63
46 56
2 54
78 85
31 35
28 31
1 77
43 84
26 48
81 82
52 54
9 31
6 46
12 33
15 71
69 70
25 31
68 85
27 46
14 22
6 29
42 58
26 59
2 59
5 36
40 59
49 88
43 94
47 55
70 80
23 49
40 54
26 60
5 91
13 58
20 88
14 71
30 98
0 41
46 89
30 89
57 77
0 31
24 31
4 8
1 31
5 94
31 37
54 80
13 36
8 45
17 53
23 51
16 47
4 37
62 93
19 71
2 22
24 46
32 33
2 87
15 59
4 81
35 90
79 84
0 81
5 87
62 98
46 57
13 78
35 92
6 64
8 80
79 88
72 94
39 81
35 95
49 79
2 14
54 60
7 11
9 16
29 95
44 87
3 68
10 91
4 47
15 80
37 54
51 73
9 49
1 80
55 75
29 93
4 62
31 46
13 93
9 60
0 32
