200 2000
65
63
118
22
31
99
57
57
90
72
99
93
106
92
42
89
59
70
20
119
64
101
22
114
69
85
69
96
29
99
98
74
42
96
28
106
76
118
43
46
70
74
72
57
99
46
78
38
96
30
38
40
111
92
34
112
57
35
88
118
115
66
25
89
43
33
75
99
83
50
77
34
105
29
71
84
55
81
102
31
91
72
103
34
96
70
26
86
85
47
84
80
93
89
50
68
55
57
99
118
88
57
84
73
118
35
89
54
48
23
117
119
28
53
85
104
103
44
70
20
71
87
81
96
108
63
45
43
100
76
94
20
65
58
25
64
26
94
50
54
50
99
106
58
32
71
94
67
95
45
68
98
112
81
75
52
76
52
76
56
108
102
57
54
40
114
50
98
89
80
85
119
59
23
109
24
26
83
71
102
108
71
32
52
32
87
85
88
119
93
77
60
27
66
46
99
60
76
78
81
5 73
130 191
88 114
50 52
73 97
17 104
37 137
33 168
18 68
21 106
86 132
10 68
121 175
87 112
41 176
133 172
114 115
64 181
3 66
33 53
2 91
128 157
139 191
49 109
11 107
97 130
151 191
59 166
24 172
1 54
13 178
79 134
46 150
1 60
16 93
54 107
12 48
187 188
155 189
97 166
96 179
15 40
75 82
6 107
12 199
60 164
143 146
43 141
97 104
65 142
149 197
125 197
9 65
116 137
54 186
82 102
97 117
0 142
101 172
59 171
65 119
8 87
65 131
101 114
44 187
136 180
57 193
86 154
23 122
70 128
152 161
30 78
1 173
30 174
74 89
91 97
8 137
26 52
68 153
55 140
72 149
142 143
29 129
3 96
4 166
131 165
70 162
72 196
26 87
113 198
47 116
4 76
56 184
4 102
10 43
59 159
115 155
54 197
150 184
0 189
69 132
91 106
46 102
115 133
65 129
197 198
2 113
49 73
11 176
54 173
65 171
38 84
20 138
5 35
36 41
62 146
4 120
118 153
21 107
36 51
1 86
151 185
58 155
1 166
7 186
109 139
72 176
45 148
114 135
2 107
123 148
43 169
75 152
11 161
96 164
134 199
117 184
73 86
87 195
39 181
46 131
91 118
107 191
163 173
126 165
50 81
2 65
45 170
29 159
77 133
75 133
12 193
50 117
64 66
57 137
46 183
89 188
47 53
32 169
21 158
54 86
104 160
6 8
38 74
159 165
40 115
79 92
162 185
51 129
18 26
72 109
49 153
7 113
97 145
14 56
16 124
118 132
144 174
139 170
38 104
132 148
110 117
47 121
65 137
30 161
31 171
27 178
124 128
58 198
72 180
122 149
7 143
39 123
15 129
95 167
44 147
16 85
84 106
43 137
101 119
72 157
151 184
2 31
60 108
30 41
85 104
180 190
111 113
19 41
67 128
27 160
63 197
169 196
81 85
135 165
122 157
108 159
58 114
121 174
11 159
101 178
89 191
163 167
47 82
43 182
45 75
23 40
14 74
108 179
65 161
53 120
111 125
17 186
113 182
90 141
68 124
68 195
110 162
144 183
9 165
36 187
10 180
24 59
6 120
156 167
9 185
39 63
26 73
32 55
122 139
15 196
83 143
53 105
18 149
115 183
103 137
69 193
163 170
75 83
126 194
20 135
83 185
8 11
63 115
102 190
12 70
85 155
90 153
13 124
39 80
107 128
101 183
98 197
24 71
149 181
154 170
84 156
45 189
105 167
22 60
24 47
92 132
180 197
22 145
61 121
25 29
160 190
82 139
59 105
116 192
90 146
42 136
87 162
148 193
184 192
28 172
104 124
98 177
49 99
26 111
53 80
114 187
46 193
19 61
25 190
137 147
115 190
3 25
18 104
88 103
10 75
68 86
45 132
133 184
47 96
128 160
99 101
42 46
13 145
107 135
38 54
24 106
49 196
61 100
19 164
29 140
8 191
67 75
3 6
9 54
51 121
152 183
20 177
117 150
57 191
4 181
29 63
39 60
30 52
50 160
53 168
31 160
13 99
19 187
102 196
74 153
9 69
57 89
6 129
11 16
63 80
40 102
22 140
52 155
72 123
104 105
35 71
3 23
57 90
116 171
11 41
20 77
16 82
28 89
44 145
8 52
44 76
16 63
18 66
21 139
78 93
43 81
149 198
56 192
27 55
18 60
39 55
19 154
51 144
15 148
12 92
75 192
10 60
45 81
90 149
112 144
61 171
27 142
5 150
7 66
168 179
7 156
34 62
130 178
65 194
77 78
22 38
98 104
33 101
132 182
44 192
115 127
21 57
15 143
102 171
33 140
81 141
99 116
3 30
20 46
77 176
14 98
99 154
64 132
56 196
0 115
192 194
2 115
10 167
17 139
2 112
31 146
82 143
62 98
60 112
88 118
16 137
37 54
119 123
169 179
36 115
60 179
30 46
62 150
9 31
41 73
72 185
19 128
33 106
26 171
46 144
11 183
66 113
36 172
94 185
52 167
98 130
112 113
126 144
63 153
56 109
94 179
128 198
174 186
0 184
30 157
97 121
10 165
90 187
124 198
165 184
66 128
63 193
131 159
71 146
65 181
2 44
27 82
2 194
69 178
154 178
51 160
51 78
13 190
11 120
104 114
128 195
122 191
6 188
59 151
16 152
107 192
12 20
6 189
10 174
128 137
97 141
180 192
127 145
47 183
49 157
85 103
44 178
29 184
132 184
44 88
148 188
160 195
118 134
55 147
40 63
105 195
184 185
120 140
32 49
121 135
118 135
65 116
49 102
48 98
138 148
85 87
47 60
22 178
122 182
45 186
91 114
99 192
75 132
93 182
69 147
11 12
65 185
62 185
152 164
3 133
37 193
12 50
32 171
109 134
29 48
0 173
28 100
71 106
40 87
34 164
109 127
46 199
61 193
31 157
116 165
154 160
109 162
32 166
52 147
128 142
53 94
102 105
8 122
162 176
48 93
109 148
20 147
13 107
8 90
122 125
6 82
80 115
45 198
99 144
3 193
8 72
88 174
113 162
89 182
124 182
73 134
43 155
150 172
133 168
40 43
46 58
77 90
113 122
41 165
18 196
91 158
4 198
65 117
0 161
37 158
26 62
35 48
168 176
168 169
163 178
15 41
69 81
62 115
46 134
4 58
25 62
90 155
116 131
89 90
25 105
120 182
51 182
155 179
75 103
66 100
53 116
74 107
23 149
136 195
157 194
151 182
8 106
24 139
115 174
29 32
140 163
143 152
98 107
134 175
43 79
14 192
102 150
11 139
42 97
105 145
149 169
75 197
36 178
59 141
23 191
98 118
52 144
25 116
40 68
6 195
12 49
151 156
5 12
145 157
94 111
78 108
67 122
29 38
131 195
123 159
19 117
12 94
4 135
82 162
10 126
83 118
29 47
124 174
4 187
21 35
47 143
85 102
97 124
16 165
68 139
125 137
89 111
31 198
45 145
55 81
71 116
100 125
49 164
27 120
36 48
35 155
9 143
67 120
59 137
127 185
28 62
65 139
96 151
138 196
42 171
3 65
87 128
3 118
130 145
124 166
31 193
2 88
41 74
100 155
11 92
179 192
154 196
83 105
21 93
53 87
8 144
104 184
22 137
67 187
111 167
112 185
139 143
14 108
36 177
0 15
155 169
12 53
12 57
96 123
26 152
107 163
94 175
94 182
101 159
59 111
37 73
19 73
3 172
40 124
4 79
43 129
13 156
61 79
14 88
3 138
32 141
35 138
58 190
91 194
58 117
128 143
77 153
1 98
22 146
80 150
124 152
60 116
137 177
91 177
29 191
84 133
61 71
66 81
95 198
124 176
93 154
129 143
75 155
166 188
118 178
64 94
153 178
21 23
15 131
50 64
63 99
135 171
16 67
66 166
12 91
20 172
128 155
0 73
68 130
84 191
24 121
37 47
142 168
14 144
66 184
8 119
75 189
87 179
6 190
33 46
18 170
77 158
98 158
151 166
88 94
88 168
62 63
8 30
7 193
15 48
37 64
42 104
169 185
62 167
18 32
128 185
61 84
12 86
2 126
53 59
93 158
89 101
96 188
36 94
63 111
25 106
15 194
77 91
61 161
61 99
122 190
28 135
135 137
107 146
49 190
35 173
7 14
111 183
135 174
94 161
32 61
107 123
21 138
137 199
120 127
55 122
9 155
62 144
87 155
64 80
11 94
5 123
58 147
132 193
55 79
40 193
52 177
145 172
19 56
163 179
28 123
26 135
10 42
15 85
17 109
96 140
43 67
151 199
170 189
44 67
1 59
53 189
36 134
44 177
108 153
8 133
32 186
68 194
28 35
31 45
128 145
138 164
123 137
112 115
59 182
13 108
42 98
18 30
184 196
75 90
35 104
23 88
21 44
1 35
31 66
176 198
136 146
7 25
37 86
190 195
32 50
68 93
29 62
16 89
119 121
95 124
97 161
91 196
98 122
15 49
51 161
143 185
135 163
22 151
0 141
17 50
62 125
70 139
87 91
163 181
105 160
10 121
101 155
5 70
85 175
54 178
192 198
122 134
25 155
108 155
125 166
43 157
139 179
66 182
115 145
26 173
107 148
8 128
133 170
55 136
114 188
5 180
36 91
61 87
194 199
76 179
103 174
82 167
109 150
24 149
47 127
155 197
75 125
115 197
3 11
52 199
10 118
106 131
53 170
5 120
51 164
19 81
1 26
101 135
2 103
111 150
109 130
57 157
125 186
128 159
148 198
31 121
105 175
1 25
117 180
13 76
54 136
14 190
117 141
53 192
20 74
29 114
32 52
139 154
2 35
50 150
33 172
138 182
135 147
53 144
140 189
150 155
92 131
24 124
44 97
163 198
74 182
15 180
17 73
124 167
1 120
54 96
43 91
159 189
42 170
62 103
53 184
115 169
97 194
191 194
142 190
16 157
76 125
149 150
116 142
117 170
68 161
13 58
120 135
52 175
149 188
119 180
56 78
65 199
7 24
141 182
18 24
107 125
1 168
41 194
111 168
36 164
24 129
16 51
71 165
39 51
36 47
53 81
47 106
61 188
37 40
147 158
78 162
68 72
18 36
42 57
103 117
133 186
9 154
51 146
39 61
94 193
40 93
0 154
40 181
91 143
57 139
40 170
42 164
60 183
31 69
25 100
164 173
79 186
37 173
177 186
76 171
81 121
81 163
27 96
74 170
13 188
110 179
5 144
18 152
127 135
87 152
12 36
22 68
42 92
11 69
39 180
61 192
108 161
95 188
4 121
144 159
134 138
54 140
34 159
110 161
94 197
66 82
10 134
54 56
109 123
59 68
20 122
169 176
8 132
90 119
25 77
10 131
44 117
27 90
6 137
24 176
19 186
28 158
106 148
22 136
112 126
135 192
44 82
54 73
59 64
5 128
47 61
67 107
84 184
43 156
1 22
15 136
40 183
131 140
67 90
163 168
131 155
103 127
110 189
1 49
126 158
129 187
37 157
6 94
2 95
110 195
121 193
136 163
12 51
132 143
6 187
23 147
24 49
128 148
78 134
67 91
26 67
137 140
27 139
30 187
50 77
151 178
43 114
8 114
165 198
123 151
138 174
150 171
36 67
49 135
80 116
17 113
8 140
157 195
123 186
45 101
41 137
4 167
49 84
152 154
7 92
29 127
0 51
1 66
138 146
51 117
77 115
72 192
73 115
11 70
16 148
19 59
26 113
103 192
7 87
160 173
77 161
31 89
5 81
73 108
29 133
40 140
4 156
115 189
45 91
56 93
88 160
47 85
10 199
7 138
2 121
91 168
49 152
60 96
74 126
14 146
150 166
107 122
17 165
45 105
27 161
121 127
73 114
74 138
11 140
147 183
80 132
158 159
105 158
76 172
7 46
25 136
22 190
57 76
124 192
130 149
112 150
6 196
44 128
38 155
39 196
11 13
20 24
10 160
173 197
1 172
4 164
29 80
49 181
112 199
93 134
89 144
92 188
82 170
9 96
78 109
103 172
81 182
15 79
17 156
3 72
21 40
53 197
21 47
34 133
46 79
20 191
64 121
91 131
27 147
100 177
24 88
32 170
7 48
1 115
4 65
38 139
136 196
17 43
29 183
30 103
75 108
173 181
56 91
38 72
36 124
124 168
0 149
46 108
0 47
65 175
55 199
2 50
138 169
72 79
45 99
121 190
101 146
29 89
70 197
14 171
12 149
31 150
60 158
63 167
24 175
15 179
25 184
105 117
56 189
107 197
34 118
87 97
64 78
87 177
27 143
10 177
42 155
79 167
0 46
31 177
173 198
156 199
25 182
104 190
14 53
0 97
171 194
39 188
25 168
52 75
37 111
19 181
60 79
59 169
9 32
117 167
149 183
39 94
91 108
60 64
51 135
52 160
20 79
131 164
116 146
102 148
6 89
17 132
10 93
2 178
10 185
79 104
25 171
117 164
111 176
46 133
27 137
47 158
16 123
85 131
33 69
27 185
74 117
85 197
15 172
94 184
9 28
17 192
79 129
12 120
127 147
86 150
118 147
9 30
63 140
54 57
19 175
5 142
190 191
171 188
6 151
30 115
35 87
14 195
135 145
82 100
61 63
19 64
91 127
17 169
107 144
113 188
38 132
103 158
19 33
120 141
6 136
86 141
81 139
96 175
0 39
44 115
27 119
88 145
4 196
23 69
50 172
35 143
107 176
112 149
43 194
133 145
18 193
10 133
109 129
81 136
74 169
31 84
68 154
100 130
61 180
12 16
4 140
75 153
4 69
101 196
154 167
40 94
129 155
10 169
44 91
175 179
27 86
127 196
56 148
68 146
116 150
160 192
55 164
4 61
65 168
123 160
115 177
14 159
173 193
0 86
31 34
80 199
119 136
65 148
64 157
8 175
22 82
99 179
54 190
11 198
58 79
72 175
149 190
17 76
49 101
111 181
48 182
118 148
0 75
165 167
173 192
26 94
25 195
78 137
79 89
63 168
158 161
164 179
65 187
28 50
28 47
32 165
129 184
94 192
152 184
19 198
24 41
103 104
130 192
51 193
55 154
19 161
133 148
84 113
83 150
94 135
0 23
119 192
40 129
22 92
112 133
15 101
46 104
18 111
153 180
38 130
80 166
50 198
50 118
173 189
13 172
34 187
16 42
101 185
86 106
38 121
3 19
51 76
169 180
34 171
152 178
22 103
17 94
97 107
132 141
46 109
31 126
10 32
69 78
154 194
115 117
136 192
69 70
49 174
163 180
83 173
133 154
80 95
65 78
143 156
109 166
175 178
66 85
36 77
2 106
98 142
97 100
60 117
32 196
151 169
0 1
65 198
31 154
140 160
72 135
104 155
92 135
33 89
48 184
53 183
15 60
1 58
83 170
83 161
101 154
61 66
46 139
116 149
5 160
47 72
57 98
48 136
72 92
76 96
109 125
43 126
78 167
48 128
114 123
29 107
28 75
46 177
6 144
16 183
25 141
81 117
14 130
91 145
39 141
158 170
18 19
86 133
127 142
100 123
81 186
32 199
10 143
145 190
43 111
88 178
12 136
5 102
94 103
85 194
44 164
15 43
81 134
28 101
153 160
146 152
34 151
130 197
46 120
109 142
52 197
85 154
131 154
9 100
16 53
11 64
21 151
92 122
5 179
75 131
110 151
34 82
80 107
1 154
70 141
111 122
28 45
54 194
10 129
60 145
21 81
66 96
3 76
71 78
7 174
140 194
8 199
74 163
153 168
179 185
58 107
91 103
37 87
16 110
48 170
21 162
51 58
6 39
62 134
129 189
88 197
114 128
33 112
82 97
13 141
56 156
44 196
93 106
12 141
28 174
31 115
33 154
37 119
26 169
158 165
53 155
35 107
20 168
2 69
69 82
95 178
90 92
174 183
150 186
77 131
144 161
146 162
98 152
17 67
178 183
133 177
85 188
120 156
105 189
111 126
6 23
56 113
30 50
126 169
82 84
46 70
28 120
150 197
128 140
117 132
13 121
2 134
59 77
123 140
99 138
99 194
13 177
54 146
138 139
28 161
34 87
5 174
16 138
43 181
59 198
88 115
9 39
147 181
80 138
94 102
29 71
36 116
7 17
45 174
63 121
10 103
81 119
76 148
52 159
74 168
0 84
159 181
49 183
61 77
42 151
19 148
78 165
100 162
15 68
55 171
26 88
42 126
95 164
38 39
15 38
75 174
19 58
23 32
88 126
74 188
105 146
77 154
68 110
130 177
54 62
48 72
140 188
16 54
84 187
59 65
105 171
46 186
84 93
103 199
161 165
68 90
95 104
26 101
58 150
38 45
18 37
5 108
24 192
41 145
52 116
146 190
40 114
39 187
59 134
30 77
103 163
81 83
33 153
140 191
31 129
139 161
86 186
83 183
27 135
52 174
77 118
88 157
22 90
17 119
4 180
22 88
62 127
73 154
71 104
35 184
43 73
127 170
57 150
14 61
92 124
42 179
19 195
38 199
157 198
132 197
11 38
82 117
152 168
67 164
25 189
34 43
9 139
15 95
27 101
49 57
9 46
25 196
174 191
128 181
140 185
45 102
14 174
6 41
130 184
173 183
122 170
18 182
36 90
99 197
37 43
76 108
72 179
1 108
46 160
6 93
67 100
20 59
61 102
43 44
75 165
57 118
8 183
45 180
82 108
16 176
12 158
31 102
143 163
103 184
9 77
96 109
81 120
157 183
153 163
10 81
32 64
65 197
92 148
89 106
89 163
32 126
25 135
54 135
45 197
78 151
60 69
14 72
38 66
82 92
70 158
79 163
24 116
93 139
6 125
66 183
13 153
38 58
102 141
136 172
150 153
119 157
23 175
67 109
105 180
35 95
71 93
139 152
10 158
16 28
29 93
83 182
36 39
8 130
78 117
49 53
92 159
121 150
91 98
87 138
132 134
38 161
71 171
88 148
41 152
86 117
125 157
83 85
0 81
45 169
40 42
83 195
21 178
14 182
16 38
105 164
57 126
95 131
32 189
53 64
5 57
26 97
50 89
20 45
112 172
79 145
91 94
107 127
10 24
30 194
5 89
62 113
59 97
3 112
60 113
10 70
86 120
58 99
23 166
45 171
62 168
47 91
97 184
137 178
95 127
19 192
79 157
42 160
143 155
21 165
17 86
4 118
89 193
1 161
93 103
9 176
20 193
74 110
123 153
98 162
140 173
69 74
34 95
72 183
25 76
66 176
78 89
121 123
49 50
95 195
29 118
13 162
124 127
19 138
151 159
46 66
32 146
18 105
15 130
125 148
21 32
0 83
47 71
78 146
53 149
15 175
54 162
52 92
41 158
99 124
91 128
175 181
130 186
18 52
52 151
53 174
52 84
105 121
33 48
72 147
103 116
111 163
105 172
48 73
4 154
91 137
77 129
67 182
48 171
101 186
38 97
18 185
95 170
117 122
69 188
2 52
127 184
58 109
65 127
12 19
2 93
48 70
166 193
90 150
135 156
106 128
124 175
2 64
44 156
116 181
25 35
39 163
3 90
76 115
42 181
154 163
91 174
78 102
