50 500
104
29
93
23
69
83
90
37
41
89
33
87
98
75
75
86
56
114
20
65
40
65
69
71
115
81
44
44
25
83
43
62
93
117
65
94
80
87
63
53
56
28
21
35
83
28
101
119
22
101
32 44
11 32
13 26
32 37
25 29
21 37
30 39
36 38
4 11
31 48
20 35
8 9
5 39
37 43
10 44
27 40
40 42
8 18
1 28
9 35
22 24
7 48
8 36
12 18
18 49
30 40
8 29
15 21
14 18
11 29
2 44
23 34
20 33
14 23
18 23
42 48
5 22
0 10
14 25
30 45
14 21
24 25
2 47
21 39
1 13
2 7
5 27
25 44
8 13
1 33
1 32
6 26
8 26
16 35
43 47
7 30
8 20
22 31
7 22
20 43
25 47
27 30
8 24
32 40
9 23
12 16
22 49
20 28
21 38
30 37
8 45
13 30
2 35
25 26
11 25
5 41
2 31
1 44
12 13
18 30
19 24
43 49
33 39
2 41
17 34
24 39
2 3
14 16
19 27
9 32
2 11
15 26
23 46
47 48
2 18
17 44
46 47
31 40
35 44
19 22
12 48
8 17
0 24
28 33
42 43
10 47
5 38
13 29
12 35
3 29
16 23
14 22
12 21
6 45
9 19
23 28
18 38
18 40
13 25
8 48
6 25
21 49
6 34
33 35
0 39
10 11
14 32
11 26
37 40
10 48
0 9
17 27
30 46
28 36
21 27
7 27
13 43
2 14
27 43
9 15
11 43
1 20
2 30
22 40
1 31
22 42
3 19
35 39
16 17
33 44
7 17
26 31
11 21
19 32
4 22
3 23
7 45
10 43
26 38
31 32
7 21
18 25
41 42
15 35
26 34
4 45
8 15
26 37
10 15
13 20
17 22
8 32
43 48
16 26
8 39
33 45
0 18
15 34
15 20
2 23
28 48
23 27
23 48
38 47
15 48
11 31
39 47
5 37
34 40
37 41
27 41
2 13
26 29
9 11
22 39
14 37
37 47
2 45
2 26
15 49
5 26
6 13
41 47
17 32
9 17
0 47
8 41
5 32
2 29
7 15
4 19
9 18
27 28
3 28
2 25
36 47
33 48
5 6
16 18
5 8
32 39
9 47
17 46
18 19
24 38
1 3
16 30
6 20
7 13
8 12
19 29
15 47
23 37
2 19
11 14
0 30
7 32
34 39
7 10
25 27
31 37
21 46
12 15
38 49
12 41
17 45
31 47
14 45
6 36
0 16
18 43
22 36
9 16
8 16
16 31
13 21
11 35
8 14
15 29
32 49
24 33
21 32
1 8
1 7
19 45
14 24
31 33
46 49
16 19
1 15
30 31
30 36
14 46
8 47
2 16
11 48
7 19
35 45
16 29
24 48
28 31
12 30
27 39
19 47
4 46
2 21
20 37
18 31
35 46
25 34
27 35
22 28
9 44
25 37
23 33
26 42
25 41
45 49
38 46
4 7
22 26
12 24
23 26
32 43
27 33
7 12
0 21
11 12
44 45
8 21
21 31
9 48
7 24
36 43
1 43
5 25
44 46
42 45
6 29
24 26
24 45
18 21
29 45
17 39
11 39
28 42
37 44
20 30
22 45
31 42
12 14
7 29
3 46
3 17
23 49
14 47
10 18
4 48
0 2
8 42
3 39
32 46
35 49
7 18
14 17
12 20
34 37
3 41
7 41
39 45
9 26
0 48
0 33
31 38
3 9
30 48
21 28
21 26
39 44
13 33
8 33
20 46
11 15
8 30
3 49
16 20
20 34
31 46
5 20
5 46
31 41
5 30
13 49
15 40
34 43
21 29
3 48
28 29
1 41
37 38
44 49
13 18
28 46
11 37
18 20
7 33
17 25
1 47
23 41
15 33
22 37
2 15
19 28
28 37
29 30
29 36
17 29
2 4
27 37
12 25
14 33
5 31
16 48
7 26
19 26
36 45
6 49
16 25
29 32
19 44
23 42
27 34
6 16
12 36
8 43
1 35
38 44
12 47
17 23
2 27
30 33
18 37
4 47
33 41
4 42
12 23
11 42
8 38
16 34
9 31
11 47
31 44
16 41
36 48
29 49
33 43
33 36
4 34
17 41
34 49
2 43
46 48
25 36
36 42
8 22
16 42
0 37
28 35
3 30
23 32
1 30
18 47
10 21
0 29
18 42
1 17
9 28
0 15
9 37
41 45
14 44
12 31
23 45
27 45
29 47
9 49
10 36
3 18
27 44
1 38
33 46
21 33
14 34
10 14
10 25
4 9
27 47
15 45
4 16
36 37
14 15
13 41
24 37
22 41
2 24
15 17
28 49
26 33
28 43
39 49
25 46
3 43
2 8
27 42
20 40
20 22
16 39
44 47
7 44
37 49
