50 250
102
59
79
25
36
112
74
106
66
110
62
56
107
82
113
68
104
112
92
48
44
24
97
118
69
119
31
46
100
73
107
34
113
66
39
81
110
45
67
57
35
110
45
23
24
38
23
108
30
95
5 23
30 41
14 38
0 2
23 47
4 17
33 37
6 18
21 36
18 32
10 25
12 21
26 37
22 41
14 33
14 15
3 31
16 33
3 41
2 7
28 39
41 49
9 11
7 30
41 47
1 9
16 24
4 22
1 13
28 34
29 46
0 10
1 16
4 43
7 48
12 38
5 37
39 47
16 46
15 29
32 40
6 25
7 49
10 12
14 43
43 46
4 42
15 49
25 47
9 47
15 37
4 16
32 36
2 17
42 47
0 22
15 21
19 37
8 15
1 31
14 37
30 44
36 43
7 36
20 23
11 28
2 30
1 28
23 30
24 39
8 37
2 26
3 18
5 40
22 49
42 43
3 4
16 31
15 20
12 46
22 37
26 48
13 16
4 47
26 34
2 6
4 10
9 43
9 15
4 5
34 47
0 39
19 32
6 41
2 46
15 33
47 48
2 13
23 49
11 26
4 23
34 38
20 38
5 35
36 41
4 20
7 21
1 36
1 35
5 8
9 39
22 26
45 48
14 35
23 48
19 43
2 25
11 46
14 49
17 34
34 36
23 45
37 39
31 46
31 41
7 18
13 41
23 26
15 31
0 15
2 45
20 29
9 33
25 27
12 33
17 43
0 16
7 46
33 38
3 39
32 47
19 21
8 36
4 8
6 24
15 38
40 42
29 35
12 29
1 26
9 18
3 22
13 49
7 47
28 45
6 20
14 24
16 18
24 32
20 44
4 39
32 38
17 48
10 17
21 47
11 30
21 31
27 28
24 28
8 48
22 30
7 43
23 39
17 45
44 47
16 35
6 34
37 43
1 19
7 22
1 34
2 31
8 10
4 35
30 40
11 13
19 41
17 28
10 27
13 47
19 46
31 35
15 35
8 9
8 14
18 41
21 24
39 41
13 17
32 43
25 45
23 40
8 29
11 15
3 20
11 25
17 36
13 32
40 41
18 24
18 45
33 44
36 37
10 30
9 24
6 17
9 35
13 39
5 32
22 39
15 46
33 43
3 5
18 49
3 37
13 20
25 33
26 44
20 35
33 35
8 11
13 15
2 40
12 20
3 40
13 24
30 39
7 28
1 33
31 49
39 45
5 17
10 22
24 47
32 42
30 47
22 45
11 21
25 29
10 40
