150 1000
77
94
114
24
34
85
31
102
100
37
29
56
119
71
57
99
57
76
105
65
114
92
95
49
69
56
47
119
73
113
38
30
87
85
34
53
50
97
88
30
66
97
118
117
101
55
96
38
63
33
35
110
105
110
39
107
98
119
106
52
64
25
62
84
42
29
69
72
106
37
35
105
67
33
102
48
69
79
118
64
44
33
54
30
76
74
69
106
25
55
38
21
112
33
37
34
94
87
39
80
56
54
65
55
67
100
83
68
59
33
113
35
99
47
45
107
53
46
93
110
82
64
112
26
29
81
41
103
48
112
115
37
46
113
72
45
93
88
94
84
53
39
99
32
66
77
71
52
103
45
17 34
38 50
58 118
123 136
26 79
42 52
0 50
76 82
127 128
115 144
45 105
29 121
58 93
27 107
10 62
86 96
27 146
137 145
35 110
73 114
13 116
48 115
41 92
79 88
109 124
40 43
136 147
0 24
63 145
86 134
61 113
11 110
2 6
15 145
80 109
28 98
126 143
18 48
127 137
8 148
51 101
91 98
37 91
25 84
56 111
68 118
79 127
31 78
73 138
46 120
84 126
61 68
116 119
8 131
94 139
59 97
40 52
98 129
25 143
50 63
132 136
15 70
113 148
47 101
93 123
57 71
41 122
118 143
8 99
2 4
88 113
30 101
15 101
9 60
73 126
12 15
82 107
30 70
129 132
74 105
47 125
13 97
33 89
90 149
133 144
3 123
6 107
4 24
65 108
136 137
40 149
1 147
32 134
18 120
63 96
38 124
39 143
82 135
76 124
9 81
122 136
80 133
3 6
6 143
47 139
43 45
29 96
118 127
40 47
64 73
58 79
14 116
42 139
94 124
67 148
33 110
5 49
55 72
60 131
49 102
28 94
26 145
25 122
72 145
12 111
48 91
19 62
58 62
2 51
50 88
48 121
20 83
58 106
16 76
27 39
118 119
15 23
100 145
42 137
0 74
4 122
75 143
35 103
39 86
8 127
38 129
24 78
34 52
82 128
23 102
57 123
132 142
137 138
82 126
6 82
28 86
21 129
11 66
27 51
35 54
80 93
8 66
117 118
94 101
99 148
107 124
72 116
60 89
5 21
36 87
28 116
59 75
138 139
67 125
29 92
22 102
24 70
43 83
89 144
118 126
47 100
11 136
44 60
33 99
66 140
11 49
0 106
75 76
7 92
16 79
32 149
75 99
29 90
30 122
57 90
8 77
115 129
71 75
25 72
10 15
21 40
48 116
21 42
15 123
50 52
52 131
44 59
62 83
74 120
24 53
30 55
3 19
32 96
42 75
112 116
64 130
14 137
23 138
3 125
35 92
11 46
68 122
33 91
56 67
3 132
85 121
42 89
88 121
13 40
13 54
35 129
46 117
86 110
22 137
28 57
75 148
27 120
16 60
26 135
8 115
102 106
50 97
40 120
106 143
36 47
15 137
33 134
34 94
56 119
81 148
15 131
95 125
43 102
30 57
23 28
90 125
68 139
61 132
24 97
11 30
14 97
11 101
7 66
92 116
75 126
20 143
36 78
10 77
2 65
101 102
30 94
5 74
6 87
70 72
21 34
3 83
78 81
6 21
15 54
34 78
51 57
18 96
60 100
22 142
16 44
101 142
16 142
105 148
5 77
40 122
56 99
30 43
36 64
36 142
16 131
26 85
73 122
28 72
18 27
19 44
36 119
87 126
34 93
54 58
3 35
114 130
0 85
44 121
78 142
39 70
13 112
18 95
69 148
46 77
88 90
57 149
86 126
34 62
81 88
18 121
137 143
78 148
84 101
23 140
5 36
2 102
2 54
71 101
61 80
79 93
70 119
55 67
34 51
5 45
38 69
68 143
18 33
13 21
36 117
11 24
15 72
26 28
0 18
0 31
61 125
30 79
97 146
131 137
32 47
39 117
32 122
42 87
100 117
63 136
126 136
89 142
40 62
72 89
1 62
43 99
83 98
39 123
131 139
5 20
8 30
95 104
71 124
38 97
83 110
14 121
58 95
112 135
52 120
32 109
105 110
38 75
17 58
11 40
58 69
112 118
1 67
27 115
0 65
47 132
23 142
92 136
29 63
38 139
45 147
1 125
60 83
44 147
114 118
21 122
31 139
48 124
16 103
0 124
50 148
44 142
73 134
55 74
105 114
80 104
26 78
30 121
54 96
30 44
43 93
4 146
109 128
9 48
28 144
12 53
109 119
136 138
64 107
46 102
82 114
72 117
64 102
62 89
6 35
92 101
128 148
139 149
29 99
50 57
93 104
62 70
110 115
48 81
52 68
32 127
101 134
51 100
42 105
13 78
7 114
6 56
15 98
35 114
92 148
4 57
21 64
25 119
102 122
76 145
79 131
82 113
63 130
23 37
76 102
101 136
59 66
133 142
7 27
58 97
21 56
62 86
84 130
13 102
8 36
18 80
43 87
2 67
92 107
85 142
44 93
13 71
3 115
10 146
142 146
66 120
33 104
54 84
19 67
88 107
19 127
27 64
30 62
33 71
26 122
7 68
21 130
24 81
96 130
87 140
57 126
56 132
110 142
63 67
57 79
48 128
22 93
108 130
4 14
36 73
57 73
54 56
52 134
36 71
64 94
1 30
23 47
13 16
86 145
9 125
6 51
58 126
90 99
84 113
95 120
70 89
27 143
63 126
65 97
41 134
31 67
94 130
10 142
130 146
5 24
108 140
30 100
84 129
18 40
37 144
40 83
107 120
84 128
33 127
51 70
19 82
63 129
25 111
82 109
1 37
67 93
27 101
98 142
93 98
40 81
39 78
10 109
25 44
76 86
8 101
23 123
100 132
85 143
85 122
28 145
92 96
40 107
107 140
35 72
16 148
60 111
38 125
61 104
114 120
24 121
123 144
83 146
81 99
107 146
49 109
92 119
135 142
27 76
57 74
43 70
37 70
108 141
34 124
5 14
137 148
51 146
47 145
79 146
89 129
140 142
36 121
60 80
5 12
49 52
62 76
93 110
36 107
17 35
68 146
31 43
13 115
39 146
83 102
137 142
96 122
25 93
34 137
47 76
128 142
120 148
41 91
77 132
97 112
46 119
59 134
63 133
22 67
39 107
119 132
35 55
21 111
4 66
3 141
32 36
71 146
12 97
96 144
72 138
33 131
114 122
54 137
8 33
68 88
81 120
26 73
114 123
7 21
35 71
60 118
98 116
54 72
7 35
31 106
51 104
25 90
8 59
0 97
29 116
13 109
86 135
111 138
1 47
89 132
3 119
119 149
21 53
41 80
140 147
14 93
4 39
12 34
0 86
22 52
59 83
53 61
88 130
0 99
143 149
14 120
12 104
95 146
61 109
65 89
25 50
51 130
14 141
66 81
14 26
9 73
11 114
36 141
36 52
45 143
87 113
93 112
27 57
89 141
68 133
20 56
22 71
54 80
141 146
52 132
121 143
8 16
37 69
30 96
16 86
45 128
29 73
73 87
57 64
56 120
64 78
59 149
41 139
32 106
37 88
60 84
2 134
21 68
67 71
51 140
3 96
84 118
71 108
7 135
15 63
93 106
30 67
71 145
101 108
47 103
75 107
13 96
49 145
50 55
23 146
36 67
44 131
105 147
9 113
91 142
30 137
12 40
115 140
82 87
44 54
7 146
6 122
19 61
55 116
51 121
8 139
21 23
104 126
72 113
64 89
21 107
21 104
61 94
78 93
94 138
119 141
52 144
40 49
12 18
3 60
20 76
83 124
5 104
43 139
96 121
116 127
79 118
7 124
52 129
2 73
92 144
86 94
46 135
38 65
41 147
69 125
110 117
43 71
17 84
16 40
34 83
18 103
44 113
92 110
14 96
67 91
8 12
49 65
46 74
17 27
60 61
0 130
16 144
20 77
90 102
30 65
42 134
59 133
109 127
74 117
3 41
90 126
50 121
1 55
7 62
7 17
63 94
76 115
28 141
55 73
40 146
18 55
23 127
125 146
2 123
65 123
5 75
60 64
41 77
49 141
3 34
58 130
9 126
0 79
75 83
108 116
7 74
129 143
32 111
4 107
9 116
79 86
30 73
47 58
16 49
19 148
128 135
47 129
6 32
28 90
84 108
46 101
62 119
29 87
76 129
10 52
68 106
1 24
0 20
5 43
74 128
104 135
35 106
75 116
74 85
50 120
15 36
2 99
134 141
15 30
67 92
23 68
10 69
30 47
69 142
88 100
42 119
75 137
114 129
53 93
49 143
75 85
60 77
86 97
18 69
112 136
82 110
62 121
2 11
1 123
56 141
25 125
86 112
76 96
119 125
44 141
52 113
49 122
41 51
13 120
79 80
43 96
0 103
7 55
13 25
1 148
38 84
92 113
0 92
38 119
82 119
65 82
36 89
34 87
4 32
100 112
98 136
5 90
98 112
97 124
27 65
42 82
8 82
98 134
103 104
18 82
88 118
10 24
42 55
58 80
6 114
7 59
6 76
19 85
79 102
69 139
22 28
110 145
83 93
103 131
10 36
90 145
52 146
16 66
114 144
124 147
98 128
20 109
61 115
35 99
29 102
97 109
23 83
57 93
53 111
10 33
7 93
75 117
70 78
37 66
31 142
0 143
103 118
23 78
102 117
32 35
42 90
55 128
45 64
52 117
7 84
29 68
0 15
104 145
20 122
84 114
104 137
72 108
33 90
52 85
77 108
51 122
76 81
5 105
0 21
7 104
68 130
3 27
131 146
6 140
105 132
60 91
76 143
47 56
41 124
67 145
89 148
66 74
21 71
73 81
88 144
27 63
106 120
19 66
108 139
25 147
19 90
16 57
6 64
106 125
42 130
101 128
17 33
104 106
87 88
29 83
77 109
48 65
114 119
