50 1000
27
40
83
27
117
111
32
95
112
48
67
93
98
109
80
55
66
117
112
61
103
116
59
79
24
111
70
43
64
35
52
24
55
115
31
105
59
96
80
103
24
79
76
102
68
89
89
66
86
82
3 33
13 47
6 46
2 4
28 35
31 35
28 31
1 27
34 43
26 48
31 32
9 31
12 33
15 21
19 20
25 31
18 35
27 46
14 22
6 29
8 42
9 26
2 9
5 36
9 40
38 49
43 44
5 47
20 30
23 49
4 40
10 26
5 41
8 13
20 38
14 21
30 48
0 41
39 46
30 39
7 27
0 31
24 31
4 8
1 31
5 44
31 37
4 30
13 36
8 45
3 17
1 23
16 47
4 37
12 43
19 21
2 22
24 46
32 33
2 37
9 15
4 31
35 40
29 34
5 37
12 48
7 46
13 28
35 42
6 14
8 30
29 38
22 44
31 39
35 45
29 49
2 14
4 10
7 11
9 16
29 45
37 44
3 18
10 41
4 47
15 30
9 49
1 30
5 25
29 43
4 12
31 46
13 43
9 10
0 32
11 36
18 23
17 27
30 45
17 47
1 19
22 32
7 33
26 27
39 41
32 37
22 47
30 35
8 14
19 35
0 5
30 43
24 25
21 25
26 42
13 44
28 29
13 35
14 38
29 41
6 26
16 30
23 48
17 32
3 13
9 48
33 43
20 23
7 18
3 46
26 31
19 34
22 41
1 41
8 19
24 34
17 41
16 31
19 46
7 44
20 39
41 43
0 9
8 11
3 43
36 39
14 27
11 47
9 14
20 41
15 33
6 20
2 34
30 41
10 11
3 22
7 31
5 18
13 27
0 27
4 13
16 27
18 28
16 43
2 12
5 48
8 32
4 19
13 26
18 38
31 44
10 28
11 30
15 37
16 44
22 33
21 36
21 37
5 11
15 25
7 13
31 42
0 23
38 48
26 38
8 22
19 22
13 48
34 38
25 37
5 24
19 48
13 32
41 44
27 28
27 34
5 43
1 22
30 44
12 42
11 27
28 34
25 26
14 15
0 19
41 48
23 40
14 37
15 44
0 14
0 44
31 47
5 39
35 44
2 30
5 29
5 45
0 36
6 41
10 22
12 40
9 23
21 30
0 17
2 15
3 32
11 29
11 12
15 19
35 41
29 32
20 26
40 46
10 19
1 33
5 49
1 39
17 18
27 33
34 36
13 19
0 39
17 45
20 43
9 32
10 14
11 16
17 35
18 36
7 22
28 42
10 30
10 35
1 37
8 20
29 30
7 39
2 10
26 47
20 44
6 10
16 41
32 40
4 29
4 15
14 24
3 45
5 40
14 44
2 46
0 40
16 36
36 45
5 23
1 15
19 39
11 42
17 40
8 48
12 41
20 45
34 40
36 48
36 49
9 18
2 36
25 44
6 33
17 26
15 23
17 34
27 39
15 47
8 37
34 37
11 46
23 26
2 47
7 34
33 35
10 29
14 35
29 42
11 44
28 30
20 24
21 45
5 7
2 18
8 47
14 42
20 46
4 7
39 40
12 14
19 42
10 44
40 43
39 49
1 6
35 43
36 37
2 29
18 22
43 47
5 28
18 43
42 48
1 9
44 48
21 44
33 40
22 36
9 33
24 33
10 12
7 24
3 7
12 23
13 45
18 40
10 32
18 25
28 33
40 42
13 14
19 28
27 38
24 42
5 33
3 4
14 20
4 49
1 44
11 21
35 47
12 15
7 14
6 25
28 47
5 16
0 20
26 45
40 41
18 39
32 42
4 24
11 41
32 47
10 36
4 45
18 32
18 46
22 31
15 39
8 21
12 13
16 46
14 40
6 27
19 26
20 37
11 17
7 16
13 31
18 47
32 41
17 28
7 29
0 33
22 34
31 38
5 20
21 41
10 18
9 47
9 38
1 38
0 10
41 46
5 35
12 25
6 36
8 36
7 47
14 28
16 17
2 40
45 47
6 38
10 33
26 39
3 40
9 37
21 38
20 29
15 35
4 35
16 18
12 21
3 6
38 44
13 21
18 30
25 38
24 37
14 43
31 49
10 37
28 36
3 11
5 15
3 34
27 42
6 16
11 39
21 28
2 7
20 32
7 49
39 43
20 34
16 49
22 49
22 38
48 49
24 26
10 27
34 46
3 48
18 48
12 31
15 48
14 23
16 32
21 49
41 47
4 20
2 23
13 22
35 48
13 46
33 47
0 30
23 46
38 40
19 23
6 40
24 49
25 49
20 47
12 47
16 20
10 21
34 35
25 29
15 49
22 35
1 29
3 15
19 32
1 25
36 47
6 21
8 33
25 36
33 42
8 31
18 26
7 19
6 42
23 30
0 46
9 29
33 38
35 46
16 24
12 16
16 48
39 45
3 37
26 30
21 34
15 40
4 28
18 27
19 31
22 24
2 8
30 46
16 45
12 37
14 39
6 34
1 17
18 41
16 34
34 39
1 34
14 19
26 44
14 33
11 20
18 29
16 23
22 43
8 10
46 49
21 26
21 48
23 37
0 45
9 20
10 24
22 42
29 47
12 38
36 40
2 49
6 48
6 24
5 6
29 33
14 48
12 26
0 4
4 21
2 43
34 48
34 44
24 36
19 43
1 5
13 24
15 18
28 39
11 14
11 28
6 11
26 49
3 42
1 16
7 20
16 22
34 45
0 26
8 39
4 26
17 21
0 34
16 38
10 46
44 47
1 26
4 42
2 13
24 47
8 27
22 27
45 46
1 24
42 46
4 33
26 41
12 49
6 23
13 17
22 25
29 35
15 24
1 36
42 43
19 30
1 40
15 29
12 30
32 39
38 47
17 46
1 28
18 49
13 18
17 49
16 21
10 48
5 30
7 8
36 43
5 32
32 44
22 48
17 33
32 49
11 33
3 14
18 33
29 40
20 49
19 24
22 30
7 37
2 41
33 48
7 23
2 26
30 47
23 43
15 32
25 35
10 13
10 49
28 43
8 26
24 43
6 47
47 49
14 18
21 27
8 23
34 47
43 45
20 31
26 28
9 21
30 33
5 34
12 45
13 37
4 32
4 27
12 22
8 24
8 15
14 16
11 34
7 42
24 38
10 25
24 35
1 18
5 9
27 43
23 31
17 31
16 25
41 49
2 19
39 48
0 12
23 29
46 48
27 37
22 23
21 39
8 35
2 21
3 27
23 27
8 28
45 48
32 46
18 45
5 42
4 39
43 48
23 34
5 31
7 41
10 15
4 18
2 35
1 4
37 46
2 48
1 47
5 10
23 36
19 41
25 41
15 42
7 38
0 1
2 6
35 36
31 41
25 48
19 49
30 40
0 25
21 22
0 13
6 8
10 42
18 34
1 42
6 7
34 41
17 20
10 43
11 22
29 46
14 31
13 20
13 30
0 43
27 47
26 32
32 45
8 12
20 22
3 19
45 49
12 46
38 39
16 37
4 43
9 44
16 28
21 46
24 39
24 41
27 30
15 36
9 22
19 40
18 20
5 14
8 29
0 3
23 45
22 40
7 15
14 26
27 35
14 47
11 15
1 10
19 29
12 27
27 31
31 36
3 8
7 40
4 46
11 19
20 42
23 42
13 49
9 42
12 44
33 49
30 36
28 38
19 38
26 46
22 29
11 37
42 45
24 45
2 31
27 29
38 45
23 38
32 43
9 17
1 32
37 38
3 5
3 49
1 43
0 22
44 49
13 23
26 43
23 44
17 29
25 43
5 13
0 6
6 22
5 27
4 44
23 32
6 44
17 38
18 24
28 46
5 22
25 40
39 42
40 45
17 44
19 45
11 26
8 18
20 35
6 45
8 43
1 46
6 9
7 21
16 29
9 41
11 13
4 36
13 42
13 41
0 8
4 25
18 31
33 41
7 36
13 15
29 31
0 42
28 32
14 32
12 36
44 45
25 45
1 11
19 25
35 37
21 42
17 24
0 16
7 35
19 27
4 5
28 37
10 45
0 24
17 39
2 16
26 35
21 31
19 36
41 42
13 29
30 49
30 42
37 49
12 39
12 35
11 43
19 37
23 39
37 43
1 20
20 33
6 31
1 45
21 23
25 46
47 48
19 47
12 18
30 31
21 40
29 36
6 49
0 21
1 12
23 33
25 47
22 45
3 44
15 20
2 45
11 18
37 45
17 23
4 6
21 32
34 49
3 39
36 42
16 42
40 48
0 48
16 26
26 34
24 27
10 16
40 44
26 40
6 15
8 40
22 28
41 45
2 33
15 31
22 26
16 40
33 44
15 45
16 33
5 12
7 45
11 25
7 43
15 38
37 48
28 48
21 43
14 29
0 38
0 7
2 11
27 36
21 29
2 3
25 33
20 25
10 38
15 34
40 49
1 2
7 12
3 35
9 43
14 30
15 17
2 24
25 32
32 38
12 29
2 5
22 46
33 46
27 48
8 49
8 44
37 39
6 37
24 32
25 34
28 40
18 21
6 30
1 3
30 32
18 37
25 27
25 28
31 33
6 35
17 25
16 19
7 26
36 46
39 47
3 23
31 48
36 38
11 23
36 41
27 44
7 9
28 49
0 49
0 37
10 34
11 24
44 46
35 39
10 23
3 9
20 36
1 14
31 40
13 25
15 22
20 27
20 48
6 13
27 49
0 28
36 44
9 13
