150 150
42
60
71
51
62
42
23
89
59
105
86
37
94
59
64
103
87
77
46
101
31
91
78
49
102
39
92
24
93
23
77
115
63
80
46
58
102
101
27
41
38
45
111
112
85
55
96
104
65
74
85
28
46
96
57
80
67
30
85
40
33
42
87
28
102
113
118
36
46
78
109
65
103
100
109
20
88
85
104
85
40
22
93
118
98
83
78
97
93
43
118
58
117
85
118
51
31
117
67
109
75
57
54
110
89
44
111
57
61
47
22
33
49
96
31
79
59
42
57
84
117
107
22
115
72
72
46
35
69
46
25
76
83
111
67
52
87
110
42
29
37
44
42
67
20
106
78
111
28
115
44 82
11 32
76 113
82 137
125 129
21 87
30 39
38 86
54 61
31 148
70 85
59 108
39 89
37 105
44 143
110 127
140 142
40 118
8 28
35 51
59 124
98 122
57 58
118 136
18 112
18 99
130 140
58 79
65 71
18 64
11 129
2 94
23 134
83 120
64 73
118 123
48 142
72 105
50 110
64 125
30 45
14 21
25 124
2 97
21 39
51 63
7 52
105 127
44 75
108 113
51 133
1 82
56 126
8 26
16 35
47 143
7 80
8 120
122 131
7 72
70 143
25 97
127 130
24 108
90 132
9 73
62 116
22 49
70 128
39 105
121 138
30 87
95 108
63 80
102 135
75 126
11 125
55 141
102 131
1 94
62 113
18 80
119 124
44 102
43 149
22 149
83 139
41 52
17 84
24 89
3 52
14 66
27 69
32 109
102 111
65 126
23 46
47 148
52 68
67 94
146 147
81 90
44 135
69 122
48 62
8 117
74 100
33 128
142 143
10 147
5 38
29 63
12 85
3 79
23 116
114 122
62 71
45 56
9 69
28 123
88 118
68 90
13 25
58 98
17 108
56 75
21 49
6 134
33 85
0 39
10 11
82 114
61 126
37 40
68 130
10 98
59 100
69 72
17 27
96 130
28 36
21 77
27 57
113 143
2 14
77 143
9 65
61 93
70 101
102 130
