100 2000
116
59
81
116
43
86
39
51
103
85
83
56
44
90
25
23
99
110
26
54
73
83
36
42
71
43
29
73
39
51
118
87
42
80
84
117
98
55
48
82
73
112
70
49
82
28
52
61
118
111
47
71
26
63
45
29
38
54
34
57
37
33
77
60
93
93
57
23
80
86
85
33
30
36
62
44
44
47
37
94
90
64
97
96
59
23
57
77
109
71
66
27
84
75
67
109
48
56
113
109
82 94
32 61
63 76
82 87
25 29
37 71
39 80
36 88
54 61
31 48
35 70
58 59
39 89
37 55
43 44
10 77
42 90
18 90
58 78
1 35
24 59
72 98
8 57
18 86
18 62
18 49
30 40
8 29
15 21
18 64
11 29
2 94
23 84
20 33
14 73
68 73
92 98
55 72
0 10
14 25
80 95
21 64
24 25
2 47
21 39
51 63
2 57
5 77
25 94
8 63
51 83
1 82
6 76
8 76
16 85
43 97
7 80
58 70
31 72
22 57
20 93
25 47
30 77
8 24
32 40
23 59
12 66
72 99
20 28
5 89
38 71
30 37
8 95
13 80
35 52
25 26
25 61
55 91
2 31
51 94
62 63
18 30
69 74
43 49
33 89
2 41
67 84
74 89
3 52
14 16
69 77
32 59
11 52
15 26
73 96
48 97
18 52
67 94
46 47
40 81
35 94
19 22
48 62
8 17
0 74
33 78
43 92
10 47
55 88
29 63
12 85
3 29
16 23
22 64
21 62
45 56
9 19
23 28
68 88
40 68
25 63
58 98
6 25
21 49
6 34
33 35
50 89
10 11
14 32
11 26
40 87
30 68
10 98
9 50
19 72
17 27
30 96
36 78
21 27
27 57
13 43
2 14
77 93
59 65
43 61
1 70
30 52
22 40
31 51
22 42
3 69
39 85
17 66
39 74
44 83
57 67
26 81
11 71
29 58
19 82
4 72
3 73
57 95
43 60
26 38
81 82
7 21
18 25
91 92
35 65
76 84
45 54
8 65
26 76
37 60
20 65
13 22
8 67
82 93
16 98
26 58
45 89
80 83
0 89
65 68
65 84
2 20
73 98
63 78
58 77
23 73
38 98
65 97
31 98
11 97
47 89
34 90
24 69
37 91
27 41
2 13
29 76
11 59
22 39
37 64
87 97
2 95
26 52
15 49
5 26
56 63
47 91
32 67
22 90
9 17
22 24
0 47
58 86
8 91
7 95
5 82
52 61
14 87
2 79
15 57
7 72
20 51
4 19
9 18
27 78
3 78
2 25
36 47
48 83
5 6
66 68
5 58
82 89
59 97
46 67
18 69
18 40
74 88
1 53
16 80
56 70
57 63
10 93
58 62
29 69
15 47
37 73
19 52
11 14
12 68
30 90
0 30
57 82
84 89
10 57
16 18
25 27
37 81
71 96
62 65
88 99
2 73
41 62
45 67
31 97
14 45
6 86
16 50
18 43
22 86
20 43
59 66
16 58
66 81
13 21
35 61
8 64
15 79
49 82
24 33
21 32
38 99
1 8
7 51
19 45
14 74
65 85
33 81
96 99
66 69
1 65
30 81
9 97
11 60
36 80
64 96
47 58
2 66
48 61
19 69
24 85
33 66
24 66
78 80
12 39
25 77
2 9
61 98
19 73
76 97
37 97
59 89
16 96
2 54
21 87
20 31
38 68
55 66
69 85
34 46
25 76
11 27
72 85
59 78
44 75
33 87
73 76
41 92
25 99
46 95
16 38
7 29
54 84
47 62
0 73
26 37
4 97
93 96
32 83
12 71
37 50
46 70
62 64
0 68
44 45
22 69
21 58
21 31
48 59
29 52
7 74
36 43
1 93
25 55
44 96
42 95
56 79
4 95
24 76
74 95
18 21
79 95
17 39
11 39
28 92
44 87
66 80
20 30
22 45
81 92
12 64
1 20
3 96
3 17
73 99
64 97
60 68
4 48
0 52
42 58
3 39
32 37
32 96
49 85
57 68
14 17
12 70
34 37
41 53
57 91
89 95
9 76
60 94
0 98
0 33
84 87
81 88
21 50
9 53
30 98
52 85
28 71
12 61
71 76
89 94
13 83
6 13
33 58
20 46
28 42
15 61
30 58
3 49
12 20
2 18
39 95
66 70
20 84
31 96
20 55
68 90
55 96
41 81
55 80
13 49
8 74
65 90
39 53
84 93
71 79
33 94
53 98
29 78
1 91
5 8
38 87
49 94
18 63
78 96
37 61
68 70
7 33
17 75
1 47
86 97
47 93
23 91
65 83
22 37
2 65
0 39
69 78
11 62
28 37
29 80
29 36
29 67
58 76
2 4
37 77
12 75
14 33
55 81
7 76
69 76
5 87
7 19
86 95
6 49
16 25
29 82
19 94
23 42
20 56
71 99
27 84
53 99
56 66
12 86
8 43
88 94
12 62
36 97
56 69
17 44
8 23
22 93
31 77
2 30
68 83
47 87
54 82
41 55
83 92
52 54
11 48
23 93
42 62
8 11
34 88
16 81
9 47
31 94
16 41
86 98
49 79
33 93
33 86
4 34
31 80
67 91
84 99
7 71
41 67
43 52
96 98
64 74
12 91
15 40
48 92
25 86
42 86
17 59
8 22
42 66
50 87
28 85
3 30
32 73
30 51
47 68
21 60
14 83
31 52
0 29
18 42
41 87
1 17
30 83
9 28
0 15
37 59
41 95
14 44
13 57
12 31
73 95
45 77
79 97
49 59
52 91
36 60
18 53
33 43
27 44
1 38
33 96
26 79
24 45
33 71
35 59
64 84
31 61
10 14
10 25
54 59
47 77
14 82
58 66
15 45
16 54
36 87
15 65
14 41
13 37
72 74
72 91
8 55
52 74
15 17
28 99
28 69
76 83
10 94
78 93
39 99
46 75
11 87
43 53
8 52
27 42
40 70
22 70
39 67
66 89
58 68
44 47
57 94
87 90
81 87
34 87
9 26
45 52
12 73
44 77
87 99
9 84
49 63
17 70
21 69
13 67
55 78
36 94
0 45
20 45
49 51
61 95
5 24
23 63
42 73
45 97
60 74
43 67
33 36
15 63
8 81
2 99
81 97
74 78
46 77
8 26
1 50
16 65
7 26
41 75
5 15
72 87
10 72
18 61
9 33
30 42
20 61
28 90
88 98
54 60
13 27
1 54
69 70
41 43
13 79
50 56
32 39
24 83
68 93
35 64
25 50
7 79
6 16
19 59
7 25
71 86
73 91
61 92
4 25
60 98
75 89
11 44
37 66
30 79
24 82
7 84
13 75
32 90
35 49
58 87
31 49
10 79
64 77
3 67
62 79
4 78
41 76
65 70
42 55
0 16
10 80
11 56
12 35
41 74
41 51
44 65
72 75
0 69
16 91
41 66
34 64
2 38
27 88
14 65
46 65
58 90
30 82
17 52
83 86
1 43
27 39
24 61
42 47
40 80
9 49
40 72
80 89
80 99
30 55
64 72
29 60
56 73
86 99
32 93
33 73
34 73
65 82
6 23
45 57
3 82
0 22
4 13
7 39
17 97
11 69
93 95
19 44
52 81
15 37
62 77
1 11
8 27
25 35
17 90
7 40
44 98
94 95
17 95
40 57
12 76
45 85
74 80
12 57
14 37
16 21
56 74
91 93
1 46
31 89
26 28
38 40
87 89
36 84
4 41
29 68
14 69
14 50
40 78
29 59
80 92
46 66
88 91
18 76
16 69
4 92
60 99
29 55
5 35
16 73
64 66
62 97
84 85
54 94
24 98
1 36
57 69
25 68
20 22
7 86
48 67
43 62
19 62
30 87
36 46
5 85
9 90
15 22
65 72
0 34
69 82
12 50
34 47
70 85
71 93
52 56
14 66
27 96
11 42
0 3
23 53
18 89
36 70
14 22
70 96
34 91
46 90
20 69
14 75
27 92
6 22
1 45
51 54
17 96
17 62
0 67
70 92
56 62
6 70
28 66
18 36
86 94
2 78
36 71
77 90
22 94
36 86
38 64
3 56
9 59
67 71
7 82
48 87
64 65
52 58
4 51
54 81
77 82
17 48
22 58
22 36
30 61
73 97
55 61
55 65
29 48
6 21
24 81
10 87
6 40
21 75
33 40
35 63
85 91
65 73
21 35
71 95
60 97
15 88
10 53
43 83
16 17
68 79
26 56
19 77
1 12
10 88
27 53
18 47
6 63
11 37
46 83
0 32
0 63
19 80
51 78
32 48
15 59
42 72
64 98
45 82
64 82
37 84
18 31
46 73
5 70
17 49
5 76
18 41
3 61
0 76
25 96
15 78
40 89
60 77
8 50
30 75
0 6
23 80
1 41
17 65
40 83
43 58
44 93
11 63
4 23
52 97
47 60
85 93
27 50
20 86
35 75
11 80
38 75
3 42
52 79
60 76
14 61
5 49
48 73
49 65
43 70
51 80
53 75
60 95
49 91
62 78
10 15
32 58
70 86
36 92
20 41
41 91
11 38
41 86
3 46
8 90
5 22
20 82
1 97
7 48
33 70
6 41
18 48
4 91
22 29
66 97
43 90
26 85
6 72
8 73
26 89
13 60
12 59
18 37
18 67
42 71
20 90
32 60
63 81
7 8
59 68
58 74
40 41
53 70
52 72
42 68
71 87
4 94
81 94
14 93
27 30
61 75
31 35
11 83
22 33
61 93
61 78
1 7
34 44
54 58
28 81
42 63
13 97
15 55
78 79
12 80
5 27
41 57
67 96
6 20
2 56
10 54
61 82
37 89
25 31
0 38
8 46
37 46
17 89
10 16
4 6
3 14
7 9
20 76
57 98
9 65
37 94
77 83
2 76
86 89
2 5
3 99
37 57
8 92
24 67
0 2
46 87
20 60
29 79
38 48
83 93
44 55
9 82
47 85
30 56
15 80
69 97
33 84
46 97
8 34
24 91
8 33
23 46
7 60
8 49
5 34
42 85
39 72
75 99
7 34
8 79
0 71
27 94
54 91
63 89
44 71
78 90
29 61
45 71
46 69
30 62
61 79
5 66
45 70
53 68
32 70
15 68
11 81
10 55
5 53
34 86
57 60
53 71
84 91
50 52
14 47
16 44
12 69
4 75
51 67
56 82
20 68
34 42
51 52
44 86
0 58
32 91
20 59
23 76
40 42
15 96
4 86
20 70
49 66
27 71
4 20
64 87
8 42
14 19
19 95
38 62
31 87
27 79
3 83
21 65
81 85
30 91
51 70
53 55
7 97
17 92
6 87
35 44
1 22
14 27
79 93
41 58
1 74
4 46
9 15
6 54
33 95
2 48
20 83
21 98
57 78
35 85
28 36
65 78
9 14
27 29
18 81
53 85
19 86
54 85
12 79
15 66
51 97
14 94
32 81
84 86
13 99
47 92
28 65
68 74
43 59
30 69
23 69
35 82
14 85
60 85
67 99
84 92
53 57
0 35
45 83
56 86
82 95
16 67
36 64
39 83
27 36
50 64
6 69
22 99
34 63
65 74
44 50
79 89
36 90
57 61
52 77
43 46
60 82
22 77
85 86
47 79
2 49
1 6
34 38
23 83
23 75
69 96
18 56
51 93
13 42
37 87
63 75
65 81
77 88
16 83
54 87
2 77
62 98
32 98
39 77
9 38
3 26
17 94
68 81
54 83
8 41
62 74
62 90
16 97
77 99
45 91
55 75
44 53
8 60
25 90
72 92
2 11
47 61
2 62
42 77
16 82
18 33
5 37
66 95
14 30
32 45
31 69
24 95
55 58
5 9
8 71
50 80
83 89
37 80
27 65
32 41
50 99
6 74
16 30
1 76
2 82
55 79
3 38
18 34
3 20
13 46
42 52
3 22
83 90
33 85
67 87
19 46
7 85
11 31
23 79
2 12
48 78
44 63
11 85
3 4
9 45
22 30
79 82
26 65
41 54
84 96
52 57
32 82
45 90
40 48
46 50
46 58
9 32
26 51
39 61
12 38
57 90
68 94
14 53
22 62
9 22
24 68
19 54
7 15
59 80
50 68
80 93
84 88
8 89
7 61
43 76
38 81
3 18
42 99
18 24
21 48
22 63
57 81
47 98
51 55
35 79
16 99
17 72
39 96
60 69
13 23
57 70
32 86
14 68
13 82
95 98
34 39
49 87
9 25
8 39
16 89
11 54
41 73
40 96
9 78
41 70
88 92
57 65
30 59
42 50
42 89
81 89
5 13
31 33
29 54
15 71
24 60
38 53
26 94
12 45
56 83
78 94
6 11
21 95
26 53
3 15
8 72
16 93
74 75
51 75
40 97
53 86
9 89
4 42
1 19
67 92
48 72
18 93
11 61
36 38
39 54
36 66
4 59
48 98
54 98
12 21
0 93
30 45
3 64
21 93
22 61
83 84
71 78
18 32
91 99
49 74
73 92
3 11
23 24
21 54
14 70
44 97
33 75
26 27
8 51
4 61
61 88
6 80
16 31
35 55
59 92
35 89
16 86
31 91
58 72
9 74
63 77
87 95
49 83
54 65
10 69
23 82
3 13
69 71
0 51
59 84
8 20
1 59
22 95
78 83
13 69
1 79
11 12
2 87
52 64
3 80
64 95
75 79
39 79
48 90
40 43
64 71
62 84
64 73
64 68
19 32
14 26
29 66
9 42
7 22
4 53
82 84
82 92
26 84
26 91
4 55
24 92
19 98
8 35
50 62
29 44
19 47
39 78
12 74
18 75
48 54
14 67
83 85
39 98
64 79
26 61
35 96
0 65
15 77
45 72
0 17
45 62
10 75
17 32
71 89
61 76
40 59
18 27
9 92
24 42
46 94
42 92
19 92
21 46
33 57
9 35
2 10
7 81
48 89
14 48
90 94
9 37
13 58
56 57
11 65
42 87
3 36
46 74
34 57
31 62
4 65
65 79
18 22
11 30
50 54
50 91
59 63
50 67
13 20
53 69
67 75
66 76
61 80
48 50
60 83
62 82
73 81
26 97
33 50
3 47
14 29
43 78
13 45
28 51
29 57
53 92
85 89
51 82
24 65
17 51
0 84
69 95
2 42
32 72
22 75
28 70
46 71
25 74
25 72
56 95
77 80
33 49
12 42
39 51
37 86
27 86
36 65
27 34
47 83
21 86
58 60
55 98
43 98
31 57
21 44
25 95
13 93
25 80
89 97
38 95
9 85
30 95
50 71
48 85
31 58
8 16
5 81
2 52
31 34
29 72
31 43
2 22
63 90
7 73
16 63
66 75
60 86
50 55
10 23
19 87
30 60
34 52
75 78
2 53
40 94
13 61
20 40
39 82
51 90
13 34
55 85
39 55
74 79
10 71
90 96
31 36
21 66
7 56
28 97
2 26
42 78
27 68
67 80
6 96
30 49
56 84
33 39
36 41
44 59
81 93
8 21
1 4
6 75
36 55
43 94
78 86
27 46
7 36
63 72
23 49
56 93
14 58
68 92
20 23
4 74
10 21
78 84
67 86
14 46
36 81
19 49
28 91
9 24
46 81
19 38
22 23
8 58
47 84
34 65
23 67
1 42
68 82
34 92
58 91
25 42
68 76
35 90
46 51
50 93
53 97
73 77
17 23
71 90
10 40
24 96
16 32
54 75
11 41
52 90
62 83
52 60
21 36
28 83
96 97
7 67
89 91
3 21
7 10
0 48
21 24
60 62
14 36
45 50
33 68
80 94
19 24
5 21
16 72
5 80
15 35
45 79
4 37
3 28
37 72
44 58
38 41
18 91
58 96
26 39
20 71
35 84
6 15
10 52
38 46
50 70
27 49
31 42
29 32
43 55
44 90
26 64
51 62
32 52
26 80
21 33
17 63
7 53
42 59
7 52
0 20
87 96
6 39
80 84
13 71
10 28
52 98
12 81
41 84
57 79
24 44
0 5
59 70
57 93
40 50
13 72
11 92
4 5
20 72
5 25
17 82
50 95
0 59
24 35
24 28
5 28
5 64
29 62
62 76
40 86
31 63
14 97
59 88
38 88
0 7
38 42
24 62
12 22
5 71
64 69
51 91
6 73
13 35
75 80
32 63
39 73
41 49
1 62
67 74
24 90
53 88
39 68
74 97
65 69
18 78
46 57
14 63
39 48
6 89
12 89
3 57
31 65
22 89
10 74
2 40
21 67
18 97
8 85
6 62
5 32
10 97
32 88
62 87
30 94
9 96
63 83
2 59
14 21
58 79
37 58
85 88
17 73
42 79
31 70
45 58
58 97
35 51
35 57
24 47
68 87
10 37
4 60
17 31
35 80
39 97
28 45
38 54
7 45
10 62
33 72
29 33
46 88
64 75
40 52
66 86
80 85
18 80
78 91
53 77
63 92
2 64
48 76
56 68
11 86
51 53
69 84
63 79
37 41
34 70
24 88
64 81
2 32
70 76
27 55
3 98
24 58
10 89
14 99
48 65
15 98
2 91
71 75
29 34
46 89
11 21
38 52
4 96
29 86
77 91
42 93
39 42
2 37
31 81
54 99
35 92
3 91
70 77
18 66
10 50
45 76
56 78
8 12
4 54
37 88
38 79
32 92
19 78
33 37
11 78
18 88
0 94
12 47
41 77
64 89
20 73
8 98
45 93
1 75
44 76
72 89
20 58
35 56
8 19
28 50
35 48
23 44
68 98
41 82
21 83
64 92
23 38
5 79
40 61
25 41
60 90
40 56
50 86
19 58
89 98
8 32
3 24
24 41
67 79
45 80
70 71
21 61
4 64
30 41
12 27
62 88
61 64
37 65
57 64
28 79
20 49
13 26
53 80
20 26
29 50
47 63
45 64
1 2
76 79
88 95
14 60
9 40
36 61
11 93
65 92
10 26
27 56
31 59
25 59
20 77
12 60
19 36
11 13
5 39
66 71
50 88
36 96
61 72
9 72
24 49
59 82
13 95
13 76
75 91
8 13
13 38
50 74
35 86
56 80
20 80
2 29
53 91
68 75
6 83
32 99
83 96
70 83
21 26
41 63
1 95
50 96
42 46
17 54
13 73
46 80
1 16
42 83
38 77
27 37
10 34
51 85
37 39
8 93
2 45
54 78
35 78
25 46
36 50
17 22
3 86
0 36
70 99
59 81
4 33
14 34
5 19
19 41
4 45
63 94
15 20
27 81
73 87
5 14
10 27
58 73
52 76
41 97
76 95
43 50
15 30
74 77
26 50
64 76
26 49
36 62
60 71
24 36
25 79
14 18
47 90
5 23
56 65
1 58
54 69
32 51
55 63
4 30
36 68
55 87
2 96
70 93
