250 250
96
102
104
50
91
30
51
41
71
57
107
83
105
31
112
56
28
95
106
112
99
49
75
41
38
50
68
40
119
82
91
48
116
75
78
87
37
62
108
89
51
95
104
89
58
49
25
67
76
111
111
55
41
67
29
111
49
77
31
49
91
54
77
87
109
87
54
79
29
94
100
113
22
36
82
60
65
87
107
73
78
51
109
51
98
70
42
79
79
106
108
50
40
117
69
82
37
55
41
98
29
21
91
31
89
53
72
35
72
111
88
83
42
29
114
72
31
89
32
90
75
72
72
47
22
21
109
39
56
82
117
118
35
41
29
105
74
33
72
27
25
40
42
99
102
36
104
65
57
68
36
112
20
40
92
74
42
81
93
30
44
43
80
111
64
90
96
70
55
48
29
112
21
51
44
55
68
28
100
57
76
68
50
28
89
74
35
111
35
60
73
111
83
34
103
79
56
31
30
91
60
39
36
61
71
60
96
71
20
28
108
28
77
90
36
46
96
103
89
112
44
42
55
107
108
90
67
44
102
29
68
94
100
36
35
103
76
63
106
76
71
95
84
28
117
52
54
94
36
23
21 92
43 131
126 224
153 207
27 105
35 106
93 166
0 49
4 150
14 213
114 207
3 22
0 150
44 61
49 147
21 122
165 243
120 152
55 241
179 198
66 184
28 54
104 232
130 234
108 145
74 198
204 220
77 105
73 223
18 72
125 140
93 118
97 157
1 90
5 19
189 199
4 86
69 170
200 210
155 170
95 205
151 244
174 175
6 248
127 249
71 124
16 119
27 95
114 185
28 221
57 79
160 245
185 230
145 165
172 180
127 167
14 127
53 130
137 188
39 153
76 116
16 235
93 111
12 59
142 148
30 205
190 222
9 200
22 218
7 54
140 174
33 120
164 188
173 228
153 178
18 19
5 34
4 200
119 247
9 145
113 141
187 203
5 183
197 206
75 204
10 216
128 146
169 188
60 213
65 147
141 165
84 146
51 190
48 96
59 207
25 46
98 101
32 212
106 159
90 182
113 202
0 94
98 188
10 13
12 151
75 144
11 30
41 81
202 239
113 232
28 49
138 249
101 129
87 133
10 223
121 226
28 121
172 228
37 161
164 239
49 64
59 79
178 202
130 161
43 245
92 243
23 132
4 92
225 233
95 193
51 65
79 173
38 95
52 57
132 148
34 216
65 127
113 243
126 181
123 225
121 218
169 246
100 113
102 185
46 191
94 133
56 213
1 25
4 82
53 136
83 122
22 148
101 136
33 141
114 116
110 236
84 131
37 84
97 187
38 74
85 207
48 234
9 14
18 151
57 193
6 26
29 179
132 174
17 167
17 233
127 135
219 220
111 156
109 208
183 195
30 98
82 141
7 78
91 229
34 127
36 235
67 163
87 116
52 235
69 107
219 242
40 49
64 160
25 196
141 220
68 209
171 202
2 101
61 195
183 188
219 229
25 142
139 142
82 191
41 127
10 198
135 161
52 239
71 185
77 143
138 179
202 211
65 90
54 151
10 237
92 191
58 217
86 197
20 109
88 240
61 103
37 49
14 128
101 188
30 63
81 94
145 169
47 111
203 210
73 115
42 56
100 165
1 23
150 234
22 242
175 185
64 95
110 234
187 192
107 150
218 231
137 202
101 126
100 189
54 215
12 96
22 177
48 147
30 198
154 234
11 43
90 138
75 176
100 119
0 114
