100 1000
82
86
71
55
40
44
24
90
66
72
102
87
30
97
78
63
55
89
55
72
84
78
76
34
31
109
76
29
90
64
22
105
31
73
40
51
98
45
73
44
49
108
63
59
85
21
54
20
90
90
24
106
100
32
20
111
22
77
73
44
21
75
29
84
29
50
68
59
27
73
35
108
61
78
48
79
79
82
31
102
104
36
88
85
100
41
28
102
98
33
79
51
89
40
116
50
70
116
89
29
42 71
43 81
24 26
7 53
55 77
56 85
16 43
0 49
4 50
13 64
7 64
3 22
0 44
61 97
49 72
21 43
2 15
70 91
29 55
84 98
54 66
28 82
4 80
8 84
45 98
4 24
20 27
5 73
18 23
22 25
43 90
57 68
90 97
1 5
19 99
86 89
54 69
10 20
5 50
70 95
55 94
51 75
56 74
48 49
27 71
69 74
66 95
27 64
28 85
21 57
10 79
85 95
15 80
30 95
17 72
27 77
64 80
3 38
3 37
16 39
26 66
85 93
12 61
9 98
30 92
55 72
40 50
9 72
18 57
54 90
74 83
38 70
64 73
28 53
28 68
55 69
34 54
0 47
9 19
45 63
53 91
83 87
55 97
25 56
10 54
16 28
38 46
10 19
47 63
15 91
15 84
1 46
46 90
9 48
7 46
25 98
12 51
6 82
9 90
32 63
0 52
44 98
38 63
1 60
62 75
30 44
11 91
2 31
32 89
49 63
78 88
29 99
1 33
10 87
23 71
26 28
22 71
61 78
37 39
14 99
14 59
29 78
2 61
43 80
43 45
23 92
32 92
4 33
25 43
1 95
15 73
29 38
7 95
32 52
66 98
65 84
13 77
31 43
23 26
71 75
18 19
46 50
2 63
35 41
46 83
13 94
56 75
4 51
3 82
33 36
22 72
51 98
41 86
64 83
10 16
34 36
34 81
37 97
24 37
35 38
7 84
48 64
51 59
68 93
7 56
26 29
24 29
32 67
17 67
83 85
19 77
11 20
6 9
8 95
33 98
30 41
78 82
41 57
29 77
13 85
17 66
2 37
7 85
69 92
40 99
10 64
25 46
41 70
59 68
52 71
1 2
61 95
38 83
19 29
42 75
42 89
32 91
27 91
48 60
11 35
52 89
21 35
43 77
29 88
11 52
40 65
1 54
37 60
42 91
8 67
36 97
9 20
40 88
11 53
37 99
64 78
38 51
13 80
81 94
45 69
47 61
10 53
15 23
6 42
50 65
1 73
0 34
22 92
75 85
45 64
10 84
42 87
0 7
68 81
1 26
50 89
54 65
12 96
72 77
97 98
30 98
4 84
11 43
88 90
26 75
50 69
14 50
76 82
30 84
10 71
21 31
37 51
63 87
11 85
36 92
8 75
86 92
29 79
21 55
18 30
20 48
62 99
28 71
55 96
58 67
17 42
69 88
31 75
69 84
5 47
56 91
35 91
21 47
9 91
29 57
11 29
34 71
57 67
67 89
34 59
9 74
80 93
2 16
40 62
45 67
53 87
31 58
31 89
50 78
22 59
59 86
30 88
20 97
49 62
17 35
21 78
1 9
11 71
33 69
15 52
52 91
63 68
9 22
52 94
11 69
12 70
52 55
27 52
19 89
36 62
15 21
9 85
13 54
7 52
5 20
22 79
16 82
45 84
37 48
16 92
0 20
54 72
22 61
10 73
23 24
60 91
44 70
50 76
28 35
9 92
1 31
24 35
8 48
37 80
48 56
8 30
15 40
14 63
59 83
11 36
19 40
16 41
40 51
51 76
0 8
8 88
57 70
16 26
76 83
22 24
35 87
70 88
24 47
9 82
48 74
16 80
15 83
43 56
56 86
8 64
32 97
34 74
3 16
18 92
5 78
66 79
28 78
10 43
39 43
20 84
11 51
3 67
90 94
75 97
17 91
6 66
75 92
43 92
10 48
26 35
67 68
44 96
39 97
37 58
34 94
45 57
12 45
12 91
39 54
71 88
46 82
10 38
30 39
41 93
13 65
8 9
5 9
1 19
35 94
3 13
58 81
16 45
1 70
85 89
19 94
32 36
27 29
14 35
31 76
24 36
33 40
4 93
10 27
55 59
28 30
12 76
6 8
33 93
74 80
86 99
30 56
10 44
22 96
16 38
0 26
18 45
7 69
45 81
26 62
11 55
44 87
2 19
47 64
35 73
45 86
22 68
90 98
36 70
58 70
14 55
35 40
38 62
16 77
64 79
60 84
18 55
17 62
19 49
16 91
35 54
3 70
21 56
22 63
13 57
51 78
26 55
5 67
39 79
46 76
65 93
36 42
29 82
4 91
19 84
72 82
70 80
38 91
2 53
4 11
8 31
37 86
27 95
7 77
0 16
41 95
53 75
24 96
9 31
37 43
35 81
34 37
0 18
45 90
34 85
8 83
9 84
2 24
29 31
25 60
15 59
34 50
15 92
52 92
49 97
53 82
25 67
9 87
27 49
45 51
3 76
33 85
10 31
0 45
13 55
59 90
4 15
55 57
9 83
47 80
10 81
33 35
48 73
44 75
41 74
11 17
1 14
12 22
1 29
12 25
16 76
47 51
37 94
83 99
69 75
35 75
31 94
2 68
33 73
42 49
44 64
18 43
76 96
1 48
77 93
41 48
29 85
12 87
37 63
24 33
27 90
45 55
80 95
45 78
22 75
18 61
89 93
15 41
76 90
35 60
5 8
34 76
46 64
32 79
12 14
7 14
47 92
4 22
60 92
6 59
48 53
35 65
41 84
26 60
27 72
76 78
7 55
63 66
25 75
80 91
34 79
36 91
53 55
8 98
20 67
45 85
63 64
40 96
94 96
11 60
73 86
16 93
24 72
59 78
26 76
43 85
10 98
30 36
14 68
78 99
86 87
34 70
66 81
45 94
83 91
60 87
23 64
24 41
69 99
2 42
1 7
4 37
18 37
58 88
75 96
19 30
57 85
27 51
10 29
89 90
17 53
40 53
29 95
32 33
23 85
13 38
62 71
5 19
24 38
47 49
61 76
42 50
38 40
7 31
37 93
40 48
18 39
50 57
73 80
61 93
16 71
28 76
36 52
13 66
2 60
44 55
48 62
41 51
1 98
2 26
76 89
31 44
32 41
45 46
10 68
12 85
72 73
28 39
1 16
28 49
63 69
1 65
19 55
2 91
33 48
3 30
46 74
34 87
6 31
27 33
41 97
64 66
5 27
68 92
48 93
68 85
0 29
22 48
52 62
4 60
38 78
37 47
33 70
16 63
80 82
4 30
40 95
3 39
4 61
46 84
72 84
46 75
84 89
88 98
49 79
49 65
81 82
12 64
61 94
21 97
23 68
37 78
7 98
82 91
6 97
24 27
52 63
2 14
31 83
64 96
30 96
15 43
36 43
40 66
56 78
44 63
27 28
6 25
50 86
16 48
40 52
31 71
48 87
20 71
50 98
13 68
11 93
1 34
44 72
0 30
70 86
15 72
16 24
40 64
56 88
8 71
27 70
47 58
3 35
10 37
39 89
46 53
65 71
17 98
1 20
3 69
44 79
84 85
5 44
7 32
31 61
40 41
50 53
3 53
77 95
24 42
48 59
47 98
0 77
14 69
12 54
56 98
58 60
40 73
66 94
7 34
39 82
60 62
34 56
35 36
16 83
4 35
5 25
37 70
11 21
45 71
37 79
21 63
36 95
8 81
93 96
9 16
54 67
6 79
28 72
69 83
14 49
7 28
4 56
0 25
66 71
46 81
15 28
75 82
9 75
36 55
28 90
22 86
46 70
14 91
64 82
5 89
44 61
87 97
15 68
48 82
58 97
24 57
34 35
61 89
3 15
1 64
16 68
44 84
74 85
35 80
77 82
22 51
17 27
66 90
43 71
4 83
13 51
33 52
39 72
1 84
69 89
18 33
55 63
24 76
43 66
14 34
17 90
1 49
5 94
21 38
54 56
13 84
21 50
17 37
41 55
19 97
10 72
56 99
33 77
41 59
6 77
5 7
15 27
2 49
19 66
38 79
10 15
39 48
70 99
49 54
12 55
62 78
6 17
77 99
48 65
50 87
11 40
2 8
26 57
26 42
2 96
51 94
66 72
35 66
29 63
73 81
57 65
4 7
48 83
2 41
1 44
49 68
16 89
20 70
8 86
6 38
21 82
7 68
2 98
63 72
16 98
32 72
42 74
25 95
71 93
12 44
56 71
20 29
2 46
9 53
12 26
27 65
81 98
22 26
20 65
91 96
15 19
32 98
12 80
32 83
12 82
6 62
16 49
13 67
32 94
41 92
14 31
39 62
54 74
11 82
14 65
9 77
12 94
17 21
24 59
9 43
25 92
82 87
36 67
21 30
35 53
81 85
15 95
37 84
1 63
58 73
25 84
8 16
77 84
3 61
22 85
48 89
70 73
71 79
57 62
62 91
32 58
42 81
69 96
79 96
4 38
16 44
1 38
1 82
55 79
23 50
33 34
12 24
39 44
73 88
5 48
48 98
16 40
93 95
54 77
47 85
32 70
19 87
67 79
16 25
14 61
17 43
5 26
68 71
15 25
63 71
24 64
19 80
57 86
4 48
24 32
27 63
51 82
67 71
14 84
80 96
13 45
23 75
43 70
85 94
18 68
33 82
47 96
11 99
9 78
70 75
62 67
7 59
32 82
55 83
25 29
46 92
47 93
29 42
58 78
2 21
69 73
49 69
57 69
43 91
33 57
10 40
23 52
0 98
41 88
