300 500
110
117
65
106
54
20
20
29
58
76
116
116
89
80
103
75
90
52
79
96
59
73
110
88
37
79
107
106
57
41
58
99
90
55
85
24
55
38
86
45
94
82
41
116
94
76
23
64
108
83
41
100
88
83
68
58
95
107
44
84
28
34
63
51
69
80
107
56
98
73
81
25
35
54
73
62
110
76
58
50
91
31
30
112
47
30
50
22
117
26
86
78
40
81
109
41
41
48
77
72
102
90
77
69
24
82
111
66
90
102
96
62
113
59
54
40
69
36
42
119
42
108
77
114
69
118
35
43
46
44
47
80
66
104
30
70
118
73
68
88
107
44
82
101
35
68
21
85
84
44
84
58
84
93
52
86
91
119
61
117
95
88
78
41
24
40
43
22
45
91
42
33
68
105
66
83
53
67
100
70
43
116
108
60
89
93
26
60
44
119
110
20
87
20
93
43
40
69
45
117
40
67
82
40
104
28
56
90
28
36
40
51
33
80
91
54
105
49
95
30
100
85
82
119
85
55
42
57
104
119
106
77
67
21
49
103
29
85
73
89
102
45
21
67
106
44
101
91
26
28
53
106
45
115
106
62
103
28
51
39
28
38
96
27
39
26
62
100
43
116
70
25
93
23
24
79
99
58
103
105
66
36
44
44
84
82
86
67
90
118
86
50
88
115
109
107
73
104
39
96
83 103
147 263
146 256
54 202
185 278
135 231
28 31
101 177
43 84
48 226
181 182
52 54
109 131
6 146
112 133
71 215
269 270
225 231
168 285
127 146
14 222
6 129
42 58
126 159
102 259
36 105
140 159
88 249
43 94
147 155
270 280
123 249
54 240
160 226
91 105
13 58
120 188
71 214
230 298
41 100
146 189
30 189
57 277
31 100
124 231
8 104
131 201
105 194
31 237
54 80
113 136
8 145
53 217
51 223
16 147
37 204
93 162
119 271
122 202
124 246
132 133
87 102
15 259
4 281
35 290
84 179
200 281
5 187
162 198
46 57
13 178
92 135
6 106
64 280
188 208
94 279
72 81
139 181
135 195
249 279
14 202
254 260
207 211
16 116
9 295
29 144
87 187
202 203
110 168
91 147
204 215
137 280
54 73
51 249
1 209
275 280
255 293
162 229
46 204
213 231
93 260
109 232
11 200
68 136
173 227
130 267
195 247
249 267
19 73
251 282
72 283
27 257
239 276
232 241
37 172
130 197
58 185
85 114
69 250
205 243
224 230
125 171
92 126
163 244
129 278
113 235
14 288
141 279
126 256
16 180
23 198
82 117
12 254
203 263
159 198
83 193
23 70
7 168
3 196
26 31
19 34
22 191
32 33
1 41
69 158
234 274
91 267
16 31
46 219
257 294
170 239
41 193
9 100
61 258
93 103
36 189
164 227
197 211
259 264
170 291
33 265
52 104
56 120
84 102
91 130
60 261
122 153
131 207
5 268
141 160
113 177
50 277
13 104
116 227
218 278
63 286
90 235
43 116
252 262
105 198
82 258
119 204
26 163
88 168
281 294
28 160
130 211
15 137
116 144
122 183
86 221
21 237
11 105
25 65
57 263
131 192
250 273
148 188
276 288
22 108
188 270
19 72
163 248
184 188
37 275
105 274
48 169
113 132
194 241
77 128
133 153
27 34
55 93
22 201
44 130
12 142
161 277
84 278
25 76
165 214
0 19
48 191
23 240
187 214
94 265
150 264
0 44
93 184
99 259
47 281
55 189
85 294
102 130
115 230
29 155
95 155
100 286
41 256
10 222
27 228
16 244
16 177
114 288
140 162
73 209
121 180
150 167
252 265
80 298
153 182
29 161
61 262
15 69
25 55
35 291
52 59
279 282
20 76
96 290
160 169
33 251
101 201
105 119
199 251
39 104
68 113
127 217
83 286
161 234
29 269
89 213
0 195
20 217
43 259
232 264
210 266
11 66
167 185
118 168
136 207
1 222
27 192
110 128
114 230
260 271
135 237
101 136
70 184
208 280
29 141
239 244
10 107
2 26
170 247
84 144
118 129
85 156
10 266
241 266
132 290
253 268
54 279
104 215
64 124
153 195
140 205
64 144
146 202
90 150
16 286
145 286
105 123
1 115
19 89
108 222
61 242
40 167
8 98
162 291
196 203
95 120
40 184
186 298
27 200
13 254
99 186
9 118
152 286
151 172
94 125
156 233
26 67
23 165
34 67
27 289
15 147
108 137
84 187
46 111
1 87
176 273
47 152
34 57
33 185
179 229
10 214
35 129
111 292
78 294
74 230
120 245
221 257
57 105
144 152
168 283
97 153
8 57
42 144
114 229
95 228
108 290
62 196
54 120
7 114
185 289
5 240
162 286
14 92
210 219
140 244
149 193
201 289
185 206
21 243
114 223
168 222
214 230
86 170
37 229
222 252
193 218
205 279
107 293
78 297
148 218
142 259
48 101
44 144
121 258
20 290
233 286
103 272
9 72
24 33
3 283
217 262
24 260
7 257
103 262
2 73
144 162
85 263
229 245
60 118
132 240
160 225
118 133
28 190
113 142
178 214
169 184
129 140
200 260
115 139
141 214
77 189
38 274
92 283
204 255
14 36
120 154
199 201
44 93
235 271
112 247
65 207
64 256
75 278
16 97
55 135
42 200
170 297
76 104
141 245
90 117
289 295
18 92
82 137
54 155
102 124
218 241
61 282
136 197
260 295
68 204
182 246
105 268
72 244
181 189
265 271
12 129
105 146
260 266
90 252
114 222
32 227
256 281
116 269
20 276
37 211
57 267
16 263
181 197
147 204
168 262
160 232
17 91
57 78
29 83
143 200
5 284
122 262
238 265
231 294
11 20
205 278
77 221
10 241
118 197
38 209
69 159
251 270
100 138
60 167
235 260
62 241
185 296
255 262
175 186
186 256
213 258
87 164
134 157
4 97
7 54
42 214
64 128
217 267
216 277
134 152
