200 2000
72
69
102
63
96
108
97
20
108
96
67
65
91
36
101
32
42
43
58
38
76
89
102
81
98
93
50
116
39
47
28
91
49
110
86
77
50
63
30
90
91
77
36
63
45
117
75
119
92
66
37
101
87
71
62
65
44
45
61
115
24
21
38
105
64
105
63
46
100
73
117
72
82
33
115
107
82
22
106
54
68
75
87
36
26
82
33
102
107
27
97
111
28
115
49
24
52
92
51
33
97
48
85
111
113
80
98
75
82
36
61
83
43
81
99
49
43
112
83
82
119
60
25
80
107
54
36
40
78
119
105
107
47
70
98
92
82
76
99
96
44
93
59
67
54
90
48
29
35
111
43
34
103
48
46
43
35
115
115
93
114
100
81
94
102
111
66
64
20
98
92
44
71
32
44
57
54
24
118
69
116
41
36
51
21
114
74
88
109
69
114
104
49
27
78
31
118
76
27
118
19 23
82 168
56 98
109 189
136 162
148 177
14 72
82 125
29 151
93 152
165 191
14 58
50 120
28 107
153 158
129 130
35 99
44 179
160 168
122 180
68 109
82 195
72 144
64 95
165 168
38 157
53 133
15 183
44 125
35 90
149 172
116 184
23 96
180 183
64 113
58 85
5 22
166 167
77 183
13 43
4 151
0 84
9 167
19 86
61 163
112 122
34 38
49 57
29 86
103 193
51 142
165 188
56 107
83 85
49 91
42 128
53 80
62 79
48 98
11 148
22 160
76 194
13 125
3 51
154 196
49 154
142 199
7 166
49 50
93 98
135 173
54 103
14 117
65 102
18 65
25 40
141 171
5 18
57 126
75 125
11 174
74 106
34 92
93 108
1 127
100 192
47 88
55 106
160 165
120 183
26 97
119 175
68 181
138 146
63 190
21 153
48 189
59 81
82 119
9 174
118 120
61 161
16 83
80 136
18 106
33 193
53 178
116 126
68 199
131 173
22 72
21 81
103 105
31 153
64 73
77 102
20 34
2 197
55 78
73 138
123 136
18 114
97 128
80 182
65 165
53 187
74 89
21 194
129 174
26 193
47 80
22 34
20 100
36 155
50 127
138 180
2 198
53 131
95 187
11 61
5 64
48 94
69 90
19 41
19 43
43 164
99 186
29 199
17 158
106 160
86 144
99 147
84 104
78 132
41 91
48 193
57 193
143 147
15 136
58 118
34 155
6 53
82 172
131 157
63 100
91 196
142 149
95 185
46 125
90 117
62 166
23 138
8 33
23 122
40 169
33 76
74 87
34 199
121 191
130 173
54 173
155 170
17 116
93 114
143 162
4 109
25 143
33 85
7 128
8 50
0 41
26 126
113 128
25 50
104 107
111 175
33 145
18 149
111 163
15 58
20 74
51 167
4 115
36 43
164 196
93 164
37 172
118 142
37 168
141 168
27 95
52 60
71 193
156 161
134 177
160 166
133 197
64 163
90 151
54 107
147 153
18 185
77 112
66 103
23 80
7 108
12 118
111 168
35 130
19 169
59 185
56 82
45 71
72 113
131 149
96 167
36 137
33 113
49 88
82 131
63 139
134 142
62 151
138 197
17 144
3 107
141 154
11 177
83 139
88 90
9 15
51 184
98 170
117 148
48 58
122 182
124 139
8 42
5 186
83 180
40 174
81 86
50 181
58 120
101 133
8 100
62 145
104 161
21 67
61 77
21 43
151 161
119 159
57 155
136 165
139 140
176 179
20 109
29 31
30 114
84 190
15 146
87 119
59 106
92 120
65 184
115 135
34 178
95 134
60 92
32 70
46 151
11 172
107 192
137 155
39 107
80 122
119 137
149 193
26 37
10 69
102 185
81 145
19 192
15 63
52 85
48 156
11 83
80 190
4 35
80 111
26 112
115 185
31 130
57 64
134 167
19 69
71 117
42 150
109 165
106 114
2 154
70 85
117 150
28 121
108 137
163 184
20 169
3 78
99 143
13 66
77 184
88 100
38 101
11 142
0 156
77 158
106 147
24 196
24 49
145 186
82 84
56 149
51 179
59 103
24 122
121 151
9 51
0 110
73 146
146 156
114 150
49 53
29 110
50 86
36 126
8 170
26 137
12 117
38 115
39 62
143 188
71 198
134 194
140 198
106 159
20 44
63 83
73 114
169 199
92 150
8 88
20 118
5 156
87 196
27 171
139 194
86 177
127 128
88 178
17 33
6 102
61 165
86 89
10 79
30 86
46 102
21 70
18 27
57 129
23 100
84 115
62 95
1 175
179 189
15 23
117 149
10 29
35 70
49 114
80 87
96 135
133 166
103 108
37 145
112 169
90 148
10 37
64 152
16 32
127 165
108 149
128 184
130 177
51 162
16 147
97 101
5 66
4 11
68 195
37 180
16 174
5 179
131 190
22 174
10 139
118 124
19 60
48 148
10 111
59 164
60 65
65 125
21 136
60 89
49 69
37 58
23 37
43 166
168 169
130 188
60 112
48 80
48 125
36 180
10 97
70 95
162 172
88 136
61 100
82 177
35 150
119 125
24 114
91 144
32 83
74 144
74 96
21 176
74 156
5 105
107 120
30 147
56 91
48 185
150 173
44 173
75 197
111 119
142 146
16 103
90 199
18 91
165 173
31 127
2 132
62 88
52 70
9 60
9 161
46 86
19 159
83 187
168 194
106 110
9 92
79 135
122 160
133 153
39 80
42 116
157 165
17 56
17 27
30 141
27 76
27 186
47 62
15 125
8 31
78 101
157 192
36 153
79 141
38 118
155 174
112 139
112 120
108 139
80 138
165 166
60 103
13 74
29 83
12 107
136 157
16 172
65 100
39 165
7 30
119 178
39 102
11 40
43 177
144 157
61 103
109 178
42 90
6 13
149 197
163 165
25 73
12 138
126 178
133 178
108 160
5 62
77 103
12 59
115 173
73 82
67 93
58 173
74 122
7 37
80 88
141 170
30 148
26 142
9 31
60 199
72 158
98 126
171 193
29 39
40 188
29 80
20 92
133 190
11 91
58 100
15 195
56 194
27 194
5 51
131 152
97 149
67 102
15 131
56 58
88 139
21 131
68 82
137 173
80 147
27 73
81 162
21 189
27 75
180 192
94 158
93 161
144 171
16 101
11 189
94 155
100 163
162 195
35 47
9 22
43 69
144 150
22 142
76 181
36 154
149 194
138 199
73 100
84 106
14 89
52 178
3 141
152 166
88 151
110 153
22 112
62 154
119 176
157 195
109 145
55 101
47 100
120 194
0 52
4 42
66 182
70 94
76 199
164 188
141 150
15 27
116 181
77 187
109 186
134 171
36 84
26 131
88 172
41 51
25 55
83 91
129 189
17 113
101 128
31 182
9 195
111 198
27 142
3 50
14 184
98 174
153 172
13 29
80 125
54 102
87 137
59 66
94 147
28 161
130 156
128 189
19 83
69 107
86 121
5 13
130 171
43 143
184 197
71 146
92 134
100 152
146 151
51 64
126 133
20 115
13 39
121 198
36 60
42 66
1 166
119 148
91 118
103 115
61 88
126 174
105 178
8 78
124 130
2 73
15 45
29 117
67 85
97 150
56 144
57 115
62 63
177 181
92 154
36 194
105 114
162 168
93 199
122 169
81 147
96 172
41 193
30 77
27 109
117 127
43 124
138 174
103 106
13 71
107 147
4 7
128 174
19 166
41 79
140 160
112 188
56 181
106 134
11 167
91 113
84 189
10 134
128 192
114 199
13 157
59 165
45 136
4 124
144 177
84 166
99 115
63 178
44 82
118 154
40 185
32 42
65 142
8 76
26 107
61 104
17 162
92 180
64 161
10 122
108 109
39 189
23 124
78 83
20 141
22 118
103 134
16 151
24 45
104 179
40 50
57 140
57 170
19 156
45 64
34 80
5 55
10 90
35 151
106 111
45 173
142 161
6 148
127 166
17 62
119 174
128 134
114 143
70 98
95 162
42 86
94 130
92 199
35 184
43 95
93 169
54 92
40 111
12 29
74 119
38 46
48 132
114 166
17 75
37 136
112 174
32 194
68 183
53 86
82 170
63 148
3 41
66 117
33 129
95 153
142 155
143 155
62 74
21 102
79 157
91 143
123 132
138 152
59 176
5 29
58 106
61 93
99 162
127 132
23 44
37 199
117 133
107 143
128 195
45 74
86 137
169 170
71 122
80 84
53 142
98 186
85 156
35 60
56 169
58 159
56 127
92 163
71 87
43 68
113 129
5 82
51 170
142 174
54 198
120 192
28 96
77 109
64 198
74 165
157 173
2 49
73 88
88 132
1 93
13 51
36 65
21 130
166 191
156 197
28 165
13 189
9 18
73 122
16 40
147 174
13 149
23 102
68 186
65 199
53 71
16 92
7 183
10 91
4 175
72 145
81 141
63 163
132 154
53 103
69 106
81 155
123 129
109 193
11 149
20 60
16 77
0 64
27 84
2 163
138 143
44 54
150 159
14 186
4 92
35 159
158 173
40 119
67 142
82 128
98 114
157 179
98 193
6 142
34 160
57 125
56 102
167 179
4 165
8 133
9 169
119 134
127 160
5 147
16 27
138 184
147 188
105 177
82 164
18 140
26 41
20 194
193 198
78 137
98 159
47 78
32 127
38 190
74 92
29 101
61 119
8 37
108 166
66 190
84 130
82 171
62 76
7 143
32 75
34 85
130 133
64 115
57 86
86 147
8 139
6 176
66 169
35 94
8 25
71 91
133 148
44 119
140 194
76 177
7 180
45 110
100 131
8 47
99 169
56 175
27 177
122 193
2 12
83 99
45 47
164 168
60 91
111 120
37 43
79 148
88 153
22 140
36 183
5 140
82 148
110 181
125 126
32 137
80 131
125 172
130 140
42 174
152 153
94 189
125 196
37 89
78 112
114 177
47 69
71 129
4 17
142 191
131 175
11 31
3 58
89 189
95 131
47 115
9 84
32 189
78 86
69 164
30 189
53 68
71 86
58 62
180 189
12 38
48 152
15 41
37 63
152 172
8 110
99 113
41 199
110 130
72 115
61 97
14 82
85 151
9 120
100 147
137 150
102 112
80 186
96 175
68 95
80 157
29 145
9 70
97 139
132 164
146 163
62 177
62 148
126 162
0 28
51 65
130 189
97 178
117 192
197 199
28 149
142 158
98 191
97 182
13 156
128 170
156 190
53 135
13 56
57 167
18 41
122 171
160 171
101 163
74 112
129 168
23 179
120 160
116 161
42 133
76 86
173 198
7 81
48 186
27 64
18 138
150 178
52 109
24 55
129 153
34 136
50 159
10 13
78 117
116 169
119 193
27 78
74 94
54 93
4 32
71 93
9 127
69 114
6 8
10 149
114 117
20 101
50 193
19 114
118 164
7 186
64 191
17 186
40 159
110 143
182 197
6 189
58 61
21 72
21 64
32 134
4 88
35 81
6 7
123 182
66 85
83 157
112 194
61 101
90 128
19 141
91 148
114 165
113 146
51 153
38 151
34 110
45 182
35 120
116 120
115 186
21 192
56 72
125 167
95 117
116 188
27 103
33 92
1 84
104 197
122 184
14 119
50 166
35 39
170 177
102 114
126 199
166 170
52 87
14 19
154 175
87 155
57 120
59 199
4 197
79 163
178 181
99 198
180 190
102 134
167 188
17 118
115 187
85 119
27 51
2 90
5 178
63 109
98 109
55 74
106 189
86 87
84 119
26 73
2 146
61 171
64 128
101 158
137 199
90 104
92 110
1 68
118 125
110 151
16 173
59 140
55 60
42 96
74 111
65 67
20 80
36 37
147 161
138 160
43 84
50 176
105 118
30 130
37 40
162 181
9 73
64 174
70 133
58 197
77 144
62 117
99 158
119 154
44 198
79 82
39 82
11 144
0 141
126 189
107 133
142 152
126 181
66 159
148 169
44 63
157 161
67 129
76 127
107 112
9 103
172 189
48 142
65 174
131 199
34 35
15 93
52 161
33 61
97 174
21 106
19 175
56 178
6 87
151 183
113 144
54 55
54 117
134 197
29 128
63 133
164 179
31 63
139 157
112 197
39 178
16 108
55 95
78 114
6 180
13 175
35 44
32 67
48 178
111 112
76 91
93 106
74 157
45 184
21 42
61 162
10 23
66 156
89 187
24 69
37 162
56 158
57 88
105 136
0 153
17 181
43 62
70 87
19 84
54 193
78 168
54 89
162 191
81 107
63 102
121 159
21 178
110 199
83 152
52 110
21 115
86 176
106 182
79 184
133 150
25 94
127 197
16 29
13 137
186 188
115 188
48 198
111 140
26 51
17 166
48 145
52 106
84 127
29 90
17 68
65 75
0 2
15 16
180 184
112 167
5 19
22 78
31 95
31 188
137 192
71 76
100 180
46 48
63 128
0 130
78 169
10 114
39 74
95 129
96 103
60 66
88 174
21 44
75 76
20 165
36 165
97 145
88 95
16 145
97 158
37 99
66 165
141 199
4 128
60 188
24 54
72 150
116 142
123 170
88 144
109 142
124 191
86 103
45 181
0 80
34 67
33 198
2 160
148 162
14 138
87 154
48 89
12 155
99 170
101 112
8 177
104 166
142 190
69 124
70 187
21 156
89 154
49 55
109 169
75 149
55 107
103 118
25 161
14 169
130 137
143 193
86 96
136 166
123 162
118 188
77 97
25 104
126 134
9 132
82 124
81 185
10 194
160 163
93 99
45 103
142 189
108 181
56 151
22 48
125 153
47 57
3 133
30 82
15 94
112 170
48 49
11 80
2 110
67 107
88 199
127 150
97 175
50 124
52 123
56 94
85 103
109 149
73 109
142 198
9 151
105 174
72 99
115 179
114 119
20 198
16 117
126 141
16 131
73 186
26 71
87 128
153 173
171 197
95 100
69 133
157 158
73 121
88 192
60 139
68 129
132 185
90 110
8 18
181 198
123 147
19 105
38 47
40 157
113 147
35 182
105 121
48 77
68 177
125 178
19 190
111 156
21 80
50 165
98 171
118 174
3 145
118 193
75 137
51 140
10 128
131 156
156 176
8 153
132 196
76 195
109 153
16 70
85 168
58 172
128 182
117 120
58 156
123 166
79 138
97 114
58 188
19 117
103 144
113 172
18 50
19 33
88 145
9 159
169 182
117 181
50 98
54 189
108 112
172 198
21 143
64 131
79 84
0 175
114 139
100 190
84 133
9 125
30 168
134 165
67 137
34 187
23 117
178 193
135 165
78 176
41 187
18 162
77 162
16 194
46 76
113 158
119 131
38 114
87 124
79 177
113 191
108 116
110 136
23 38
15 75
14 101
8 63
85 185
26 179
53 54
164 177
108 167
22 123
53 81
24 100
16 118
6 133
78 123
29 106
131 138
120 146
105 146
172 183
36 189
13 179
98 153
36 74
56 96
89 159
11 150
68 114
180 199
27 58
56 122
13 164
37 139
86 111
95 142
58 131
144 189
88 170
96 177
169 185
51 100
80 189
2 16
125 139
73 103
1 140
35 98
96 109
132 166
50 62
33 51
34 52
140 172
21 40
162 175
121 178
12 179
4 55
67 145
19 146
80 195
79 113
127 130
69 153
4 160
55 164
144 179
136 137
100 107
57 85
31 69
35 140
37 137
97 155
174 183
44 178
54 157
58 185
36 163
6 149
13 119
15 113
51 193
100 151
134 137
29 30
119 121
66 76
1 168
12 51
105 180
121 190
42 158
0 105
24 107
14 20
7 39
23 190
59 126
148 151
60 134
43 53
10 22
61 196
34 176
108 118
113 118
23 66
113 173
127 199
38 145
86 169
145 181
84 95
18 22
24 41
17 51
14 198
64 184
142 183
13 92
96 158
9 188
83 188
29 137
175 178
45 121
166 196
153 166
141 147
63 172
67 125
169 198
80 94
68 128
55 163
187 192
120 190
46 188
93 159
52 165
40 107
11 191
0 135
54 77
2 4
46 82
105 151
42 159
34 50
146 170
45 177
43 74
8 58
51 127
68 90
20 42
25 48
28 97
52 95
102 110
13 174
7 16
57 173
2 119
116 179
94 96
160 169
120 155
48 158
138 188
0 8
48 163
57 143
100 105
2 6
19 79
47 161
171 192
49 64
150 181
45 132
44 77
166 184
14 165
105 142
104 142
67 114
123 142
42 163
28 169
59 196
158 188
106 133
108 129
31 149
41 81
76 118
126 194
43 55
8 149
112 148
14 44
132 186
95 138
118 181
16 129
4 178
36 87
89 168
144 190
137 152
24 180
63 175
145 183
12 93
8 48
60 180
195 198
27 176
43 116
46 57
97 199
41 83
65 179
31 169
55 117
125 150
125 157
102 188
60 152
108 148
8 161
40 108
19 158
26 36
62 93
14 73
8 55
4 177
94 127
51 81
21 52
65 106
6 126
87 173
14 166
124 147
183 185
0 150
23 76
69 131
4 107
127 153
5 88
30 63
153 156
69 79
35 195
45 142
30 159
30 154
85 196
125 168
17 152
77 139
67 108
30 144
76 187
33 58
50 138
71 167
62 106
17 57
45 134
75 79
40 164
24 165
41 132
118 178
91 149
119 122
107 136
177 187
46 144
58 63
59 117
68 78
123 134
2 13
150 195
14 160
38 86
81 160
0 124
129 142
63 188
73 74
3 85
33 190
77 153
107 108
59 90
102 172
15 185
105 186
176 197
57 179
57 191
103 133
118 186
12 73
29 192
49 182
11 171
54 62
116 182
26 167
12 83
73 80
17 188
37 197
181 196
52 54
66 192
140 170
5 162
54 169
31 97
60 161
114 136
91 140
81 104
7 44
98 197
41 46
47 178
44 50
57 135
12 41
45 195
159 187
31 132
52 140
156 158
21 117
1 71
114 194
44 117
42 168
41 82
141 177
28 79
35 82
13 76
10 95
23 34
107 121
17 173
47 127
68 130
45 83
111 139
9 29
23 156
129 149
70 105
126 136
98 113
63 171
18 141
25 117
52 147
22 24
72 120
2 149
92 194
37 184
67 106
14 193
90 122
148 163
41 144
7 107
0 10
25 35
30 117
142 182
52 103
58 105
95 196
42 54
162 187
20 52
61 135
5 152
0 35
162 196
174 188
105 197
4 180
56 199
35 117
57 92
5 128
122 187
31 110
154 171
58 166
47 129
47 81
82 196
22 43
40 170
80 126
79 172
7 182
149 191
52 77
39 197
8 199
109 141
47 192
33 110
105 162
105 157
43 192
38 53
14 175
78 94
51 101
35 126
10 27
26 62
23 104
184 195
128 165
150 194
38 99
64 148
59 156
140 161
97 106
136 175
153 189
31 178
24 141
51 58
155 162
9 74
10 17
134 156
138 150
84 177
2 148
7 17
56 120
8 75
28 184
114 198
22 59
11 73
31 100
1 172
62 129
1 135
20 79
81 130
7 120
80 192
64 176
51 136
32 72
22 187
43 197
42 113
5 70
122 144
145 178
107 185
33 138
5 138
20 68
27 125
157 164
3 28
6 46
52 118
38 75
34 105
72 100
43 105
35 169
106 141
44 81
53 56
17 91
94 166
12 197
