150 2000
119
59
23
109
24
26
83
71
102
108
71
32
52
32
87
85
88
119
93
77
60
27
66
46
99
60
76
78
81
88
95
80
27
98
21
83
104
85
87
38
25
38
51
110
103
70
27
71
22
100
80
62
59
26
88
38
119
96
96
80
64
71
93
23
49
94
87
86
111
54
104
117
72
35
59
55
86
66
59
88
98
119
82
37
78
102
55
29
78
32
89
22
35
62
25
117
89
44
83
80
78
67
29
83
35
68
70
53
114
61
73
92
113
35
61
71
117
97
80
27
61
101
81
76
96
86
25
117
63
40
77
21
40
39
36
55
39
87
40
34
80
93
58
73
60
100
76
109
29
88
23 55
130 141
64 138
50 102
73 147
4 117
37 83
18 68
6 68
21 86
18 32
10 125
21 62
26 37
41 122
64 133
15 114
3 31
66 133
41 53
2 57
39 78
49 141
109 111
107 130
41 47
51 109
16 124
22 54
1 63
78 134
29 146
0 60
51 66
43 104
98 107
12 88
55 137
39 97
16 146
115 129
82 90
75 106
57 149
62 110
43 114
143 146
91 147
54 142
115 149
97 125
97 109
115 137
4 66
82 136
17 52
47 142
100 122
1 59
115 121
19 137
8 15
1 131
64 87
30 144
86 143
57 86
4 22
70 73
78 111
2 130
101 128
123 130
74 124
58 141
52 137
118 126
40 53
55 99
43 122
29 92
96 129
103 104
16 31
65 70
12 96
22 37
76 148
63 116
54 147
76 134
52 106
4 10
59 93
65 109
5 104
134 147
50 100
89 119
56 132
46 91
2 15
79 83
48 65
63 97
23 102
99 111
76 104
23 71
34 65
38 70
35 138
55 91
46 136
20 112
4 53
7 118
51 121
36 86
1 85
1 5
101 108
86 116
107 139
22 59
76 98
64 145
35 102
57 73
19 148
2 93
61 125
61 96
14 49
34 67
36 134
73 145
39 137
81 146
81 141
7 18
13 141
26 123
31 115
15 100
95 102
70 129
33 59
125 127
12 83
43 67
100 116
87 114
46 57
83 138
3 89
47 132
21 69
8 86
10 104
4 108
74 106
15 88
9 65
92 140
85 129
62 79
26 51
68 109
53 72
63 149
47 57
28 45
106 120
74 114
116 118
32 124
94 120
104 139
32 88
67 98
10 117
71 147
37 65
11 30
21 81
78 127
74 128
8 98
30 122
22 49
107 143
23 139
65 129
67 145
94 97
116 135
6 34
37 43
1 119
22 107
51 84
2 81
8 10
30 91
35 104
80 140
13 61
41 69
78 117
10 77
47 113
96 119
35 81
65 135
22 57
59 108
8 114
68 91
121 124
9 61
51 128
39 141
113 117
97 132
132 143
25 95
23 40
24 64
58 129
61 115
53 120
67 136
13 32
41 90
68 74
118 145
10 112
44 133
59 115
37 136
60 130
9 124
56 120
6 117
59 85
113 139
23 126
55 82
22 139
96 115
83 143
3 105
99 118
15 83
53 137
19 143
20 63
33 75
26 94
20 85
133 135
108 111
13 65
2 140
12 20
5 35
90 103
13 124
39 80
57 78
51 133
97 98
71 74
131 149
54 70
56 84
89 95
5 17
10 72
47 74
82 92
80 97
22 145
61 71
75 129
110 140
82 139
55 59
92 116
36 54
40 146
86 92
12 37
48 143
84 92
78 122
24 104
77 98
99 149
61 76
30 103
14 37
93 96
69 111
25 90
87 147
65 90
75 103
4 68
53 88
10 25
68 86
32 145
33 34
46 147
110 128
49 101
96 142
113 145
57 85
54 138
46 149
50 111
14 119
40 129
91 108
25 117
6 53
59 104
51 71
2 83
120 127
0 17
57 91
4 131
13 79
60 139
100 110
53 68
10 131
63 99
69 87
2 146
24 53
9 119
89 107
107 136
106 129
66 111
13 80
2 40
72 140
2 5
22 73
4 55
21 135
73 103
7 90
16 121
61 91
70 77
82 116
28 39
94 95
52 108
76 144
13 66
18 66
89 121
78 143
31 93
98 99
6 92
105 127
10 68
88 120
105 139
54 69
51 144
65 98
62 142
75 92
60 110
81 145
40 149
62 144
11 71
77 92
5 100
16 107
18 129
6 7
84 112
128 130
44 65
72 88
48 104
1 133
32 132
42 94
15 127
7 121
65 93
71 102
90 133
41 81
16 149
3 30
120 146
126 127
64 98
49 104
14 32
46 106
15 50
42 44
65 102
60 67
17 139
12 52
131 146
32 93
12 148
60 62
38 118
37 66
4 87
19 73
29 119
36 65
10 79
46 80
50 112
9 31
73 91
72 135
69 78
6 133
76 121
44 96
61 133
86 122
85 144
30 148
13 62
44 76
53 63
9 56
29 144
98 128
36 124
50 134
7 80
121 147
10 115
37 140
24 148
15 134
66 128
13 93
109 131
71 96
65 81
2 94
32 127
94 102
54 128
51 60
1 78
90 113
111 120
104 114
28 145
41 72
88 106
1 9
52 66
107 142
62 120
6 139
110 124
28 137
47 141
80 142
27 95
83 147
57 99
3 85
94 128
29 84
82 84
38 94
138 148
60 145
37 108
118 134
105 147
13 40
55 145
85 134
70 90
49 132
71 135
68 135
15 66
2 99
48 137
10 35
72 147
128 132
122 136
41 42
25 149
121 132
32 59
43 97
112 135
15 62
14 35
83 102
50 93
71 112
32 84
79 109
0 148
23 50
6 78
21 137
64 90
9 84
77 99
46 93
11 81
15 107
10 66
9 54
16 112
2 92
28 53
52 144
5 72
26 58
112 148
98 143
59 70
7 47
13 58
22 140
56 125
30 32
65 145
3 94
93 122
88 108
24 113
62 82
24 139
34 132
93 123
72 105
100 118
33 90
8 43
127 146
91 122
115 118
58 146
91 104
48 115
67 111
100 108
37 82
62 143
26 98
126 135
18 118
63 119
78 115
19 41
65 131
8 34
4 125
105 112
81 90
40 66
5 39
25 32
51 120
32 105
53 79
25 100
103 116
7 66
24 99
36 73
45 107
44 101
58 82
56 74
29 115
82 140
52 113
48 93
7 74
3 84
25 119
37 143
29 114
92 102
0 39
97 111
42 95
5 99
19 47
25 36
107 128
78 91
9 73
41 68
44 148
2 75
68 95
56 62
56 99
101 112
45 55
57 61
128 144
72 108
67 138
29 145
91 131
23 69
9 67
12 119
35 44
104 112
10 32
33 76
79 118
24 47
104 124
135 147
52 93
24 135
47 116
18 115
125 139
11 137
31 39
45 98
45 131
55 121
66 75
50 114
86 120
98 105
93 135
59 120
9 117
87 135
27 128
12 15
51 139
46 88
92 96
53 121
37 115
68 128
53 130
24 145
66 93
31 52
88 91
55 74
11 100
42 104
83 96
5 143
3 21
44 137
87 134
37 72
61 67
35 62
93 139
0 34
64 108
36 127
50 65
5 19
12 103
57 62
26 118
96 123
2 76
13 107
75 144
44 132
56 70
9 51
59 61
123 137
19 23
3 122
74 140
29 54
79 143
13 106
11 111
38 79
14 88
103 141
82 138
35 40
44 58
91 117
8 78
27 143
3 48
46 51
80 122
52 100
16 74
60 87
27 41
33 129
61 84
21 120
66 95
74 98
76 143
4 79
55 93
66 125
38 128
14 118
28 144
3 73
31 121
100 115
49 64
63 85
67 71
65 66
16 141
55 122
0 128
23 68
30 141
24 134
71 137
42 97
18 114
44 134
66 108
39 69
25 37
79 90
6 96
20 133
8 18
48 127
1 8
38 116
44 100
88 113
8 112
7 130
114 115
42 137
54 119
35 112
18 117
132 135
11 78
34 86
26 109
3 42
127 143
58 89
1 38
96 144
113 136
11 25
6 65
41 144
27 111
61 111
72 85
28 85
107 137
96 140
73 149
35 57
37 64
11 147
35 83
94 124
32 61
61 107
73 88
87 121
120 149
72 127
5 55
59 94
5 112
14 137
22 130
44 123
23 111
55 97
21 93
5 16
90 129
27 145
56 122
79 119
28 113
23 76
10 85
65 142
17 85
46 109
40 67
99 143
67 120
1 144
59 139
3 86
27 134
44 103
8 33
32 136
94 118
85 128
45 128
23 37
12 65
59 132
58 113
42 48
18 30
46 84
75 90
54 135
123 138
121 144
1 135
66 131
26 48
96 136
22 40
7 75
37 86
140 145
0 32
18 43
29 62
39 116
21 119
47 61
41 46
22 48
15 149
101 111
43 135
35 113
51 122
0 41
0 117
62 125
70 89
37 91
31 113
55 110
10 21
5 51
105 120
125 135
104 128
142 148
22 34
105 125
58 105
16 25
7 43
129 139
16 132
65 95
7 148
28 58
5 86
64 88
55 80
86 141
61 87
49 94
126 129
3 74
17 132
0 109
24 149
27 147
5 47
25 75
97 115
103 111
49 102
18 60
6 31
20 103
55 120
1 114
19 31
76 101
1 35
3 52
0 111
9 80
7 57
75 136
97 105
28 109
48 98
71 131
25 105
1 75
17 80
13 76
90 114
117 141
103 142
20 124
14 129
52 132
54 139
52 135
0 100
72 83
38 82
97 135
15 27
3 144
39 40
31 92
24 97
13 24
32 65
73 130
17 117
74 120
101 146
41 104
89 93
109 120
92 103
34 62
53 119
47 65
141 144
90 144
7 42
16 126
49 125
50 92
66 124
17 114
68 120
63 111
8 70
2 85
49 75
30 88
19 56
65 78
99 124
57 141
74 132
107 118
18 25
91 101
44 118
11 14
24 36
94 116
1 71
15 89
86 101
47 81
53 147
56 111
90 138
8 87
47 112
50 78
105 122
18 136
42 107
17 53
133 136
54 109
39 61
44 93
90 93
54 100
40 131
41 43
57 139
40 120
64 92
83 110
119 131
50 125
14 23
86 129
77 86
21 26
21 131
13 81
46 127
20 24
13 88
110 129
44 105
52 118
85 127
87 102
12 136
18 72
111 142
69 130
39 142
58 95
38 104
21 59
34 94
38 54
134 140
9 10
94 111
97 116
110 132
106 134
4 28
67 73
9 118
22 70
19 26
32 108
40 69
75 127
10 31
117 144
40 127
37 106
124 126
19 86
28 108
90 137
66 147
6 48
76 112
35 142
32 144
23 104
9 114
28 55
57 117
34 143
22 106
36 101
15 140
33 81
40 90
17 63
18 31
53 55
77 139
60 101
76 149
58 79
87 107
106 137
44 73
52 99
95 103
88 110
121 145
86 93
12 63
51 82
43 106
147 149
48 124
84 128
117 128
17 41
126 137
90 127
39 87
80 127
100 128
1 43
1 123
24 138
39 120
50 71
17 36
49 135
66 130
13 117
58 140
7 145
36 123
95 101
37 41
4 67
84 149
52 104
57 92
77 79
29 132
0 51
66 101
17 101
65 127
72 92
65 123
11 120
16 48
11 83
59 69
63 126
42 53
10 123
91 139
77 111
81 105
8 23
33 79
90 140
4 6
15 139
141 145
78 112
10 88
85 97
110 149
107 138
52 121
91 118
2 49
10 46
96 114
66 100
17 65
5 95
17 40
27 121
23 114
124 138
11 40
31 95
33 97
80 132
8 9
105 108
76 122
46 107
86 125
91 111
40 122
52 65
57 76
74 92
80 99
12 100
22 45
56 96
44 78
38 105
139 146
111 113
70 124
60 97
1 73
114 122
37 54
49 129
112 131
143 149
89 92
70 88
32 96
28 59
59 72
115 132
56 129
3 117
21 72
40 47
53 71
34 97
33 96
70 79
71 141
64 131
97 141
50 77
27 38
24 82
7 70
48 101
15 115
89 104
43 136
83 117
53 129
30 58
25 73
31 141
86 88
18 124
124 149
96 100
50 58
47 75
53 65
55 66
0 119
38 129
22 120
90 99
95 121
51 90
29 46
20 39
14 47
49 71
12 31
60 100
8 67
74 113
25 115
25 29
67 84
5 106
89 147
34 107
47 118
77 87
60 93
92 129
67 100
31 46
77 123
48 106
132 149
4 75
14 140
53 97
21 100
139 144
25 88
25 68
11 102
131 137
19 79
86 110
59 82
9 19
32 67
17 83
49 144
8 42
10 38
64 85
2 51
110 120
79 114
52 96
48 56
32 139
17 60
93 102
35 79
25 104
14 21
58 87
16 97
23 131
119 135
33 85
74 77
117 147
60 135
15 99
72 134
78 94
9 17
12 77
47 100
47 136
9 18
3 80
30 113
107 140
90 107
75 104
69 105
141 142
1 121
6 115
37 130
35 45
114 135
100 145
59 127
51 67
57 69
44 138
5 32
3 77
58 83
91 119
41 136
131 139
46 125
0 139
94 115
19 77
138 145
104 146
24 68
72 100
85 135
76 93
107 149
62 94
93 95
68 83
43 83
9 110
31 79
74 86
19 134
81 104
30 37
27 130
11 12
66 104
75 140
19 46
4 101
17 144
29 140
55 69
60 141
79 144
86 146
77 116
6 85
96 148
18 116
50 60
42 55
14 61
4 115
73 118
108 110
15 102
27 64
59 73
50 131
30 134
69 149
36 148
114 117
17 58
32 75
22 79
49 140
54 61
58 98
125 129
90 122
17 49
1 26
11 149
31 148
68 132
48 50
25 65
17 42
123 144
126 145
78 125
29 37
135 139
87 118
13 111
58 114
129 137
115 128
50 147
28 32
134 142
2 44
34 69
48 63
24 117
4 141
42 43
1 55
4 111
19 133
98 134
13 50
33 94
0 135
73 119
19 142
23 79
96 133
51 112
4 15
68 146
53 111
30 130
16 102
50 133
98 118
50 73
43 139
13 144
122 134
16 137
92 135
51 106
36 118
85 110
37 71
119 138
76 103
51 119
34 80
28 71
2 122
3 44
67 147
96 132
9 126
60 81
19 82
28 94
104 117
15 92
20 86
19 138
99 139
30 77
23 54
80 83
56 78
9 93
25 116
28 46
35 119
36 66
2 127
50 117
60 132
47 96
15 119
0 101
101 148
54 60
72 90
35 55
33 142
89 100
34 133
33 48
10 53
15 51
20 61
23 83
16 104
96 111
89 99
110 116
22 55
47 48
46 72
26 125
93 109
17 26
78 98
64 78
57 128
125 146
77 144
106 133
3 16
25 83
30 95
139 141
70 91
19 58
42 83
27 100
123 136
99 131
93 140
11 145
62 105
102 144
94 103
14 93
84 115
101 131
28 60
2 103
80 101
96 97
70 92
9 115
73 97
4 104
31 109
0 66
3 14
21 61
1 42
29 122
5 75
31 51
10 34
107 132
104 130
41 101
24 70
122 138
61 145
29 104
10 60
31 96
3 66
71 126
7 78
24 140
58 94
74 149
3 13
18 135
107 141
37 53
37 60
66 98
12 70
101 121
89 108
6 84
62 136
29 88
28 47
64 112
82 83
13 97
106 141
93 144
6 112
41 128
65 124
83 131
4 137
69 119
26 115
55 108
53 57
118 135
20 69
19 102
82 145
28 40
0 133
36 77
11 31
12 44
48 146
52 117
17 78
27 83
38 133
6 105
11 89
26 73
6 106
0 113
30 149
76 84
32 120
28 96
50 70
47 140
32 128
13 17
34 77
109 123
38 140
49 99
49 77
4 113
39 46
78 88
24 116
88 93
109 138
138 147
44 80
102 129
66 121
7 124
103 113
3 5
119 148
52 76
24 59
59 134
33 131
61 99
51 77
48 92
19 128
65 79
5 62
50 118
15 55
38 142
114 126
45 88
65 139
25 38
19 124
58 73
38 132
26 74
46 138
54 105
27 110
18 77
34 130
4 34
12 72
40 48
88 145
128 129
16 60
87 115
9 121
36 55
43 46
53 134
18 65
45 140
18 101
58 138
37 145
108 118
24 105
95 142
2 41
66 96
14 90
119 139
34 137
53 83
31 103
83 90
29 111
36 89
27 33
2 135
124 127
16 68
38 51
57 90
72 117
12 138
27 123
4 21
85 104
34 43
20 23
27 57
64 100
74 111
29 42
142 145
49 119
42 138
147 148
32 38
64 117
18 132
75 114
43 89
34 39
9 145
7 77
46 99
87 109
125 140
41 96
24 128
85 131
45 90
52 124
6 64
80 141
133 134
70 123
22 132
90 118
86 97
87 149
108 143
36 76
22 84
108 129
1 110
96 143
6 50
70 117
11 109
25 144
65 68
7 33
8 145
8 130
26 82
8 116
62 102
84 113
53 59
59 77
96 109
31 120
83 107
3 63
64 132
65 97
42 148
9 25
13 89
82 126
75 135
35 54
45 47
1 128
10 69
14 72
66 138
32 142
58 120
13 129
139 143
83 116
53 113
8 138
72 136
100 103
19 107
23 75
59 67
30 55
27 87
95 135
71 143
2 39
60 108
16 78
93 129
132 133
36 39
24 26
30 108
28 117
49 103
42 109
0 21
41 48
38 87
11 88
21 71
38 98
41 52
17 86
25 57
49 122
31 100
19 45
45 83
42 132
121 128
114 132
38 66
14 105
7 76
56 145
104 118
32 89
5 57
76 97
50 139
70 95
72 112
95 129
91 94
84 132
74 110
130 144
112 113
9 47
10 113
60 70
49 58
23 66
21 45
112 118
41 97
21 75
84 147
78 87
95 127
119 142
57 129
10 92
43 55
15 21
9 116
68 104
89 143
51 111
93 103
26 59
70 143
24 60
53 123
5 92
62 98
40 123
69 124
95 145
57 122
83 125
76 116
89 128
121 123
49 50
73 95
5 68
63 127
88 124
1 69
59 66
46 146
82 105
15 18
80 147
82 125
0 121
21 133
78 147
3 146
25 49
65 112
54 92
25 102
12 145
92 141
24 58
128 149
125 136
2 80
51 68
84 121
55 133
103 147
16 99
13 122
55 123
48 54
4 41
87 129
17 27
132 148
36 121
101 147
35 88
45 118
17 70
22 38
52 69
102 134
27 108
15 112
69 102
143 148
27 120
0 116
106 140
11 35
54 106
24 28
75 102
114 144
56 66
31 35
63 140
3 34
32 115
29 76
10 42
0 81
50 116
63 104
91 124
102 128
2 148
29 61
37 70
2 79
22 122
44 49
81 102
94 99
15 49
78 79
22 104
8 76
106 136
23 98
26 100
2 4
79 137
26 108
10 18
20 91
22 114
37 92
98 145
105 146
69 73
55 113
29 113
64 135
71 111
33 102
26 64
115 116
64 127
110 123
19 30
35 98
29 137
118 148
114 137
103 148
15 69
128 134
3 147
8 49
0 74
111 117
38 76
25 43
30 73
106 124
50 145
55 88
6 144
30 124
79 86
12 38
101 124
25 47
48 125
92 128
55 61
6 32
106 132
36 88
87 132
70 84
44 130
10 15
