250 2000
30
87
55
75
95
59
35
25
80
35
49
95
38
119
83
38
66
20
61
117
89
53
34
70
40
54
75
62
116
72
50
26
91
37
81
66
77
48
71
37
115
52
64
34
51
27
52
49
79
46
47
101
31
61
103
51
48
110
46
44
62
28
102
85
45
115
83
102
44
86
71
39
118
67
105
49
74
90
78
86
116
57
67
27
99
50
111
27
92
37
103
86
97
85
51
22
80
66
57
56
32
60
28
30
108
113
111
114
83
21
80
31
59
27
91
90
109
82
49
33
51
84
99
80
49
30
82
61
76
71
50
40
112
58
102
52
103
45
46
119
47
107
30
38
66
101
60
108
115
89
21
98
53
101
58
34
63
73
27
72
24
57
92
68
47
75
100
31
100
27
30
79
66
92
49
112
26
89
52
73
110
106
104
43
87
42
109
82
47
69
34
104
106
107
52
86
114
85
97
46
92
59
58
90
83
87
34
89
57
67
43
47
53
27
23
72
101
64
34
81
113
49
65
52
88
49
118
34
114
47
60
38
86
98
108
49
118
23
71
55
70
94
34
55
53
37
107
86
34
73
55 148
49 177
195 237
51 234
73 74
210 240
58 82
121 132
39 132
150 207
46 248
106 125
60 177
121 177
74 126
74 81
8 181
225 228
27 97
172 212
25 100
14 34
135 185
18 169
78 174
69 72
175 178
197 238
68 205
131 166
46 99
80 205
180 210
57 160
59 123
12 81
0 95
37 148
19 82
109 207
26 97
25 181
54 129
9 115
49 133
96 140
197 233
28 193
188 229
39 102
61 184
153 163
29 51
201 214
158 172
19 73
4 36
90 146
114 235
35 99
91 247
230 233
11 38
18 25
128 199
113 159
62 164
26 193
67 79
157 240
82 237
24 111
8 87
114 174
66 122
209 221
44 157
48 202
55 79
107 168
77 207
121 220
98 241
58 65
30 74
17 150
12 157
96 143
110 122
20 96
28 82
37 67
19 126
34 85
3 99
158 243
65 182
25 30
15 197
45 186
86 123
30 165
58 98
220 228
20 249
66 150
183 236
161 188
5 125
47 206
40 129
163 217
99 105
41 121
46 227
63 183
14 52
30 94
86 114
5 131
64 117
55 241
98 226
23 180
157 161
124 166
21 177
218 223
121 244
13 195
110 142
194 196
142 226
63 77
7 208
68 226
23 161
31 101
9 63
166 226
142 225
142 152
16 115
10 222
88 167
125 231
129 174
27 106
66 104
169 175
63 89
151 188
0 182
39 111
15 98
73 130
10 22
26 77
49 240
36 78
14 68
161 197
188 189
53 106
43 74
32 208
15 183
117 146
37 218
66 229
155 211
165 241
68 233
75 191
79 219
37 154
65 93
133 234
4 140
150 240
22 66
82 108
57 107
51 127
132 246
45 151
36 93
168 179
206 211
4 27
41 158
64 236
76 151
120 182
41 110
184 209
43 234
2 143
123 195
179 248
2 168
23 57
22 202
115 234
58 143
69 127
113 207
145 210
179 233
103 195
63 114
9 31
175 206
3 11
111 150
68 183
58 215
227 238
93 112
74 170
201 236
45 239
166 236
2 108
166 211
30 197
24 81
39 83
108 152
8 188
115 223
81 178
31 156
171 245
97 249
87 166
150 155
66 234
92 244
68 160
54 118
42 180
51 183
115 159
85 156
19 52
129 197
13 235
156 205
8 56
105 174
5 143
182 230
174 176
94 174
188 228
64 230
11 115
163 228
100 126
134 145
116 152
138 195
129 150
146 239
2 207
16 202
109 198
34 135
209 226
16 230
39 146
50 246
11 114
131 240
111 117
115 238
35 233
3 214
2 185
204 244
106 220
49 215
20 83
98 203
42 183
82 114
110 181
45 234
36 84
85 126
68 199
55 161
33 198
57 89
15 45
59 94
181 230
177 183
29 72
218 245
6 150
207 240
180 195
83 208
14 43
61 65
213 222
222 246
23 131
68 187
98 146
14 229
29 43
160 162
115 233
121 155
112 235
32 214
144 172
116 158
67 177
30 76
2 48
127 129
32 66
178 195
61 165
46 157
104 172
207 220
155 214
140 193
157 179
24 73
79 140
84 248
160 170
24 29
10 60
92 151
178 198
21 195
30 111
215 242
51 202
37 107
15 231
124 138
70 120
116 204
68 138
199 216
14 26
17 61
221 240
94 215
178 185
29 124
77 144
80 181
36 198
162 238
153 244
112 114
75 80
170 245
71 136
85 195
6 163
103 236
98 170
34 80
99 204
95 165
31 246
26 170
41 46
40 158
46 122
7 121
177 202
23 116
64 163
79 211
22 64
65 120
86 145
6 37
172 201
132 233
20 159
66 153
52 61
98 106
183 215
219 237
143 187
59 113
101 176
123 138
55 240
178 243
102 200
151 216
24 98
44 236
109 241
13 110
68 154
111 189
34 182
29 222
88 142
68 73
196 226
133 160
41 190
83 245
8 86
19 107
165 175
18 68
82 127
25 48
45 214
80 184
95 213
52 237
51 125
129 157
169 173
12 66
197 212
62 220
135 183
60 179
201 248
78 181
182 206
227 228
162 170
16 159
125 211
105 176
86 115
111 157
136 169
178 200
92 116
2 171
127 202
78 164
197 200
9 234
153 237
64 176
2 223
44 127
1 185
123 156
63 218
87 105
15 85
157 201
78 209
55 86
31 72
17 83
19 26
25 170
117 201
59 245
96 97
3 246
215 220
57 66
151 172
79 174
205 235
10 112
143 173
36 190
78 158
68 248
36 183
84 134
144 153
0 231
79 92
62 105
146 172
68 221
175 247
0 232
112 232
156 197
5 233
83 198
17 141
176 184
18 53
58 162
14 143
107 161
16 223
21 119
40 243
40 68
142 240
75 152
4 99
9 83
31 185
178 194
128 150
55 105
17 249
114 115
13 127
222 236
143 244
184 207
89 99
104 181
6 241
108 245
106 191
106 143
153 223
71 225
28 133
31 132
46 247
59 248
72 124
17 147
104 168
53 109
9 204
41 195
16 149
43 224
1 193
117 166
40 154
38 243
24 69
22 115
21 122
26 145
173 195
15 113
129 170
185 223
116 180
48 233
26 117
22 60
27 241
34 78
72 100
94 198
93 217
14 217
16 84
229 248
54 107
37 183
166 170
140 187
192 209
52 72
200 233
106 231
30 55
3 184
1 226
45 75
95 145
59 213
39 229
86 211
93 145
116 225
162 163
108 208
160 223
143 238
50 109
43 120
96 156
44 231
139 142
53 228
103 208
92 166
38 146
163 224
6 77
114 238
35 212
126 167
122 237
96 155
127 172
139 180
36 223
175 242
21 130
52 113
47 199
3 62
9 25
13 139
123 174
102 225
65 193
200 224
161 248
77 153
51 179
189 193
18 216
39 185
199 238
5 246
8 39
58 64
50 120
77 95
76 155
20 197
171 220
220 233
48 170
201 238
177 201
71 144
181 246
195 213
21 70
43 60
180 203
50 226
3 156
80 146
61 93
31 202
24 117
116 139
72 105
90 125
32 86
49 130
12 17
39 75
82 118
12 201
72 178
165 177
61 84
109 247
6 61
130 225
86 246
10 114
56 101
236 238
37 142
12 116
44 151
51 85
104 162
86 199
114 134
116 218
27 225
34 67
139 197
9 225
194 226
87 147
32 75
27 133
102 214
39 115
146 192
160 200
46 150
99 181
116 215
1 144
42 171
30 181
39 118
156 164
117 244
2 62
47 171
29 136
149 170
103 147
54 112
10 58
9 56
24 43
76 147
118 168
50 68
50 186
90 206
59 203
15 52
61 76
90 164
64 212
10 167
63 224
121 221
87 129
130 232
58 154
27 174
177 197
225 227
167 236
35 189
190 226
56 140
16 220
80 82
136 195
200 247
71 169
6 173
52 156
206 239
118 214
233 243
60 66
52 220
108 227
48 149
166 195
28 119
6 246
75 95
206 244
18 231
71 103
92 137
27 204
112 210
128 197
20 172
149 180
23 230
28 57
144 194
42 234
59 150
208 239
8 156
9 189
79 179
203 208
133 163
71 182
95 144
54 74
34 97
154 200
62 122
108 110
16 95
2 18
6 94
78 162
18 102
33 171
124 197
93 182
16 140
114 136
112 169
209 210
160 203
113 118
75 135
3 78
170 183
22 177
27 100
191 231
113 220
14 19
89 209
53 81
20 226
88 217
30 189
47 244
12 42
177 214
43 87
55 78
105 139
7 80
86 228
45 202
99 237
153 161
137 170
138 173
214 225
20 124
60 62
127 238
92 178
22 125
38 100
29 180
187 205
41 109
17 155
219 243
6 244
164 224
144 147
154 221
174 213
23 198
89 186
150 181
114 172
4 56
22 88
33 79
127 143
120 247
150 215
144 216
42 74
58 218
189 213
41 152
27 239
28 78
54 142
19 249
107 179
8 32
27 87
186 231
48 177
4 173
84 192
149 235
234 239
75 138
69 118
103 148
98 180
55 200
97 234
159 231
98 242
9 223
34 38
38 124
64 246
84 148
171 189
25 47
160 185
131 202
37 131
6 186
89 205
100 170
15 186
90 233
188 214
2 124
63 208
2 150
197 232
129 244
81 234
91 125
7 239
97 230
45 69
52 68
91 169
83 220
25 240
56 178
92 180
155 180
182 240
9 222
138 231
216 217
71 194
61 159
201 241
99 158
60 63
81 167
6 102
154 246
127 210
175 219
140 207
124 232
140 235
57 121
24 123
47 189
70 98
22 108
89 118
1 223
33 140
89 242
36 221
49 63
41 43
19 20
12 125
5 182
128 134
58 73
129 175
24 135
3 215
106 226
139 217
31 210
93 169
33 142
76 232
35 104
96 160
101 117
93 103
81 151
109 176
30 200
135 244
166 202
111 235
123 239
82 141
42 175
76 126
1 213
82 97
123 199
132 154
72 81
204 241
87 133
90 151
40 201
136 234
31 227
107 172
1 161
89 199
201 229
150 176
53 113
17 96
168 185
28 200
84 123
213 217
7 235
16 224
93 149
52 53
174 215
53 123
134 156
176 209
48 77
161 237
83 232
19 30
2 231
47 227
116 167
4 42
58 226
69 80
60 134
122 234
27 201
107 162
34 66
210 213
53 223
195 239
86 93
70 113
3 229
8 214
22 205
25 88
74 184
168 249
26 127
26 235
162 188
0 153
59 125
172 223
48 79
238 243
101 165
63 169
27 182
29 138
151 219
15 86
14 44
106 171
142 234
8 183
14 146
123 183
9 73
45 223
33 88
3 216
131 236
24 169
155 158
159 161
26 125
21 99
58 142
34 44
42 155
189 217
3 169
164 242
12 62
67 100
33 197
184 205
82 164
174 205
216 237
187 214
139 242
235 236
132 197
20 239
37 90
30 206
93 195
50 105
7 117
57 204
12 150
166 240
94 195
184 192
129 161
5 148
18 236
215 241
114 118
7 57
87 204
47 213
13 32
4 141
61 232
96 132
86 175
122 150
92 134
56 147
56 221
92 153
42 246
12 159
110 216
19 166
54 232
65 188
97 171
79 80
28 232
10 63
65 216
132 202
40 157
100 231
96 105
73 139
84 203
151 166
51 171
82 207
0 5
103 247
77 171
6 34
200 207
16 26
15 148
173 228
40 78
6 136
35 79
25 239
15 29
66 155
52 89
57 125
89 123
11 12
52 149
17 112
99 135
114 138
116 135
37 175
43 47
61 82
189 224
71 92
70 78
122 158
136 168
31 109
111 146
120 163
25 144
163 226
8 111
132 148
138 179
43 52
11 120
185 241
163 212
115 222
33 35
108 168
71 143
64 115
211 235
112 207
35 207
68 128
10 249
137 216
41 111
52 189
32 231
45 89
195 205
18 82
90 228
1 85
50 167
137 201
10 129
188 249
147 229
6 146
74 239
30 34
75 186
19 185
108 126
53 65
81 185
24 136
163 239
65 109
156 162
137 202
24 54
76 172
33 82
68 125
102 157
7 195
44 178
138 214
131 171
104 191
66 179
82 128
90 168
147 177
2 202
27 166
94 108
199 243
17 29
38 220
222 228
2 233
49 124
140 147
181 183
104 247
113 232
133 181
72 181
162 177
79 235
93 204
153 173
86 202
22 159
96 240
75 137
98 113
11 56
24 115
155 239
87 199
124 224
18 137
3 51
68 107
198 241
112 136
46 134
45 138
34 83
33 214
89 148
11 124
0 247
126 152
91 177
65 91
51 211
54 204
61 116
114 173
3 12
150 160
95 150
185 216
128 185
2 55
154 196
104 174
159 195
0 203
107 113
64 167
61 130
40 225
6 247
0 102
12 18
2 20
39 107
236 237
144 224
22 90
151 195
48 60
2 140
105 162
109 226
22 23
63 209
58 247
100 171
12 41
14 112
61 220
150 156
58 232
45 148
5 48
53 93
86 108
20 157
16 191
66 99
39 160
152 218
82 238
193 203
5 96
25 104
7 83
87 154
83 92
29 202
60 247
7 217
10 183
23 134
77 164
44 58
53 114
143 211
6 196
144 198
113 223
121 249
86 158
25 242
30 80
123 129
90 140
136 175
12 100
59 177
176 205
81 88
69 151
15 77
25 157
21 160
11 101
9 244
19 199
81 103
201 226
194 210
168 199
19 119
31 211
48 239
56 173
0 139
47 173
127 185
170 228
164 196
90 247
35 45
78 237
39 124
42 181
90 152
51 163
183 212
22 142
65 200
90 180
65 103
141 159
23 189
175 215
187 210
11 15
49 135
82 156
177 246
91 235
20 47
155 190
42 207
74 107
25 149
30 138
70 171
149 195
74 110
149 161
137 172
38 165
71 159
121 188
68 106
131 217
36 228
9 123
197 245
142 227
134 212
0 135
9 213
62 170
112 199
27 194
103 237
201 210
19 144
25 66
88 147
98 164
20 158
67 217
5 61
47 139
23 47
32 127
10 189
55 123
240 249
2 79
203 205
40 99
74 208
124 163
105 140
113 125
48 180
93 156
140 241
45 116
24 39
0 50
157 213
25 203
9 27
175 231
157 165
133 141
172 239
32 35
182 216
67 161
88 160
153 236
128 193
10 231
224 243
18 138
29 147
147 164
213 230
89 230
138 223
60 122
6 64
30 198
117 188
27 192
130 197
8 115
125 140
82 201
83 105
3 81
45 247
87 233
25 223
162 249
78 136
5 186
46 108
53 152
175 183
40 100
44 240
17 135
71 78
183 217
49 154
38 151
124 196
73 90
97 104
73 85
180 182
21 143
177 226
110 247
6 191
61 90
142 168
132 211
36 203
10 242
39 58
116 232
65 132
57 86
121 151
24 237
14 214
161 201
115 164
11 159
101 170
164 220
102 121
238 240
29 168
136 149
11 31
200 202
88 205
75 173
141 181
52 109
63 197
18 219
16 90
134 239
112 192
166 182
84 202
63 101
177 221
25 234
72 229
152 230
0 209
43 243
95 242
102 189
27 159
4 119
35 109
38 61
102 221
15 44
131 249
69 110
49 174
103 167
20 104
115 145
156 242
55 245
51 114
160 161
1 200
73 222
88 154
119 137
188 190
114 247
90 213
140 201
57 120
54 76
179 199
24 192
39 105
5 92
6 168
94 144
80 150
34 199
37 224
136 240
80 88
99 228
31 71
85 138
148 169
137 192
45 94
226 231
123 171
94 167
26 217
2 170
78 207
170 226
167 196
0 45
133 247
135 219
70 219
157 207
161 202
52 244
31 155
54 82
130 176
98 221
54 141
30 201
52 147
154 197
44 195
37 115
108 182
84 191
167 245
219 246
71 226
183 209
99 154
57 154
111 148
138 201
43 141
98 191
49 244
87 136
110 170
47 194
42 214
36 210
31 89
114 205
22 175
28 54
60 232
93 176
87 196
28 77
72 245
16 184
80 83
122 212
6 38
51 152
175 211
78 117
162 204
130 178
81 108
110 195
27 187
75 124
91 111
59 247
129 142
78 132
42 200
80 196
100 206
19 85
15 25
137 229
29 167
212 239
174 248
127 184
111 213
1 177
162 202
82 174
2 157
66 199
12 55
113 132
69 214
133 240
20 186
67 71
39 135
57 139
59 93
23 118
119 205
157 200
134 226
41 91
81 157
92 136
22 224
236 249
132 145
183 226
4 150
1 145
35 58
34 197
151 152
72 106
116 124
8 100
49 207
115 181
67 141
137 218
123 169
153 215
149 202
10 204
60 239
42 186
46 211
8 170
170 234
30 36
85 95
79 118
62 73
186 199
143 207
108 175
110 229
109 120
111 183
24 128
170 171
63 235
68 173
145 158
19 243
201 240
53 111
126 149
19 104
131 208
171 229
110 191
41 145
21 52
76 170
43 233
61 112
8 68
166 203
11 203
25 225
3 108
124 213
124 185
94 206
57 106
147 249
54 199
21 224
127 166
59 188
28 68
6 231
71 86
56 98
127 183
73 235
49 187
163 198
145 234
90 119
16 54
108 192
68 213
185 195
96 231
10 236
94 164
1 93
149 166
43 201
24 185
122 130
73 181
35 160
23 44
90 193
25 109
91 139
122 227
101 138
237 241
192 196
131 132
13 68
105 142
46 242
154 224
6 147
23 206
46 51
160 216
174 207
1 148
102 184
6 36
130 149
95 197
174 228
78 243
35 93
139 237
27 141
27 113
147 171
50 198
118 217
109 243
110 178
141 214
30 65
66 220
12 168
115 186
45 248
91 179
18 80
82 107
47 159
134 159
36 70
7 68
133 185
31 126
149 198
156 222
116 168
140 231
105 240
26 136
81 106
7 15
18 65
52 164
177 234
137 190
123 197
57 108
88 234
134 235
138 141
4 208
162 200
87 119
113 190
107 123
71 114
137 240
133 154
41 60
231 240
49 113
163 222
47 207
149 186
200 209
130 159
83 99
191 243
167 222
157 212
40 54
95 218
104 178
107 174
211 248
57 124
47 109
84 89
74 243
9 219
65 195
19 200
210 232
138 232
52 102
85 157
13 113
12 37
75 121
96 137
84 194
54 155
73 229
144 150
95 239
41 61
43 114
103 198
33 206
103 118
113 216
132 227
53 105
201 242
38 239
171 223
78 193
25 148
80 144
27 116
9 206
101 141
113 192
69 135
3 45
34 113
12 135
218 240
62 167
43 156
129 145
129 247
22 77
24 138
104 230
0 97
81 113
39 68
34 186
72 170
49 59
17 182
99 152
181 195
108 133
114 237
111 131
153 219
188 243
42 144
144 223
143 225
70 149
63 119
98 208
49 170
10 157
124 156
37 247
216 236
174 190
186 209
34 69
61 80
41 42
119 194
14 184
100 120
181 236
77 198
143 247
99 153
5 7
28 106
14 42
72 85
40 133
21 109
19 204
22 163
217 245
33 180
83 153
69 132
80 186
80 248
98 179
38 85
103 113
144 248
216 229
104 201
220 231
4 58
156 188
24 70
78 211
2 76
143 181
26 228
130 220
92 216
128 173
35 63
193 236
27 167
59 78
31 45
206 234
64 172
88 214
144 242
151 244
44 73
27 99
23 99
217 229
66 209
203 242
22 186
42 189
213 248
96 120
43 206
154 209
118 230
150 222
51 115
68 188
197 198
37 73
119 149
67 142
134 180
20 203
172 209
97 237
