100 250
31
70
85
47
110
68
37
52
50
30
75
23
71
64
23
39
49
42
119
44
36
61
99
97
108
59
69
48
115
52
61
26
102
78
105
92
78
22
24
61
84
32
64
36
76
20
107
57
94
106
81
111
47
112
88
87
51
89
115
98
22
108
104
56
118
89
29
77
43
85
118
107
49
114
75
105
114
62
94
89
101
107
32
80
99
52
48
82
21
95
60
75
84
96
112
82
117
21
91
40
22 23
18 83
44 67
2 84
35 81
80 89
24 54
1 24
72 83
11 71
15 27
75 85
9 21
26 97
29 49
23 40
4 11
49 58
61 78
65 85
26 94
0 97
3 22
1 86
64 94
57 74
79 94
1 52
3 28
2 4
9 42
66 79
37 53
67 83
4 50
1 96
30 98
33 96
49 72
67 71
13 28
44 93
46 74
77 97
26 99
33 88
12 93
54 99
2 73
4 34
35 77
7 53
49 86
58 93
51 64
64 77
45 70
9 19
17 58
49 95
57 82
50 83
37 47
1 49
10 36
5 39
58 71
57 99
44 60
11 16
8 93
5 27
16 36
77 85
26 46
3 80
60 64
6 7
53 59
8 16
66 95
55 67
6 24
36 76
44 50
11 99
27 90
6 16
15 93
43 62
19 23
17 32
39 75
39 45
0 35
61 82
66 68
49 90
75 78
77 79
22 78
12 88
5 57
25 70
13 50
22 87
56 89
54 80
84 93
25 71
38 93
11 53
7 55
2 34
33 85
7 11
0 63
21 72
57 94
7 98
37 60
35 93
29 81
7 81
26 52
6 45
4 38
13 92
38 98
25 50
40 57
2 29
13 59
11 24
18 84
0 48
85 94
18 35
16 23
25 76
23 43
34 81
27 47
66 73
50 97
54 68
70 90
4 84
60 81
15 99
64 96
33 99
10 35
33 51
29 51
46 61
47 52
27 79
46 52
43 97
2 65
45 98
34 87
49 68
16 94
42 68
32 67
42 75
26 54
28 58
41 55
4 59
84 89
35 39
36 88
31 91
6 29
88 93
37 63
9 62
5 82
38 51
1 26
32 56
4 60
12 14
18 54
43 71
54 62
30 91
13 51
34 57
42 74
2 57
63 64
69 98
0 58
91 95
52 56
3 70
57 64
40 87
52 95
35 50
1 38
24 48
10 43
12 98
0 61
19 29
27 81
40 88
36 79
31 35
40 86
4 57
43 96
93 97
35 83
32 46
11 56
9 27
21 79
2 22
3 98
39 81
43 61
26 27
48 67
13 58
9 23
8 66
12 41
58 92
25 55
52 67
16 88
31 38
42 82
23 93
21 89
0 36
15 85
67 80
42 43
3 89
47 60
60 72
4 88
13 31
