150 3000
47
39
105
85
88
57
108
69
40
23
88
84
22
103
44
70
117
53
73
102
31
99
67
85
82
47
97
60
112
89
20
39
60
57
57
28
94
45
29
115
100
97
31
55
32
55
57
30
89
110
112
52
89
111
117
52
38
94
92
83
116
44
102
56
34
91
65
108
117
26
55
49
104
67
84
68
102
73
78
23
64
22
107
33
65
57
117
84
83
41
47
79
118
81
116
32
53
113
20
102
119
56
31
55
103
48
104
37
101
114
93
45
69
32
111
114
21
60
30
85
82
57
96
32
71
44
44
104
89
44
38
41
32
101
76
67
29
112
37
63
59
62
40
108
26
83
54
28
24
65
44 82
11 32
76 113
82 137
125 129
21 87
30 39
38 86
54 61
31 148
70 85
59 108
39 89
37 105
44 143
110 127
140 142
40 118
8 28
35 51
59 124
98 122
57 58
118 136
18 112
18 99
130 140
58 79
65 71
18 64
11 129
2 94
23 134
83 120
64 73
118 123
48 142
72 105
50 110
64 125
30 45
14 21
25 124
2 97
21 39
51 63
7 52
105 127
44 75
108 113
51 133
1 82
56 126
8 26
16 35
47 143
7 80
8 120
122 131
7 72
70 143
25 97
127 130
24 108
90 132
9 73
62 116
22 49
70 128
39 105
121 138
30 87
95 108
63 80
102 135
75 126
11 125
55 141
102 131
1 94
62 113
18 80
119 124
44 102
43 149
22 149
83 139
41 52
17 84
24 89
3 52
14 66
27 69
32 109
102 111
65 126
23 46
47 148
52 68
67 94
146 147
81 90
44 135
69 122
48 62
8 117
74 100
33 128
142 143
10 147
5 38
29 63
12 85
3 79
23 116
114 122
62 71
45 56
9 69
28 123
88 118
68 90
13 25
58 98
17 108
56 75
21 49
6 134
33 85
0 39
10 11
82 114
61 126
37 40
68 130
10 98
59 100
69 72
17 27
96 130
28 36
21 77
27 57
113 143
2 14
77 143
9 65
61 93
70 101
102 130
72 140
51 131
22 142
19 53
39 85
67 116
24 39
133 144
67 107
81 126
11 21
8 129
69 82
54 72
53 73
7 145
43 110
88 126
81 132
21 107
68 125
92 141
15 135
76 134
104 145
58 65
37 126
97 110
15 110
13 20
22 67
108 132
43 98
16 26
89 108
83 95
80 89
0 118
15 134
15 120
73 102
78 148
13 108
77 123
98 123
38 47
15 48
81 111
97 147
37 134
19 90
74 91
137 141
2 127
13 79
11 76
59 89
22 137
47 114
2 137
2 95
26 102
15 99
26 55
63 106
47 91
67 82
40 122
17 59
72 124
50 97
58 136
8 41
45 57
32 55
52 111
64 87
79 102
7 65
7 22
1 70
54 69
68 109
78 127
28 53
102 125
5 88
47 86
33 148
6 105
66 118
8 55
32 139
59 97
67 146
118 119
38 74
3 101
16 130
20 56
7 113
10 93
8 62
29 69
15 147
23 37
52 69
64 111
68 112
80 90
50 80
57 82
34 89
7 60
18 66
27 125
37 131
96 121
0 97
15 112
52 147
38 49
23 102
62 91
45 117
31 47
95 114
6 86
50 66
18 93
22 136
20 143
16 59
58 116
16 131
13 21
85 111
108 114
79 115
49 82
124 133
32 121
38 149
58 101
1 7
45 119
14 24
65 135
31 83
96 99
19 116
15 51
31 130
9 147
110 111
80 136
14 146
47 108
16 52
111 148
19 69
85 124
33 116
58 129
24 66
81 148
30 128
39 112
9 52
48 111
23 69
76 147
47 137
89 109
66 96
2 104
71 137
20 31
18 138
16 55
69 85
46 84
125 126
27 111
72 135
9 128
44 125
83 137
23 76
42 141
49 75
45 146
66 88
79 107
54 134
25 26
122 124
12 97
100 123
26 137
4 97
43 146
32 133
107 127
71 112
0 37
46 120
14 112
50 68
94 145
22 119
8 21
121 131
48 109
52 79
7 24
43 136
1 93
5 125
94 146
42 95
29 56
4 95
26 124
74 145
18 121
95 129
39 67
111 139
78 92
94 137
80 116
20 30
76 87
72 145
31 142
112 114
20 101
29 57
46 53
17 103
49 123
64 147
10 18
54 148
50 102
120 135
42 108
89 103
37 82
46 82
85 149
57 118
67 114
12 120
37 84
71 81
3 141
57 91
95 139
9 26
118 140
10 94
0 48
83 100
84 137
31 38
0 71
87 147
9 119
53 109
30 98
21 128
61 62
71 126
89 94
33 113
6 113
8 133
61 65
58 130
3 99
112 120
2 68
39 45
20 66
70 134
31 46
55 120
18 140
55 146
91 131
5 80
113 149
8 24
40 65
53 139
43 134
29 121
44 83
3 148
28 29
49 135
51 91
87 88
99 144
18 63
46 78
87 111
20 118
107 133
117 125
1 97
136 147
43 47
41 123
128 142
29 108
65 83
37 72
3 39
15 102
39 100
28 69
11 112
78 87
30 79
79 86
117 129
8 126
4 104
52 112
35 37
12 83
14 131
105 116
48 107
57 76
19 26
87 105
19 107
86 95
99 106
16 75
79 82
69 94
23 92
20 106
1 8
26 113
49 71
27 84
103 149
6 16
36 112
58 93
101 135
35 112
16 117
44 88
6 36
19 44
67 73
8 93
27 52
33 130
68 137
47 104
105 132
83 141
42 104
93 148
62 123
61 92
111 121
8 38
16 34
59 131
61 147
29 111
81 94
16 141
36 148
79 149
93 133
33 86
54 84
80 81
23 146
117 141
134 149
57 71
67 91
116 130
2 143
146 148
64 74
12 41
40 115
92 98
36 125
86 142
72 108
92 116
77 127
17 87
50 85
28 30
82 103
1 23
80 97
118 121
83 110
52 64
31 100
79 118
41 92
37 67
51 130
28 33
50 109
9 115
37 45
91 141
114 127
44 57
12 113
73 81
95 145
27 29
49 141
86 102
3 110
118 143
77 83
44 101
133 138
79 146
71 95
59 83
14 135
34 81
61 114
25 110
4 9
127 147
32 114
108 116
95 115
54 66
37 136
65 115
64 141
37 63
74 122
22 141
5 58
52 74
17 65
78 99
69 128
33 76
28 43
39 149
25 146
37 111
3 143
102 108
27 92
114 132
40 70
120 122
17 39
89 116
8 118
44 147
7 94
40 137
87 131
59 76
45 52
131 148
62 73
44 77
37 49
59 84
3 73
13 99
67 120
19 21
13 17
78 105
5 16
44 86
100 145
120 145
99 101
11 45
24 55
73 113
23 42
45 147
10 24
67 143
83 86
13 15
8 31
52 99
131 147
28 74
77 96
108 126
0 101
65 116
107 126
25 41
55 65
87 122
72 110
18 111
33 37
30 92
111 120
28 90
38 148
41 51
60 104
27 113
101 104
69 70
41 43
29 113
56 100
32 39
24 33
85 114
50 75
16 106
19 109
7 25
71 86
23 41
92 111
4 75
60 148
25 89
111 144
16 137
79 130
32 124
107 134
32 90
135 149
58 108
99 137
79 131
27 60
114 117
103 112
79 128
104 126
120 141
15 123
42 100
5 57
18 26
83 116
50 120
10 17
56 130
124 135
1 41
91 144
15 72
25 119
16 100
116 141
41 143
8 46
34 103
64 88
17 52
58 121
38 79
27 91
65 146
80 140
32 67
102 133
93 136
1 27
61 139
74 92
40 147
30 49
109 140
39 72
80 99
35 130
65 97
5 73
37 112
29 72
60 73
49 56
32 36
33 43
73 134
32 115
56 123
103 132
50 122
4 13
107 139
47 117
31 32
61 119
95 143
19 94
52 131
15 137
27 112
51 111
77 108
25 85
67 90
7 40
73 141
44 98
11 62
17 95
57 140
76 112
85 145
30 124
57 62
87 114
66 71
6 124
1 96
81 139
28 126
38 140
37 39
34 36
54 91
68 79
14 69
64 100
28 40
29 59
130 142
96 116
38 141
8 37
141 142
26 118
16 19
58 111
54 92
10 49
85 128
5 79
44 45
85 105
66 73
66 114
47 112
84 85
104 144
24 148
51 136
19 57
77 119
18 75
72 120
7 86
67 98
12 143
19 112
87 130
86 146
35 55
22 115
36 47
15 22
0 34
119 132
0 112
34 97
85 120
93 121
2 106
16 114
27 146
5 15
61 142
3 50
73 103
118 139
36 120
22 64
46 70
84 141
46 140
20 69
75 114
77 92
56 122
51 145
1 104
67 96
62 117
67 100
92 120
56 62
6 120
129 136
16 128
115 118
86 136
2 44
23 28
26 136
71 77
72 90
36 144
14 36
38 103
9 106
9 71
57 98
48 87
64 65
1 54
81 104
32 77
67 148
11 59
58 122
8 148
36 72
80 111
23 97
1 15
55 111
48 79
6 71
31 124
37 60
40 56
25 121
90 133
63 85
41 135
21 85
21 95
10 97
65 88
103 110
8 122
18 29
1 62
10 138
27 103
0 123
47 118
64 137
68 147
6 63
23 114
11 87
83 96
0 32
50 63
30 119
1 78
48 132
59 115
48 64
33 143
32 95
65 149
46 123
134 137
35 122
68 81
20 55
67 99
108 115
74 133
5 76
118 141
53 111
50 76
46 75
115 128
39 140
24 78
50 108
30 75
50 56
123 130
51 141
34 88
65 67
33 40
93 144
11 13
104 123
2 147
29 32
109 134
39 139
60 147
135 143
80 110
27 50
120 136
115 137
75 85
11 80
75 88
42 53
102 129
60 126
111 114
5 99
73 148
15 149
1 130
103 125
60 95
99 141
112 128
65 101
58 132
70 86
42 86
91 120
41 91
38 61
91 136
93 111
3 96
108 140
5 122
20 82
70 133
25 144
6 41
68 98
11 64
4 91
72 129
16 147
90 93
71 100
76 135
6 72
8 123
91 106
26 39
10 13
12 59
18 87
18 67
69 109
71 142
120 140
60 132
63 131
82 101
9 118
82 100
74 108
41 140
20 53
52 72
68 142
21 137
4 144
31 144
114 143
80 127
111 125
31 85
18 40
2 53
30 42
83 111
33 72
23 137
43 111
111 128
1 107
84 144
4 108
78 131
38 105
92 121
13 92
47 63
15 105
28 129
62 130
7 91
52 106
54 110
11 132
101 143
137 139
81 125
0 38
68 129
46 108
96 137
39 117
16 110
46 83
56 104
53 64
7 9
70 76
44 69
33 73
48 57
109 115
87 94
27 133
26 52
22 114
86 139
55 102
57 87
17 24
52 100
87 96
10 20
111 129
88 94
48 90
18 83
9 105
32 146
117 135
120 147
72 106
115 130
130 147
69 133
15 84
55 147
34 46
108 141
24 58
94 133
40 148
38 73
46 57
27 32
8 51
49 84
5 118
67 142
82 139
58 149
125 134
57 108
79 100
0 77
46 94
63 141
94 139
71 90
95 111
121 146
12 119
11 105
68 116
45 116
70 103
70 118
82 115
18 118
61 71
31 60
5 53
86 134
14 83
7 10
53 71
34 141
82 148
0 52
97 114
119 122
66 94
51 83
51 117
56 132
20 68
34 92
1 2
44 107
72 87
56 141
132 141
20 109
76 123
42 90
15 96
66 147
54 86
66 146
49 120
66 77
4 121
27 120
14 90
37 42
19 58
69 114
88 95
87 112
61 81
4 79
53 127
115 133
21 31
85 141
1 80
103 120
5 91
7 17
65 92
56 88
37 85
51 144
22 127
14 26
43 108
79 91
8 101
24 93
115 146
54 109
56 89
103 115
8 45
83 148
102 120
7 21
28 35
85 136
15 78
78 86
18 102
64 81
77 109
29 68
131 137
60 85
36 119
58 104
35 79
112 115
16 47
94 101
81 114
34 82
13 86
97 99
15 124
18 127
98 143
59 119
19 30
73 117
35 98
85 135
99 110
17 42
103 134
107 135
50 99
113 117
33 125
56 95
17 132
64 116
36 39
36 83
15 127
14 52
12 100
19 113
106 149
63 122
74 134
0 65
40 94
33 39
29 90
11 36
2 107
46 127
60 93
82 122
127 135
6 149
38 69
98 134
38 42
106 133
63 71
125 146
68 119
51 56
33 93
36 131
12 86
63 133
37 92
63 87
75 87
15 100
27 31
66 138
104 133
48 148
82 106
1 77
38 139
53 59
26 94
117 118
54 131
83 108
33 141
74 123
112 140
127 149
141 145
43 49
44 53
46 134
14 100
10 108
75 90
48 114
49 118
22 42
12 36
9 32
61 102
61 97
12 52
27 42
18 86
116 132
123 146
118 133
45 66
30 64
32 145
69 131
45 74
8 105
55 109
18 69
108 121
0 30
51 100
33 139
14 119
135 147
77 115
82 141
47 77
29 76
0 49
56 74
31 61
26 101
102 132
55 79
120 134
88 103
118 134
20 103
87 149
46 63
67 139
75 116
42 52
22 103
83 90
35 83
87 117
46 69
105 142
16 133
54 101
85 107
84 126
39 44
111 131
81 108
123 129
2 62
48 128
113 144
111 135
54 103
59 95
61 127
22 130
29 82
76 115
91 104
93 128
2 57
32 105
27 145
40 90
46 98
96 100
108 129
32 76
9 60
11 26
1 115
39 127
38 40
68 107
14 94
3 126
30 120
112 122
9 122
68 124
19 104
47 51
15 107
41 114
80 109
18 50
130 143
58 139
4 128
7 61
26 143
31 138
3 18
49 142
21 148
13 22
30 136
41 54
118 125
91 112
7 81
48 147
42 78
1 5
79 85
116 149
17 67
19 22
61 146
60 139
63 69
1 73
30 50
43 70
36 57
32 64
118 132
10 113
66 95
89 135
84 99
125 137
9 108
39 134
61 123
91 146
59 90
53 128
91 121
38 70
15 42
7 109
80 142
66 100
91 139
2 42
81 97
39 108
13 133
104 131
71 129
10 65
88 124
3 44
45 126
112 133
56 94
6 28
53 145
76 144
36 115
103 108
116 122
103 143
25 122
24 37
51 87
90 125
3 147
109 136
39 42
54 119
101 117
42 148
72 118
108 143
56 118
16 111
61 138
77 125
39 104
36 66
9 104
4 48
17 149
112 121
43 50
80 95
14 53
21 93
11 122
33 34
125 149
60 100
68 82
91 149
74 99
42 123
103 111
24 126
73 74
4 71
19 124
14 70
47 94
25 133
76 127
51 108
54 111
38 111
12 81
6 130
74 111
31 116
92 109
13 130
66 86
81 91
18 132
109 124
93 123
13 77
83 149
114 119
4 115
19 110
82 123
13 103
69 71
0 1
25 64
59 134
8 70
101 109
95 122
28 133
13 69
34 38
29 51
49 94
11 12
2 37
14 102
103 130
14 45
29 39
40 98
43 140
64 71
78 133
84 112
73 114
14 18
65 77
82 119
26 114
29 66
9 92
72 107
82 84
82 142
26 34
91 126
54 105
69 148
108 135
68 75
0 62
44 79
26 125
47 119
21 135
39 128
112 124
18 25
60 143
119 127
54 98
64 117
48 139
86 87
29 114
61 76
46 135
0 15
124 138
65 127
22 45
0 117
12 95
60 125
1 125
71 89
26 61
27 68
68 69
42 109
72 95
24 42
44 146
42 92
119 142
21 146
103 144
83 107
18 76
109 135
2 10
7 131
81 128
98 139
14 98
94 140
32 110
68 88
37 109
58 113
106 107
11 115
87 92
36 103
46 124
7 34
79 89
12 31
54 115
115 129
22 68
50 54
50 91
9 13
0 17
63 120
114 133
75 117
47 61
66 126
83 130
11 30
10 33
132 140
32 112
23 81
46 133
41 68
47 76
33 100
78 143
63 145
95 119
51 78
29 107
42 103
1 32
24 65
0 134
69 95
2 92
32 72
0 109
22 25
46 47
20 28
29 149
57 102
71 96
6 37
56 149
74 75
122 125
95 106
30 77
133 149
62 92
51 139
16 99
36 87
86 127
65 86
39 90
84 127
83 97
21 86
58 60
5 48
66 76
81 107
44 71
75 95
50 96
30 125
39 147
61 129
88 145
9 35
95 130
93 108
3 7
0 121
98 135
114 144
8 81
58 66
5 81
52 102
131 134
93 131
52 122
113 140
7 23
113 116
25 116
10 136
100 117
5 100
10 123
9 15
19 87
51 97
10 130
102 134
110 129
7 89
25 128
44 90
22 95
39 135
51 90
63 84
15 67
27 30
5 135
55 89
8 99
29 74
110 121
73 142
40 146
95 132
131 136
71 116
37 81
6 57
28 97
58 89
84 113
28 92
57 115
68 127
17 80
0 9
6 96
34 77
52 143
30 149
56 134
89 133
136 141
9 44
81 93
11 60
77 88
51 54
6 75
55 136
1 58
143 144
78 136
46 77
30 68
7 36
23 149
18 81
106 143
8 114
62 67
120 123
80 129
74 104
10 121
78 84
53 120
67 86
44 137
13 142
10 21
4 19
31 86
99 119
78 141
72 98
81 146
19 38
72 73
8 42
47 105
20 34
44 68
17 134
73 115
51 67
42 68
32 34
4 125
118 147
35 76
40 51
93 103
117 123
42 73
4 39
60 90
24 140
4 16
75 141
61 124
109 137
52 61
7 90
2 33
71 83
28 75
24 46
17 147
39 107
41 103
10 48
74 112
110 136
14 50
45 68
58 83
44 94
124 130
5 19
16 21
22 30
55 115
29 35
23 45
25 129
54 116
128 137
40 53
28 137
13 122
45 144
8 141
41 88
18 108
39 46
26 120
121 134
6 85
52 96
70 88
0 127
49 92
31 129
55 132
27 143
49 53
40 71
30 76
1 64
7 79
26 32
30 133
21 113
3 112
7 18
3 113
107 109
7 92
2 122
0 25
20 33
37 80
46 106
89 130
21 34
55 113
128 134
37 43
98 131
41 66
65 79
34 91
124 144
115 135
0 105
59 120
43 107
0 68
0 90
111 142
4 5
46 54
22 70
105 125
22 145
45 91
0 45
74 135
24 128
29 36
34 142
105 128
5 14
29 112
79 122
40 86
63 81
9 38
38 138
50 107
38 92
62 124
62 122
59 143
55 121
1 141
6 123
92 122
13 35
82 113
39 123
1 146
23 91
15 55
101 112
17 74
124 140
3 138
18 139
24 47
15 19
18 28
107 146
58 91
13 64
6 39
39 62
53 107
31 65
39 122
74 110
43 144
2 90
17 71
11 89
97 118
58 85
60 97
26 58
12 106
16 18
5 132
10 47
88 132
12 87
130 144
59 146
122 130
13 121
102 109
90 120
8 137
35 138
17 23
79 92
31 70
39 56
8 47
51 85
6 19
115 127
24 97
18 137
60 87
10 54
17 81
85 130
83 140
82 140
139 147
78 145
4 138
10 12
22 133
92 123
33 120
29 33
46 88
6 79
60 69
102 140
66 136
30 135
41 128
77 103
42 113
26 148
6 118
36 111
53 101
69 134
63 79
76 139
66 133
49 91
23 104
41 87
30 65
20 134
74 88
114 131
2 132
27 55
55 125
103 148
3 71
105 141
15 26
94 113
108 124
31 80
10 89
14 99
48 65
48 115
41 102
7 118
75 121
34 129
39 96
1 29
21 111
8 39
88 102
36 129
41 77
27 144
42 93
8 94
43 46
49 63
42 139
52 137
40 81
4 94
35 49
53 92
41 141
20 126
55 66
10 26
56 145
58 128
12 50
54 99
37 138
29 132
78 142
69 137
33 61
28 118
88 100
45 94
17 112
27 147
41 142
19 84
51 148
52 126
89 139
70 114
43 148
83 145
51 94
26 145
10 39
51 122
32 108
70 135
41 106
69 78
0 85
123 148
48 94
68 141
74 132
33 119
47 71
81 113
91 142
54 114
138 142
29 123
5 11
90 141
10 140
6 115
86 90
50 124
10 19
66 89
58 148
53 82
41 74
67 79
20 71
11 121
13 83
28 141
104 114
41 130
62 138
40 61
37 115
14 57
26 75
21 145
78 129
43 60
49 70
13 76
30 103
70 126
16 56
50 129
13 97
114 145
51 52
26 79
85 101
26 115
9 123
95 138
64 110
61 86
42 65
26 60
6 77
14 37
81 109
4 98
30 37
9 25
90 136
73 123
69 96
63 86
111 113
39 92
22 35
116 131
28 48
96 128
50 88
62 114
98 140
96 136
72 111
9 72
34 87
82 92
74 149
21 46
55 127
13 145
113 126
75 124
91 125
63 108
38 63
0 24
10 111
19 148
85 86
80 106
30 70
3 41
51 70
58 64
86 117
43 79
56 83
83 89
99 132
33 96
20 83
21 126
13 91
58 145
1 95
50 146
108 123
42 96
58 134
17 54
84 100
13 23
24 83
80 96
16 101
73 82
33 42
77 138
87 127
60 134
97 137
1 135
37 139
43 58
127 144
7 8
52 145
54 128
78 135
75 146
50 86
57 83
72 117
3 86
73 133
36 100
58 141
4 74
109 131
83 104
64 84
68 139
57 81
61 91
55 119
55 149
110 132
19 141
4 145
29 115
115 120
77 81
106 146
37 123
64 105
1 43
0 141
77 110
21 44
2 126
91 147
30 115
27 124
0 26
33 63
64 76
34 56
76 99
71 110
86 124
12 24
66 121
51 79
23 53
75 129
97 140
19 66
33 98
51 58
51 132
5 113
4 80
36 68
5 87
2 46
46 111
73 116
119 131
15 133
70 74
103 105
79 140
56 84
103 113
22 66
51 123
19 31
98 117
60 122
14 97
35 78
62 78
92 103
50 79
12 58
32 91
48 141
6 143
75 109
18 34
37 64
13 117
57 90
37 53
60 116
13 115
24 92
27 74
70 94
76 77
3 139
7 87
1 89
57 96
14 55
28 86
43 89
4 64
97 128
104 140
7 26
3 108
74 142
63 111
50 51
50 64
9 131
58 105
22 36
117 145
27 99
30 56
65 108
64 95
106 119
30 53
65 145
28 115
9 134
37 88
83 117
21 51
77 104
44 108
62 74
19 140
95 101
12 109
31 59
42 111
54 67
84 128
10 66
70 127
88 121
42 55
99 131
6 107
25 141
53 87
12 127
1 126
84 89
34 35
45 141
48 101
125 132
48 104
38 102
109 132
67 104
14 22
43 93
34 94
63 149
76 114
45 58
89 146
13 93
17 55
2 18
6 69
72 122
66 143
28 116
37 62
46 68
97 131
61 79
5 52
70 75
11 146
87 145
11 124
116 117
12 68
73 85
26 126
24 115
38 78
20 127
0 96
9 34
70 145
28 149
17 83
50 145
82 134
90 146
69 102
45 69
34 128
98 113
98 145
12 53
40 121
40 136
35 36
19 24
53 72
24 142
89 122
2 59
9 22
10 133
31 104
43 80
7 51
45 84
21 91
41 109
38 113
88 137
120 139
31 147
102 107
34 138
31 115
67 115
10 61
39 143
79 80
43 120
82 102
5 86
12 137
99 102
8 125
58 115
26 33
24 36
75 82
45 86
18 72
45 72
126 129
6 33
46 129
81 143
20 145
110 141
17 79
5 45
93 106
38 120
15 18
5 83
113 129
88 101
58 67
46 136
21 52
13 131
90 111
8 54
125 136
13 75
42 132
57 148
100 111
38 145
96 118
4 11
0 41
53 57
34 54
31 73
59 113
2 5
3 62
3 58
23 39
43 104
100 127
59 91
6 146
68 149
52 144
40 107
14 54
76 96
57 99
0 36
111 136
39 141
134 146
95 123
56 136
59 65
52 113
22 117
14 111
54 126
36 149
44 95
51 96
12 43
60 74
28 71
14 86
1 128
82 125
16 92
30 104
81 105
75 136
122 136
126 133
20 80
24 79
67 138
54 95
60 140
12 90
43 137
22 111
28 132
43 87
11 29
65 134
67 78
0 51
35 131
45 96
14 29
34 135
23 27
86 122
10 63
45 83
38 126
34 50
86 125
28 138
26 134
7 20
73 138
15 36
10 122
73 137
34 70
73 118
46 55
25 103
4 111
32 78
1 6
62 69
65 89
20 122
45 92
60 80
32 97
43 95
82 121
6 116
6 42
98 105
19 34
40 102
83 106
93 107
54 88
87 115
35 60
7 130
44 148
13 46
37 144
0 3
19 80
89 113
65 76
8 40
33 68
6 60
77 94
22 109
66 101
16 107
14 145
62 126
56 133
89 126
53 136
129 144
86 99
76 89
51 105
55 101
14 125
41 104
32 71
47 146
25 60
64 139
20 113
101 110
102 119
80 126
3 135
24 72
30 55
90 101
42 136
24 40
29 129
140 144
49 100
18 96
62 87
52 95
25 90
61 80
93 99
61 87
40 85
131 144
28 111
25 102
55 91
115 140
3 78
12 33
37 143
33 123
87 113
2 19
105 121
51 93
45 107
72 89
16 53
79 87
112 118
81 112
49 127
131 143
4 47
1 91
62 132
16 126
22 75
109 123
58 97
101 126
4 139
18 24
33 102
1 105
1 10
14 133
36 48
92 106
44 70
20 74
86 149
94 111
30 111
50 87
69 100
104 111
67 102
14 106
27 37
110 123
85 140
109 148
62 83
25 33
48 92
51 114
39 80
19 145
29 143
38 82
28 136
67 125
79 108
93 102
114 141
24 29
41 121
61 134
0 110
95 133
114 130
31 123
11 72
32 92
69 119
29 71
13 72
128 148
14 136
15 73
70 148
50 128
35 81
3 80
3 129
29 131
62 85
98 100
94 132
61 68
82 93
47 68
45 97
139 148
75 76
6 78
61 145
55 57
77 90
13 85
2 87
13 38
27 108
19 67
27 119
125 135
66 124
25 142
6 50
109 122
20 43
13 37
36 101
23 108
18 103
4 77
45 130
5 30
62 63
50 92
110 145
14 31
79 126
28 68
8 98
8 96
54 68
69 124
18 126
39 137
137 146
10 76
18 53
90 138
0 133
43 86
38 96
29 53
106 118
80 86
13 136
68 105
96 105
34 101
13 135
3 14
104 118
6 32
46 102
5 78
44 144
73 147
102 118
80 101
2 32
15 86
98 142
88 136
110 120
11 41
21 120
82 91
77 129
127 141
93 104
34 95
96 149
33 118
15 66
50 77
15 20
32 89
84 133
38 112
69 89
24 86
103 121
72 86
3 56
35 40
61 105
93 139
57 120
73 107
87 95
20 75
110 130
65 85
17 73
32 68
7 54
29 61
20 112
11 67
76 128
13 134
57 125
87 120
3 57
42 72
11 96
10 110
84 115
90 126
14 77
3 25
62 142
108 117
76 82
86 108
36 58
67 132
57 124
36 64
138 141
33 91
62 105
53 126
52 148
2 8
66 108
38 72
67 88
33 146
93 105
43 59
48 102
81 135
58 99
36 86
78 134
48 75
17 68
71 102
12 27
11 71
70 111
24 107
94 134
57 130
70 82
28 105
66 148
81 103
31 77
28 145
99 100
28 63
1 34
10 119
94 119
44 104
15 122
43 94
41 60
114 118
16 94
15 45
57 126
5 127
26 48
9 27
15 115
71 130
39 68
18 23
79 117
79 95
124 137
68 86
19 27
62 149
73 91
4 27
30 131
42 127
93 110
31 57
125 148
51 99
16 80
18 147
5 77
80 107
19 120
13 84
24 144
1 16
45 61
61 75
44 93
59 121
0 31
1 123
71 72
85 90
57 114
73 79
12 116
11 38
34 108
11 141
35 117
72 142
36 116
40 108
25 147
67 121
73 95
61 133
61 125
37 100
48 80
123 134
3 59
8 33
96 145
35 149
88 107
1 68
117 136
10 78
34 75
69 135
14 91
68 114
0 79
42 138
3 102
21 50
49 73
56 63
50 59
109 112
97 115
4 28
22 122
18 110
34 53
34 123
22 89
124 139
32 82
33 48
2 20
20 72
73 130
8 61
94 107
31 34
22 126
31 33
97 142
15 59
62 147
51 57
77 82
115 123
33 52
9 78
10 92
