250 3000
119
43
53
119
102
23
88
97
33
115
72
31
119
23
70
112
113
92
45
44
115
88
54
102
33
113
52
24
20
116
94
71
39
27
70
21
83
38
51
96
86
103
59
85
59
61
29
104
86
107
28
81
75
114
63
40
108
48
45
108
44
71
112
116
78
62
69
93
33
100
69
99
36
61
116
27
102
78
111
68
65
71
29
72
66
25
45
54
105
70
94
29
21
86
77
31
29
27
105
94
59
106
25
27
99
21
34
82
79
25
30
76
77
92
29
23
49
54
109
34
56
83
95
109
50
53
72
111
112
109
37
103
48
42
111
27
43
77
89
55
35
52
63
44
76
24
47
105
110
88
71
46
51
46
87
33
79
40
76
23
29
93
107
57
115
50
65
91
59
86
78
74
70
21
98
26
26
77
63
116
97
114
95
29
41
62
94
52
82
51
56
44
76
95
33
72
77
30
95
116
97
53
23
47
54
53
106
60
63
49
109
40
44
84
101
117
26
76
49
41
107
37
65
63
64
30
67
21
41
42
70
70
27
25
97
114
58
35
106
101
65
95
74
89
59
55
38
118
111
67
83 89
27 99
79 90
98 115
84 117
158 183
40 96
69 233
21 106
29 199
46 145
129 228
74 107
16 30
84 160
26 102
167 227
98 129
67 244
48 151
206 214
4 187
6 52
176 237
38 214
113 205
183 242
109 143
22 159
121 208
185 223
162 227
102 177
82 199
85 225
163 181
19 124
86 232
6 12
147 197
162 217
2 80
154 223
28 213
84 132
169 236
58 213
12 184
16 140
63 217
78 101
78 148
86 97
60 206
98 109
103 167
21 35
21 175
111 234
95 203
41 171
15 81
106 199
93 98
9 67
20 65
66 87
98 185
11 152
1 243
96 120
20 142
42 131
169 242
128 225
49 88
16 205
123 130
6 76
73 221
85 139
24 93
44 205
107 209
54 55
27 210
150 231
134 169
125 191
3 228
166 168
34 155
123 137
9 129
83 213
150 202
148 222
175 177
44 236
34 99
41 97
43 126
55 177
8 191
58 209
65 176
50 243
105 203
18 179
188 234
21 160
48 234
28 87
34 223
177 229
70 207
0 73
102 105
55 148
110 216
37 107
31 203
86 87
58 118
207 246
204 228
156 188
26 95
68 162
68 149
192 241
15 107
64 241
117 149
80 213
70 115
117 248
23 204
81 187
144 174
77 129
85 224
102 169
180 238
14 101
58 137
96 194
37 175
145 161
124 186
153 225
92 194
70 152
89 148
72 151
81 85
59 201
18 223
51 161
27 63
52 152
86 198
113 149
60 235
8 172
184 233
177 230
79 177
50 75
20 54
148 207
201 237
5 16
26 29
56 89
57 60
142 245
8 41
96 108
117 203
18 137
195 202
130 219
122 127
205 249
176 205
15 207
9 75
20 35
105 179
14 227
91 119
9 100
12 117
196 215
66 86
141 204
113 173
21 92
78 147
73 194
136 151
190 247
78 211
134 183
111 242
83 197
58 230
94 183
28 231
59 216
13 149
107 115
39 230
59 186
3 161
47 112
146 154
115 233
18 30
107 142
68 191
126 224
69 226
60 154
121 230
61 96
176 228
61 135
173 236
222 239
121 137
42 246
17 81
9 47
201 219
19 41
12 16
146 238
152 187
150 167
23 212
13 104
0 240
17 78
26 239
15 170
18 110
57 127
99 169
26 50
68 138
150 172
170 186
123 240
72 243
40 198
156 205
47 154
156 171
126 182
148 160
122 198
107 166
101 117
26 127
16 19
47 191
18 233
9 111
36 106
2 249
59 234
138 155
163 208
84 161
96 173
84 146
0 45
105 248
117 234
125 239
0 173
121 180
8 144
115 232
86 180
16 114
121 145
6 103
34 167
40 232
90 124
128 237
86 227
87 196
70 212
172 185
218 237
43 246
25 214
213 246
111 179
12 108
18 50
64 84
37 104
169 229
47 80
68 159
155 235
55 106
143 219
80 207
123 213
1 18
37 197
73 99
137 157
35 194
93 204
25 173
104 241
89 185
143 146
116 247
77 138
175 204
82 200
53 233
18 149
46 193
100 204
135 182
25 148
90 174
152 194
17 189
33 164
30 184
73 132
107 159
27 160
10 241
193 213
19 83
168 194
26 44
122 208
122 179
19 85
148 238
65 166
29 99
182 214
64 231
37 89
75 166
66 101
28 166
111 150
55 102
68 128
42 99
130 189
16 24
2 165
67 114
81 144
13 166
0 210
179 247
106 191
15 42
24 145
60 135
45 162
190 215
41 141
82 109
123 228
125 208
143 175
76 193
171 211
131 191
211 222
152 230
78 97
46 102
107 242
38 237
19 29
105 162
22 67
96 145
45 55
123 188
168 230
116 151
57 129
134 193
114 131
197 209
96 211
163 203
2 55
74 93
51 133
89 155
118 185
152 163
25 92
174 203
45 69
61 228
109 220
19 175
170 238
115 185
44 170
137 187
70 97
38 40
77 158
75 229
168 173
107 126
92 152
20 47
127 179
1 183
109 236
8 21
199 238
45 243
11 232
108 233
23 154
231 248
34 73
59 63
22 241
26 186
58 85
59 241
51 202
60 182
23 152
145 207
34 190
142 230
106 196
30 140
65 140
93 199
159 217
95 237
73 243
5 51
36 246
87 213
145 199
203 249
20 207
54 200
181 249
48 195
37 40
29 77
106 170
15 228
68 239
110 233
217 243
29 136
99 213
14 218
117 217
129 168
128 172
72 201
175 238
3 113
17 219
25 97
15 234
17 196
10 100
163 236
39 228
110 188
137 243
62 180
106 161
130 230
39 181
66 203
21 66
38 171
35 49
121 238
5 166
16 67
16 82
104 157
60 144
17 155
31 49
218 240
198 210
101 120
73 232
3 20
43 139
26 144
92 132
8 249
168 239
5 126
0 83
163 227
32 68
111 184
36 101
87 246
98 221
45 171
26 118
36 161
165 170
106 154
164 216
83 246
1 93
176 185
16 200
5 151
19 116
85 157
81 217
41 96
31 119
1 188
146 224
15 168
121 241
8 175
87 171
32 193
24 128
41 208
79 214
192 200
129 182
150 209
158 210
43 242
27 231
25 243
57 110
49 194
221 231
57 171
102 142
166 203
162 230
59 161
103 228
160 213
173 232
183 205
37 210
132 186
236 244
32 243
76 145
54 105
156 247
15 201
215 238
2 75
30 45
57 215
13 240
58 220
27 173
197 236
66 181
60 222
106 174
57 103
111 211
60 100
119 153
107 177
104 220
15 109
135 177
73 148
145 167
91 206
5 172
77 238
151 186
150 213
59 109
66 172
18 170
141 232
11 172
244 249
116 210
1 112
137 185
1 55
59 182
206 248
64 177
0 195
180 197
39 213
7 29
29 211
45 150
72 171
22 56
168 172
30 232
25 222
26 67
129 249
85 127
149 206
3 156
86 150
52 215
161 227
97 188
191 247
85 214
171 243
88 89
18 172
43 120
144 187
23 70
7 39
2 245
157 158
100 159
152 244
221 226
64 73
11 107
70 198
71 241
11 192
183 210
155 183
78 105
27 194
203 233
35 206
44 80
32 216
55 63
31 185
101 136
27 208
131 198
121 140
142 156
75 202
61 160
5 187
61 91
74 119
23 220
56 85
0 25
93 159
137 194
116 137
143 152
85 135
78 116
22 27
132 204
42 185
43 62
82 123
156 236
9 94
179 229
4 167
10 32
163 169
131 204
56 208
127 243
93 243
71 222
118 204
155 177
91 98
180 198
66 184
160 189
20 46
191 213
24 223
40 76
30 142
50 171
48 239
44 184
115 144
12 157
171 186
19 20
27 218
52 195
4 93
105 152
46 113
116 240
20 192
14 30
53 74
65 165
102 109
98 100
109 224
110 248
45 231
18 174
172 199
56 119
118 224
83 208
122 176
73 244
205 220
9 45
9 74
210 213
162 183
9 61
21 23
7 66
4 127
56 92
152 211
20 112
37 70
12 205
6 69
15 86
114 197
89 177
12 124
73 89
111 236
198 243
29 55
122 223
111 125
75 185
75 247
202 247
87 96
83 93
22 166
30 109
50 219
207 232
27 149
13 157
10 106
108 141
13 81
115 226
51 58
51 157
48 228
65 110
45 145
10 163
67 221
139 193
3 124
121 151
28 152
14 16
124 236
155 249
21 58
116 225
128 174
24 152
177 236
69 174
79 133
87 201
51 132
90 175
63 237
178 241
91 194
5 180
13 170
31 228
34 109
60 197
73 237
16 212
31 161
42 44
212 231
97 115
39 216
40 203
70 102
46 195
52 116
37 78
65 109
117 201
166 218
11 58
91 223
2 176
106 219
69 149
52 246
18 184
74 240
121 249
36 116
173 216
91 153
76 122
42 146
39 54
56 130
129 233
88 235
54 134
106 157
193 232
120 125
122 199
111 122
70 249
90 95
95 216
144 186
6 40
135 199
116 239
182 224
204 236
108 213
90 92
69 157
131 211
120 174
42 105
173 195
138 241
40 176
8 135
7 28
116 244
105 227
11 111
65 181
141 247
29 191
38 232
11 45
21 233
71 127
26 96
16 72
88 215
75 192
52 223
103 191
46 182
9 149
80 193
42 75
206 222
56 234
96 97
24 80
208 244
120 169
208 224
134 167
136 209
91 219
117 150
24 49
69 127
54 232
112 204
10 198
112 208
65 147
75 79
89 172
38 209
12 91
20 225
31 156
36 102
186 247
123 220
88 97
45 172
3 157
115 228
90 207
73 104
148 155
96 183
70 73
13 55
86 177
90 117
126 185
35 220
42 165
105 158
203 241
27 244
5 212
21 109
95 182
102 227
13 182
105 198
86 105
24 220
33 61
70 142
39 214
105 204
6 14
59 247
69 86
93 134
193 202
7 38
235 236
20 140
190 248
125 186
46 96
181 211
9 205
1 48
107 169
27 105
164 223
126 144
103 219
46 130
23 138
9 187
123 179
131 223
7 120
11 166
205 222
66 199
177 200
114 198
159 219
132 225
101 236
129 191
9 70
89 195
26 147
56 122
188 206
76 197
47 209
2 94
33 43
63 68
34 95
5 11
106 237
92 239
118 190
113 135
224 230
58 127
1 115
59 102
53 151
100 237
81 212
98 204
124 226
71 161
158 172
116 178
159 168
60 202
138 195
65 118
123 170
23 98
52 238
82 143
69 203
18 95
2 49
116 228
25 27
36 151
80 199
213 248
136 163
158 228
107 180
203 205
44 203
7 137
187 210
58 135
60 80
36 196
62 140
144 223
25 98
0 224
74 236
1 213
62 224
81 169
34 154
124 210
78 233
97 118
46 156
105 126
68 141
61 73
148 203
57 153
31 173
11 154
207 219
12 19
193 195
41 200
17 230
1 160
109 130
47 117
173 235
38 229
98 99
182 247
86 156
22 39
34 92
163 246
117 148
94 209
10 159
28 176
171 188
30 131
69 178
148 156
186 203
52 135
137 170
43 151
108 173
52 184
32 207
106 215
149 174
12 52
185 228
40 106
166 171
87 239
137 201
6 96
73 231
58 210
3 61
105 111
141 235
15 192
173 231
150 174
7 54
45 186
78 134
3 153
101 242
154 240
86 129
54 161
71 170
116 173
73 133
118 137
4 214
162 239
165 235
16 95
202 219
104 242
133 245
7 86
90 99
219 241
38 152
126 208
94 223
106 233
168 222
76 234
227 239
64 76
92 154
11 225
3 146
29 181
40 101
116 191
107 140
12 30
111 138
186 238
73 85
3 145
46 221
89 125
165 210
41 216
7 53
44 154
158 225
9 35
3 118
52 110
65 212
73 140
55 128
10 140
53 155
201 245
85 228
41 76
102 220
109 212
23 153
33 218
3 231
99 145
7 197
209 219
12 99
68 145
7 79
132 208
14 56
84 242
12 141
33 95
143 232
57 107
129 243
29 138
80 138
39 85
200 209
104 240
69 120
78 213
54 227
134 240
72 127
2 207
87 223
30 100
101 194
39 158
187 230
61 177
115 177
136 202
167 193
37 93
114 158
168 217
136 204
60 158
17 156
100 220
39 146
71 197
51 186
215 236
163 214
167 182
99 151
96 212
76 136
5 104
97 141
5 58
53 241
18 70
0 220
39 40
117 213
53 88
74 117
81 120
53 89
100 240
152 164
39 87
92 241
88 245
53 85
195 240
66 146
60 146
36 203
153 185
125 166
179 199
69 140
169 232
131 236
70 84
25 177
14 20
62 175
174 191
103 230
17 70
108 158
170 177
81 233
35 62
10 131
94 175
153 158
80 89
80 208
16 94
80 235
108 147
149 190
32 130
44 204
147 202
62 169
46 231
0 44
112 183
108 175
58 180
119 241
19 199
137 199
131 146
43 122
22 91
225 234
130 152
151 180
184 242
70 166
140 173
73 210
35 237
34 94
153 168
100 177
49 119
63 144
173 230
38 177
110 218
44 78
1 211
203 210
22 174
129 209
30 155
92 168
69 122
80 98
52 75
0 219
115 173
51 153
13 101
57 185
120 180
119 142
4 166
134 173
52 136
27 198
102 156
0 156
173 217
76 182
33 121
89 95
212 248
132 245
118 122
113 201
219 242
126 219
143 208
31 113
16 160
24 61
114 164
33 37
131 215
2 113
54 248
62 199
52 81
159 171
56 111
48 136
105 182
26 177
63 159
40 181
102 171
118 239
72 249
37 56
54 104
91 155
144 218
43 167
53 91
23 193
10 71
4 5
47 63
40 165
154 214
17 210
2 223
116 195
85 128
115 191
65 108
8 10
55 161
133 172
186 229
62 98
30 205
66 77
25 95
112 173
27 236
85 102
213 222
39 164
104 181
43 124
112 138
99 246
78 162
10 182
64 242
67 160
188 244
89 119
144 214
52 53
171 240
6 245
46 55
88 159
136 150
115 132
24 83
186 213
13 247
48 107
62 115
17 158
136 156
99 222
30 152
24 53
30 244
49 151
60 76
79 92
196 224
46 220
9 159
8 24
6 56
131 170
148 172
78 137
50 177
19 181
73 176
27 206
179 224
34 135
21 214
83 97
112 155
108 121
132 164
220 229
115 150
13 244
80 174
2 110
22 76
2 41
69 197
61 171
100 196
57 223
12 140
124 172
30 46
97 210
14 76
32 129
27 78
159 244
201 247
19 28
121 162
30 170
83 91
35 193
102 139
3 8
127 141
178 203
153 235
159 231
114 154
66 242
3 11
94 226
26 226
109 146
89 170
5 191
36 165
38 144
29 202
84 221
124 233
142 172
36 207
148 200
151 204
63 150
89 127
125 127
149 199
196 214
8 60
77 201
91 146
176 222
146 193
112 129
34 169
21 126
170 173
76 127
28 51
81 155
28 30
156 243
68 78
103 132
101 146
118 223
119 129
163 242
100 184
26 224
60 199
144 239
169 179
207 231
62 72
101 214
120 195
23 196
49 188
84 155
2 231
54 132
69 202
53 124
2 3
27 166
23 54
7 233
192 238
15 190
152 154
97 116
62 126
64 223
213 230
1 215
157 211
164 199
73 227
69 82
178 198
232 248
5 221
15 215
7 95
30 248
13 248
139 197
22 162
55 227
3 158
45 66
66 244
82 145
151 170
98 227
99 226
80 172
83 147
179 188
70 154
78 171
10 83
65 101
163 206
76 208
22 142
37 224
108 116
60 72
4 92
28 232
22 151
59 157
190 195
116 176
18 186
51 221
104 214
177 180
24 52
79 174
9 63
117 155
179 228
29 124
12 232
152 236
63 136
81 143
3 172
21 197
101 210
64 95
65 124
96 192
21 185
28 37
155 217
6 184
91 193
48 197
77 185
10 220
13 118
66 142
34 103
129 167
19 84
106 218
26 32
149 192
70 230
178 225
36 49
11 242
60 127
189 204
199 245
27 215
21 64
98 133
124 152
80 246
186 237
66 115
70 110
117 140
45 192
217 241
183 229
61 85
39 126
117 136
144 177
101 241
166 235
142 192
22 137
226 240
194 232
19 61
123 211
192 208
55 141
140 171
54 210
17 172
46 198
66 152
38 84
230 239
126 227
69 104
164 205
149 228
99 146
121 210
20 162
64 217
87 161
210 216
79 150
98 138
56 125
0 163
239 243
72 245
99 218
25 141
13 221
12 174
70 236
85 235
6 151
19 52
12 239
139 235
193 225
69 89
134 192
84 127
33 80
1 51
179 192
26 45
16 52
159 188
140 246
23 248
76 148
18 239
105 190
134 230
69 81
55 67
11 241
45 46
71 97
103 148
27 141
148 157
57 181
72 96
155 221
53 70
47 190
42 90
46 124
76 229
194 233
57 148
194 224
46 204
143 205
1 34
149 232
44 163
58 242
10 213
113 119
13 200
55 98
131 138
77 184
216 225
190 241
21 48
88 164
3 89
51 235
0 148
189 190
152 214
83 200
2 117
172 198
86 101
155 178
20 121
6 114
27 164
2 162
17 192
194 243
2 34
104 190
35 129
44 101
96 133
103 184
99 132
25 200
33 71
193 230
6 236
159 170
25 160
190 219
5 44
105 195
149 242
45 176
59 93
129 142
93 162
40 114
43 185
73 125
79 230
140 214
80 102
63 127
4 240
198 245
48 155
42 49
148 218
95 241
89 129
121 144
182 235
22 109
2 202
18 40
98 142
58 121
62 190
37 171
77 212
12 79
149 225
68 209
29 150
41 173
128 184
113 209
150 170
5 65
62 186
57 249
34 57
100 221
12 36
29 194
48 106
93 109
122 174
9 68
45 147
196 208
158 199
75 128
56 191
11 55
46 100
28 215
38 123
230 237
181 224
127 217
83 142
194 249
210 249
8 239
147 207
188 207
115 223
86 231
81 171
234 238
107 211
44 128
197 203
53 230
21 177
107 113
15 209
57 77
60 149
17 187
145 148
33 60
44 73
35 123
2 4
79 201
205 234
33 234
107 141
97 224
7 202
12 51
156 239
54 131
41 236
28 98
88 181
5 234
107 234
40 238
109 221
41 166
75 205
151 165
100 216
20 139
43 107
32 115
32 163
120 170
50 204
218 238
202 240
224 243
135 162
21 65
106 208
15 40
181 191
180 249
70 143
1 19
51 113
67 138
117 123
187 188
111 178
140 206
5 154
70 91
49 175
67 176
65 210
8 97
152 209
19 81
5 132
223 234
153 231
98 112
27 50
138 240
81 130
188 197
34 140
61 110
42 138
98 137
56 160
76 141
241 248
60 77
144 222
84 231
8 242
130 236
100 169
146 209
40 69
184 208
87 208
143 158
51 76
70 170
13 229
68 142
40 91
36 72
130 226
65 182
32 113
74 122
80 115
3 19
95 186
106 156
136 165
120 234
130 211
126 166
103 135
67 148
11 168
4 201
235 237
50 211
18 161
143 169
162 193
24 231
7 181
88 173
169 208
9 49
21 135
156 215
90 113
110 223
26 227
214 217
114 119
183 195
82 219
89 164
2 114
62 171
83 111
37 239
3 53
64 164
46 233
57 102
73 82
92 243
25 129
177 201
16 41
146 203
125 233
42 197
69 235
123 133
90 198
70 139
122 243
50 218
41 224
66 132
114 136
63 193
65 235
18 181
164 233
191 245
123 193
85 192
30 219
120 167
19 158
12 42
10 30
62 107
46 153
71 160
56 77
158 237
141 198
4 193
127 184
20 238
18 171
91 191
212 240
32 99
224 232
138 144
36 68
40 49
96 139
47 126
74 84
40 190
120 225
169 210
97 192
40 81
71 133
2 85
78 206
67 100
0 104
40 178
5 68
132 137
73 217
58 110
30 115
34 187
34 241
72 226
74 110
76 245
47 201
154 216
154 222
4 178
46 184
35 174
168 244
78 210
75 104
41 211
109 202
177 188
103 126
150 223
31 197
27 37
111 239
39 187
85 95
20 75
95 223
116 183
174 220
111 135
72 113
142 189
10 167
160 245
26 140
107 167
122 165
26 200
65 207
177 243
88 195
114 185
17 46
101 232
124 129
59 221
40 52
247 249
71 162
122 124
40 85
113 207
142 144
200 223
42 141
20 228
5 37
126 209
19 245
101 245
13 227
119 216
79 238
92 112
119 178
77 78
27 148
20 115
20 195
26 58
71 235
175 188
146 201
15 243
59 118
107 133
78 138
8 219
108 149
32 187
66 222
32 87
53 87
134 215
57 213
200 244
138 226
21 122
60 137
74 123
64 167
53 239
72 161
111 240
193 212
78 178
117 151
35 131
82 196
171 190
22 212
44 66
33 227
127 153
8 44
61 217
135 142
74 126
3 18
33 88
92 198
127 232
25 72
67 116
241 244
29 140
108 159
36 173
113 182
81 183
68 95
75 170
46 180
40 237
66 238
79 216
58 169
46 51
19 131
113 227
112 245
22 117
40 205
69 160
2 22
14 77
162 192
84 109
149 175
72 80
45 139
37 122
2 166
216 247
153 203
63 108
35 124
9 126
57 125
55 101
37 164
185 187
109 192
17 186
8 202
130 249
81 93
130 193
47 135
8 146
51 122
60 145
54 100
155 185
7 222
44 171
11 215
131 153
151 207
139 234
48 122
86 141
203 216
84 103
82 102
153 213
56 108
65 156
0 14
21 61
74 85
65 188
50 70
27 60
124 182
136 170
107 193
147 239
189 202
152 246
152 176
66 69
197 245
3 114
53 183
36 104
107 165
165 248
92 97
12 122
85 167
64 161
9 40
13 137
58 68
117 181
54 184
89 231
119 238
194 197
126 195
58 170
144 241
87 212
4 218
199 225
72 234
62 91
100 160
31 120
26 27
68 111
116 158
15 105
21 153
79 243
73 86
12 75
49 146
16 126
95 191
111 186
63 105
96 225
196 226
2 14
87 220
67 172
130 132
5 184
30 33
106 186
12 218
119 220
105 246
30 209
41 135
22 240
212 218
66 216
7 36
20 222
9 137
22 127
64 141
109 128
99 178
81 86
77 188
70 191
36 84
57 160
19 74
40 230
86 167
195 224
20 175
97 164
131 224
22 187
38 167
216 233
64 118
154 158
197 243
131 228
32 35
124 157
243 249
41 46
68 69
49 85
124 141
41 157
12 100
73 106
67 170
1 54
36 92
44 193
38 211
44 210
132 212
126 217
37 193
3 86
46 103
98 120
19 209
115 187
122 237
158 201
98 181
204 249
94 95
211 241
54 195
33 204
14 170
152 207
155 207
4 43
110 142
70 124
13 163
135 185
2 239
145 184
189 201
136 183
148 246
128 202
184 191
57 235
14 163
58 145
6 167
52 143
65 178
158 215
52 161
49 56
95 245
1 130
1 234
112 127
170 203
2 228
31 242
28 165
152 185
64 78
89 121
25 132
0 188
75 95
36 178
20 77
179 204
132 234
30 227
127 205
134 158
86 175
8 17
92 232
76 106
7 106
14 184
53 152
130 214
172 245
156 187
164 230
38 107
172 221
9 176
12 176
36 37
29 128
19 237
56 128
71 93
75 129
20 125
6 207
36 45
7 166
34 69
231 245
43 158
8 80
139 195
60 214
117 127
72 194
40 109
6 239
215 216
26 222
164 173
17 89
152 226
121 184
44 162
53 107
35 114
14 173
83 118
87 225
79 112
68 192
118 158
136 246
59 232
101 160
39 227
75 187
152 221
7 59
118 233
21 53
72 203
42 82
89 140
64 149
50 165
85 150
205 229
23 132
179 225
104 183
34 213
51 119
86 206
47 72
11 221
116 160
93 249
6 10
0 57
2 175
142 232
17 231
115 161
94 129
182 248
18 248
56 71
167 245
28 241
6 188
107 201
39 113
40 211
22 239
17 42
24 221
34 86
37 129
157 233
6 231
38 62
33 59
141 220
99 179
92 139
145 156
31 167
73 145
36 218
71 199
55 236
52 64
60 220
6 53
68 168
98 193
149 226
9 222
109 219
151 164
70 131
66 67
102 204
35 154
25 192
77 242
7 64
115 239
61 183
108 184
140 219
109 156
78 160
125 178
47 58
59 124
114 116
2 79
104 122
46 216
34 53
31 125
1 168
135 203
95 164
138 156
65 146
118 143
56 243
174 217
41 85
7 193
22 53
111 175
158 229
115 244
127 211
232 240
126 128
144 185
175 221
36 51
21 72
32 230
14 58
157 197
141 245
17 49
15 128
76 244
70 138
202 211
197 202
177 184
180 221
147 225
40 71
174 246
51 112
84 249
79 122
139 242
7 230
57 119
65 229
29 62
17 246
197 206
69 130
68 201
93 207
55 139
119 191
168 203
42 142
34 134
115 133
105 112
26 211
80 134
22 193
130 194
73 183
12 133
26 152
188 247
106 195
52 89
100 186
123 233
16 153
29 88
162 200
135 225
121 227
37 64
147 240
160 220
98 123
61 164
95 211
20 147
50 120
173 186
89 206
44 189
203 221
106 244
30 73
79 188
27 144
174 225
48 236
109 186
100 146
22 94
61 144
93 213
29 117
73 136
178 221
117 192
213 233
14 150
37 229
54 166
29 225
90 211
76 172
81 195
143 170
13 191
58 208
95 145
131 218
125 248
160 210
60 64
76 101
130 141
117 119
78 89
1 190
22 165
48 187
17 239
53 225
48 198
31 172
149 166
132 178
110 196
90 186
149 231
18 67
79 98
29 79
122 168
32 144
13 123
21 28
171 238
13 226
203 244
85 162
22 172
114 133
32 209
46 50
105 231
125 177
59 103
99 163
91 139
112 215
167 203
238 246
191 216
128 240
11 151
110 231
77 145
195 238
195 226
5 177
132 172
65 86
8 232
94 225
75 142
47 64
115 240
83 107
88 244
145 200
181 201
97 107
9 197
42 87
71 142
64 92
9 56
2 38
120 227
47 234
134 222
64 111
71 249
95 147
97 159
110 240
140 207
102 146
140 227
25 171
57 81
59 181
153 221
58 139
200 213
44 164
27 145
175 235
22 83
51 106
33 64
31 43
18 20
43 172
44 229
77 227
140 198
29 230
32 108
4 242
20 196
33 150
47 243
69 177
34 76
211 223
218 243
17 139
113 183
90 98
112 238
92 141
120 249
214 226
4 173
6 234
31 206
236 249
177 203
28 122
139 174
44 234
35 142
5 103
70 201
182 198
41 89
126 161
103 190
46 126
128 212
52 186
96 153
24 151
146 183
72 179
70 223
64 158
172 181
64 120
105 216
92 209
1 119
47 97
48 175
59 202
7 112
106 238
87 135
163 223
24 122
44 86
57 150
23 164
107 225
15 226
126 175
191 235
79 155
37 94
3 143
130 178
90 141
105 188
60 216
52 129
39 206
54 222
62 161
30 197
25 240
46 165
89 152
97 244
196 202
120 144
0 155
72 231
28 59
20 113
102 185
116 215
113 176
202 238
48 161
31 85
139 140
18 34
22 34
25 94
138 224
49 76
42 153
4 176
58 84
165 245
102 209
94 106
128 211
85 227
14 104
31 131
5 41
19 90
183 194
85 161
165 191
189 249
206 249
97 208
161 226
5 159
82 120
161 235
16 88
57 232
93 104
128 249
48 118
140 235
29 56
28 70
130 157
27 106
188 190
82 100
17 45
30 72
46 131
113 218
62 205
205 217
42 118
103 204
91 132
24 100
202 207
91 141
154 238
158 227
18 189
1 107
75 87
43 115
82 239
32 248
173 200
67 156
127 158
3 140
8 152
157 215
100 206
111 209
89 117
190 209
47 158
211 246
76 224
10 139
98 211
164 165
73 109
11 53
1 69
154 210
179 222
88 202
15 121
84 96
91 225
102 162
112 114
130 165
27 134
23 202
169 243
106 135
75 136
27 81
96 162
26 176
108 216
56 87
127 218
41 93
80 206
209 223
98 192
37 161
143 194
23 35
25 233
185 201
111 171
34 77
29 30
85 229
208 219
11 155
51 87
69 126
12 148
59 224
49 94
45 208
95 140
68 166
3 78
3 174
99 135
105 243
1 159
63 116
88 185
89 189
16 197
99 148
110 208
0 144
53 64
18 234
67 90
93 174
43 195
1 81
244 245
6 186
69 186
8 89
127 139
24 26
236 238
86 234
89 242
48 209
49 150
60 245
45 62
142 178
114 159
7 148
18 217
45 209
77 173
51 188
42 137
131 172
220 231
193 207
187 242
209 248
89 107
17 162
