300 750
73
41
57
62
47
74
30
32
67
48
42
90
100
119
50
93
77
48
42
24
64
64
54
112
20
29
109
28
26
28
59
79
49
49
73
28
103
83
41
102
64
115
24
44
67
54
70
24
82
92
80
78
36
115
22
88
76
64
48
82
72
88
41
53
117
94
113
52
110
86
34
106
82
39
30
29
73
80
33
88
105
45
98
73
40
53
42
97
97
70
111
101
90
33
34
39
59
79
23
101
46
90
87
108
109
50
117
114
62
82
34
47
107
113
101
80
98
75
109
75
77
100
56
48
65
22
119
57
81
23
90
107
93
58
95
34
40
44
80
82
58
47
62
98
92
95
58
70
50
99
25
107
79
61
87
25
63
39
114
76
94
84
64
67
74
91
33
94
68
93
109
106
20
51
84
92
26
74
42
108
53
99
47
113
40
67
70
35
86
64
44
112
28
88
59
83
111
72
109
59
97
98
98
50
81
62
74
39
69
49
27
102
28
107
47
101
106
97
68
24
93
92
116
54
112
55
69
104
59
58
95
88
89
73
118
50
68
25
70
117
54
29
51
62
68
79
43
54
108
44
58
34
116
54
68
109
41
117
45
80
55
72
101
24
26
51
107
26
56
109
75
90
70
106
85
119
117
60
53
58
84
44
72
33
78
20
22
52
117
99
64
104
51
45
61
109
77
100
67
65
198 255
27 99
137 145
51 284
73 74
90 210
108 282
271 282
132 239
57 250
246 298
6 25
110 227
77 171
124 126
74 181
81 208
225 278
97 277
172 262
50 225
14 84
85 285
118 269
224 228
219 222
88 247
118 205
81 166
99 296
130 155
60 80
157 160
109 123
81 212
95 100
48 237
132 219
109 207
126 147
31 125
104 279
9 265
149 183
90 146
283 297
28 43
129 188
239 252
11 34
163 203
129 251
14 101
8 222
69 123
154 186
246 290
185 264
35 299
141 147
130 233
138 261
225 268
149 178
213 259
212 214
76 93
217 229
107 140
237 282
124 261
137 208
74 114
166 172
71 109
7 94
198 202
55 179
218 257
57 177
21 170
91 298
8 115
274 280
200 217
162 257
93 146
122 260
46 220
82 178
117 237
19 176
135 284
53 199
8 293
215 282
30 125
197 265
186 245
86 223
180 215
8 248
70 78
20 299
116 250
133 286
61 188
5 75
97 256
90 129
17 163
5 99
41 271
227 296
219 268
13 183
14 152
230 244
136 264
5 281
114 267
155 291
48 176
230 273
57 111
74 116
27 121
68 173
144 221
113 295
60 192
44 296
126 292
27 263
8 257
268 276
11 123
51 131
59 113
76 116
192 225
242 252
66 115
72 210
67 88
75 281
124 179
6 77
104 116
125 269
113 289
101 288
0 232
39 111
98 115
23 280
60 222
27 126
90 99
36 178
164 218
97 211
288 289
103 156
93 124
258 282
83 165
217 246
37 68
29 166
61 205
241 265
268 283
91 125
119 179
4 37
43 215
83 134
204 290
50 240
166 222
8 32
7 57
1 177
82 96
1 95
36 143
18 179
56 161
4 227
8 41
151 276
220 232
141 160
34 59
43 134
143 243
102 145
173 198
268 279
123 252
22 57
2 165
58 184
93 277
57 119
95 113
33 260
79 153
114 245
131 213
56 209
11 75
0 253
233 261
265 268
77 108
162 288
224 243
36 220
39 201
66 145
158 186
152 266
11 97
80 224
281 289
33 108
38 52
65 108
23 128
31 131
71 206
45 149
47 266
0 237
5 134
66 244
218 292
4 210
42 68
101 280
65 83
135 209
69 156
179 252
35 197
63 155
106 108
56 205
74 293
132 205
24 180
76 224
38 294
114 228
80 261
163 215
78 176
50 234
2 245
166 195
38 229
50 196
89 107
102 216
59 152
48 84
135 176
9 130
266 289
46 296
250 264
81 261
11 140
67 138
65 233
85 103
135 214
4 52
206 294
199 220
20 265
153 283
248 292
214 283
31 282
260 284
273 295
65 136
185 284
26 49
111 118
33 205
257 298
45 89
9 215
180 244
81 227
29 33
68 272
6 295
7 100
95 290
108 280
264 283
61 293
65 163
22 172
196 223
31 37
246 268
98 264
179 243
212 260
33 215
221 255
185 262
32 264
72 294
16 258
77 117
76 280
2 98
229 277
182 266
128 245
65 261
7 296
204 272
120 257
5 264
93 190
57 279
273 274
129 290
284 298
60 120
174 279
210 260
92 151
148 278
95 221
161 280
65 92
101 252
237 257
31 65
96 199
88 174
70 270
54 216
88 268
166 299
14 76
11 217
221 290
65 194
85 278
174 229
44 127
30 281
136 148
12 88
153 244
14 262
175 230
120 195
71 286
85 195
63 206
3 36
120 248
34 230
99 104
15 195
46 231
120 176
241 246
190 208
146 222
21 257
77 152
216 223
64 163
61 179
64 122
70 215
145 236
87 156
1 172
233 282
159 270
53 216
152 261
106 298
115 183
19 87
193 287
9 63
151 176
188 273
155 240
43 228
0 252
1 16
124 298
94 286
91 209
10 113
104 168
182 284
179 229
222 242
73 238
118 126
46 110
33 141
33 90
145 158
86 269
125 157
115 118
177 268
125 232
95 98
134 164
30 95
63 252
1 37
25 207
123 179
69 212
16 212
162 297
70 135
183 279
51 260
98 281
82 228
78 106
177 270
212 259
66 275
155 211
236 276
115 207
111 236
119 128
116 200
42 271
252 277
2 264
28 100
9 297
103 234
87 164
52 126
123 244
27 35
56 151
18 23
187 263
135 255
15 207
109 251
178 255
86 181
167 272
33 269
20 176
15 125
184 251
59 67
147 195
46 146
170 203
65 166
57 72
1 124
5 279
210 285
12 123
228 290
58 218
183 248
184 286
53 134
81 244
142 200
155 179
12 296
22 121
68 75
100 297
132 282
62 197
106 205
148 233
133 291
67 134
53 226
18 112
14 158
111 193
73 157
221 266
40 69
43 190
40 168
42 52
75 104
233 249
9 235
81 194
200 278
28 205
17 164
165 263
22 27
36 293
157 244
34 39
99 254
131 141
6 258
245 256
6 191
243 273
221 253
33 225
178 231
132 196
147 298
159 174
72 247
68 167
104 253
159 204
259 291
45 266
43 249
193 274
101 217
54 166
143 190
69 88
74 272
221 265
22 176
95 123
15 163
20 279
23 235
66 280
33 298
67 76
260 272
177 241
178 284
22 131
72 200
44 148
70 165
67 93
214 217
216 284
129 248
57 204
37 183
216 270
87 90
59 292
102 222
0 33
131 206
30 55
84 203
1 126
25 245
95 295
63 159
279 289
11 36
193 195
125 216
163 212
58 208
23 160
75 130
88 193
0 259
43 170
256 296
44 281
139 242
28 153
8 203
142 266
88 96
213 274
56 77
114 238
262 285
26 167
37 272
255 296
177 272
39 280
136 173
14 167
42 275
21 230
102 163
197 199
3 162
59 225
163 239
173 224
125 252
143 215
150 224
211 248
3 27
201 229
139 243
68 166
89 285
88 149
5 46
8 39
208 264
120 200
45 127
5 176
20 297
220 221
170 183
170 198
151 238
77 151
94 271
131 296
113 145
170 271
10 243
203 230
26 50
103 206
96 280
93 211
52 131
67 274
66 289
5 172
75 140
82 286
99 130
117 212
89 275
82 218
12 151
122 178
115 277
84 211
9 47
56 61
36 296
164 260
1 56
88 136
42 187
212 266
151 294
1 285
204 212
49 86
116 218
125 127
17 184
239 247
59 275
244 276
287 297
32 75
127 133
39 165
92 146
110 150
200 296
131 249
65 116
101 244
171 242
180 181
118 239
114 156
144 267
52 112
271 297
179 286
149 270
47 203
54 62
110 158
6 159
174 293
147 276
118 218
18 50
100 136
256 290
3 9
115 152
61 176
164 240
14 162
117 210
24 113
171 271
187 229
180 182
104 158
27 274
77 97
25 177
67 286
185 289
76 90
156 190
20 266
86 145
200 297
169 221
56 223
106 202
6 289
68 264
33 93
110 166
152 270
177 208
5 141
49 298
16 195
69 78
156 196
245 275
56 144
31 218
