50 750
35
42
105
53
28
88
113
41
84
35
105
81
77
32
77
105
98
38
69
30
36
57
111
81
59
22
101
102
109
65
115
25
88
52
110
48
21
55
70
37
71
107
99
80
119
108
117
49
26
66
5 48
27 49
37 45
1 34
23 24
10 40
8 32
21 32
32 39
0 7
46 48
6 25
10 27
21 27
24 26
24 31
8 31
25 28
27 47
12 22
0 25
14 34
18 35
19 24
19 28
22 28
25 47
5 38
16 18
31 46
5 49
10 30
7 9
23 31
0 12
45 48
32 37
7 19
9 47
26 31
4 25
15 29
9 49
33 40
33 46
28 47
29 43
2 38
11 39
3 34
13 29
1 14
8 22
19 23
4 36
40 46
14 35
35 49
41 47
30 33
11 38
18 25
28 49
9 13
12 14
26 43
17 29
7 40
11 24
8 37
14 24
16 22
9 21
7 44
2 48
5 29
7 18
7 27
20 21
41 48
8 15
24 30
0 17
7 12
43 46
10 22
20 46
28 32
17 37
19 26
34 35
3 49
8 43
15 32
25 30
15 47
36 45
23 36
15 30
8 48
20 28
20 49
0 16
33 36
5 25
6 47
29 40
13 17
21 41
27 46
18 19
13 33
2 14
30 44
14 36
5 31
14 17
5 41
26 48
23 30
7 11
16 24
18 23
21 44
13 45
10 42
44 46
26 42
13 27
7 8
18 26
11 23
1 31
16 26
25 42
2 42
15 16
17 38
25 31
24 29
6 27
4 16
19 25
13 39
1 38
0 32
15 48
26 27
40 49
28 36
14 18
11 47
38 39
3 6
24 43
15 33
17 46
18 37
16 29
5 11
15 41
18 33
25 41
19 29
4 37
15 43
33 34
4 40
0 40
1 7
32 45
1 43
18 36
6 29
4 11
27 41
8 14
26 36
1 20
32 41
10 34
9 34
2 43
23 45
29 48
2 18
7 23
2 22
15 34
19 27
7 13
10 45
29 33
3 45
13 14
9 31
3 11
0 11
27 38
12 43
20 24
1 36
39 45
16 36
2 8
11 16
30 47
33 39
8 38
15 23
28 31
6 31
21 45
47 49
16 37
0 5
16 34
42 44
10 18
4 18
30 42
1 33
9 15
6 35
2 19
29 47
13 35
5 6
6 8
5 24
5 43
30 32
24 44
28 38
14 30
11 15
13 28
0 26
34 45
2 16
38 45
0 29
39 46
2 7
9 48
9 26
16 30
0 46
11 14
31 40
11 17
15 38
33 35
3 14
2 35
4 44
6 20
15 49
20 33
3 48
33 42
14 32
10 31
34 36
26 35
18 49
33 48
7 39
15 45
9 44
30 31
27 33
22 29
18 45
0 6
30 45
8 33
14 43
13 22
22 46
14 29
10 12
5 21
12 35
22 44
8 16
17 27
26 30
27 29
16 32
28 45
7 46
4 22
7 20
5 14
40 43
7 29
34 48
10 20
1 10
28 42
21 48
11 45
2 15
1 37
7 15
31 49
38 46
16 20
16 38
14 49
11 26
17 21
15 40
35 44
24 28
29 44
27 30
31 36
12 48
38 44
3 12
14 25
20 30
36 48
34 49
4 15
31 45
26 46
8 41
7 22
2 21
16 27
14 23
11 13
14 15
20 36
6 45
22 32
3 9
6 11
15 19
37 43
13 37
1 9
26 38
23 40
0 28
1 24
10 41
4 13
11 18
34 39
29 32
38 42
10 33
40 41
33 45
8 36
15 25
18 27
25 32
2 13
7 25
23 29
12 19
12 16
12 47
20 35
31 48
6 28
20 27
9 12
16 25
11 36
21 42
2 27
14 37
2 26
23 44
27 35
1 6
5 35
5 28
17 22
19 33
20 26
9 17
45 47
3 46
15 20
7 16
1 22
23 43
36 40
8 28
18 48
31 44
0 42
12 46
21 22
0 47
12 32
5 33
17 41
26 34
3 18
8 12
16 23
19 21
18 40
40 42
2 25
4 49
9 33
31 35
28 44
13 15
22 27
36 43
31 41
6 41
3 21
25 33
32 46
47 48
9 24
22 47
17 18
3 4
4 9
9 41
16 45
43 49
1 17
19 38
22 24
15 21
22 26
20 29
23 35
17 26
28 34
22 31
0 22
44 48
17 43
4 7
33 37
37 40
9 42
0 33
5 30
1 26
25 45
9 45
13 16
8 23
25 43
9 38
0 20
6 43
31 42
28 39
3 8
16 42
13 24
14 38
22 37
5 46
30 39
21 30
9 25
0 24
11 48
3 27
1 29
39 43
35 39
38 49
8 39
27 45
5 26
20 47
20 48
1 27
10 43
3 30
30 46
11 43
2 31
17 24
16 39
5 22
25 40
32 36
30 49
12 17
25 39
18 32
1 12
15 27
11 34
36 46
10 14
36 38
37 42
1 44
1 35
4 12
36 49
25 27
17 34
39 47
26 44
37 47
15 39
42 46
0 10
18 39
6 14
17 44
2 12
21 47
29 36
3 47
8 10
6 9
26 47
0 18
0 36
6 40
14 40
10 17
21 37
4 30
8 27
24 27
27 36
17 35
26 39
16 40
20 32
30 36
0 19
21 23
2 6
6 39
16 43
45 49
16 19
28 46
18 44
3 31
27 42
4 10
34 44
9 39
9 29
3 29
13 21
32 44
4 45
24 47
0 34
2 45
6 18
18 21
33 47
32 40
14 16
12 36
10 19
10 13
3 20
22 33
0 27
13 20
14 19
44 47
12 42
14 27
5 39
7 30
37 49
20 37
23 38
22 25
0 38
29 30
5 37
5 17
19 43
6 44
4 21
23 48
36 39
0 31
14 22
4 6
22 38
27 43
0 15
16 44
24 42
8 18
2 41
27 39
28 30
11 42
4 19
29 49
7 32
27 31
4 48
22 23
34 46
35 42
3 19
30 48
23 34
24 38
39 48
10 25
4 31
6 37
5 20
40 47
33 38
0 8
2 32
39 41
33 41
20 40
9 22
31 38
16 17
9 11
1 41
8 49
17 31
4 46
24 32
35 40
7 21
1 23
39 42
21 36
13 49
41 43
19 20
12 25
5 32
25 29
24 35
3 15
6 26
17 39
26 32
4 35
10 46
3 43
0 30
11 35
29 42
23 39
13 32
23 47
0 49
4 33
1 40
31 34
11 22
1 49
29 39
1 2
13 26
23 28
2 24
6 23
27 37
11 32
31 47
4 26
8 30
22 34
3 23
25 38
24 34
12 38
0 3
38 43
1 15
13 19
27 32
29 38
1 19
15 36
14 44
6 21
34 42
14 46
23 33
9 23
3 16
5 8
25 26
21 49
8 42
5 42
14 42
24 37
36 47
37 39
30 40
0 45
5 7
7 17
0 4
12 40
42 45
5 18
36 41
15 18
7 14
32 47
11 46
6 42
10 16
4 32
1 16
1 21
6 34
28 40
6 36
29 35
5 16
2 39
11 12
2 49
16 35
25 37
43 47
24 39
25 44
8 11
32 48
11 20
35 41
12 13
