300 5000
55
50
41
21
42
72
24
40
30
27
65
117
118
52
34
96
64
96
36
20
52
104
85
59
60
47
25
37
102
49
42
37
79
63
90
54
68
46
74
78
53
119
28
52
103
42
80
48
71
96
100
103
32
117
43
72
96
48
41
78
29
115
47
88
111
69
22
111
96
28
21
29
80
29
113
63
52
73
43
103
102
23
38
114
72
61
119
49
41
92
59
50
88
87
71
79
36
25
22
112
34
23
74
94
33
67
89
65
21
113
100
55
68
118
49
21
112
100
50
33
73
41
116
41
108
67
52
77
72
106
69
86
109
23
112
22
23
82
119
76
75
51
111
75
50
92
76
94
73
58
107
26
80
55
99
20
102
83
77
55
69
79
73
58
34
66
113
37
80
112
45
35
44
36
90
26
61
99
100
114
89
39
72
101
75
103
102
109
118
111
96
67
70
50
57
85
48
102
54
108
95
80
75
71
96
97
29
89
76
109
35
98
80
39
79
87
22
113
77
20
105
53
119
107
35
109
72
115
91
59
55
118
119
110
21
47
88
30
117
96
71
32
26
32
52
38
51
106
83
108
59
68
94
110
108
109
99
112
57
23
51
92
73
50
35
75
30
103
85
27
31
89
91
90
53
75
108
84
62
71
73
53
72
99
43
60
40
75
104
77
78
36
102
31
118
117
38
28
52
56
167 184
188 200
118 208
273 286
176 229
42 52
0 200
76 82
127 278
115 144
195 255
29 121
58 93
27 257
10 212
96 236
177 296
137 295
35 110
223 264
163 266
115 265
41 48
79 242
109 238
193 274
147 190
0 286
174 295
213 236
61 284
113 161
2 110
145 156
80 165
28 109
98 126
143 198
137 168
158 277
251 298
51 241
37 98
25 241
84 206
68 261
127 268
78 229
138 181
46 223
84 270
68 126
211 269
131 266
158 244
209 289
40 247
98 202
129 143
175 213
50 136
70 282
15 263
148 197
101 123
71 243
122 207
118 191
143 158
2 249
154 238
101 263
30 165
159 251
60 126
73 162
15 107
30 232
70 132
224 279
255 275
47 163
97 239
33 240
149 283
3 294
257 273
4 156
108 174
215 287
40 286
1 149
134 147
32 270
18 63
246 274
38 293
135 189
232 274
76 81
9 122
136 283
80 293
6 39
6 153
139 293
47 195
193 246
29 277
47 268
40 214
73 79
14 208
192 266
94 289
274 298
110 217
33 49
72 155
55 60
49 131
178 252
145 244
25 176
122 145
72 162
111 198
19 241
208 212
201 212
2 238
200 271
48 233
20 256
58 76
16 189
177 268
119 173
165 295
250 287
74 192
4 150
143 272
75 185
39 103
86 158
38 277
78 129
24 202
34 82
102 278
23 207
123 142
132 288
82 137
82 276
156 178
86 129
21 161
66 177
201 204
35 230
216 243
8 267
94 118
101 148
124 249
72 107
239 266
60 155
21 36
178 237
75 266
59 288
125 289
217 242
29 252
24 172
220 233
39 43
27 144
239 276
100 286
161 286
60 194
183 249
216 290
11 49
0 256
225 226
7 242
166 229
32 149
75 99
179 240
180 272
207 240
8 227
265 279
221 225
25 222
15 160
171 190
116 198
42 171
123 165
50 52
32 134
131 202
194 209
62 233
74 270
53 174
30 205
3 19
96 182
42 225
112 116
214 280
14 137
23 138
3 125
35 242
11 196
218 272
33 91
206 217
3 132
85 271
42 89
88 271
13 190
13 54
129 279
35 196
110 117
86 172
28 287
207 298
177 225
16 270
176 210
265 285
8 256
97 102
50 190
120 293
186 256
47 137
134 165
33 34
119 244
206 231
148 165
125 281
95 252
57 193
178 180
23 241
125 187
90 289
68 211
24 282
30 97
14 161
164 247
101 161
7 66
92 266
126 225
20 143
36 78
10 77
152 215
102 251
30 94
91 98
5 74
154 174
87 156
72 220
21 34
153 233
78 81
6 171
15 204
34 78
51 207
18 96
60 100
142 172
16 194
251 292
142 166
105 298
5 77
40 122
56 99
180 193
64 186
142 186
16 131
176 235
223 272
35 253
72 178
18 177
169 194
36 269
87 126
34 93
204 208
3 185
130 264
150 235
121 194
78 292
189 220
13 112
18 245
69 148
77 196
88 90
57 299
86 126
184 212
88 231
121 168
137 143
78 298
40 193
84 251
23 140
5 36
2 252
54 152
71 251
211 230
93 229
220 269
67 205
51 184
5 45
188 219
143 218
18 183
21 163
186 267
24 161
165 222
26 28
18 150
0 31
61 125
30 229
97 296
281 287
32 47
39 267
182 272
42 237
100 117
63 136
276 286
161 260
142 239
40 212
72 89
151 212
193 249
98 233
189 273
131 289
5 170
8 30
104 245
124 221
97 188
83 110
164 271
58 95
135 262
52 270
182 259
255 260
75 188
17 58
161 190
58 219
112 118
1 217
115 177
190 212
0 65
47 282
23 142
92 286
29 63
38 289
45 297
1 125
60 233
147 194
2 4
114 118
122 171
31 289
48 274
166 253
0 274
200 298
194 292
223 284
55 74
105 264
119 266
104 230
78 176
121 180
54 246
30 44
43 93
4 296
259 278
48 159
28 294
12 203
259 269
138 286
64 257
46 252
82 114
117 222
102 214
212 239
35 156
242 251
128 298
139 299
29 99
50 57
93 254
62 70
260 265
48 81
52 218
32 127
101 134
100 201
192 255
13 163
7 228
56 114
6 165
35 248
264 298
57 92
4 214
171 269
175 272
102 145
76 281
229 263
82 130
37 63
23 76
251 252
66 136
59 142
7 283
177 247
21 58
56 62
236 280
84 163
186 252
8 80
168 237
2 43
67 107
92 142
44 235
71 93
153 163
146 265
142 160
146 270
216 254
33 204
169 234
67 238
107 127
19 27
62 64
30 183
122 221
26 157
171 218
81 280
24 246
237 280
126 140
56 207
132 292
67 260
79 213
21 57
128 206
22 48
130 243
164 258
4 36
73 223
54 207
56 284
36 52
221 244
180 214
1 47
13 173
86 166
145 275
51 159
156 208
99 126
84 90
95 263
89 120
27 70
126 143
63 247
215 284
181 191
217 244
142 280
10 146
155 280
140 174
30 258
84 100
129 190
144 168
37 40
107 233
120 128
183 234
127 201
19 220
15 63
25 279
259 261
187 232
151 243
217 251
27 98
142 248
231 243
40 228
39 160
25 109
44 236
226 264
7 8
23 101
123 132
85 100
85 143
272 295
28 242
107 246
40 140
35 107
72 148
16 111
60 125
104 188
61 114
120 121
174 273
144 298
105 296
83 249
81 107
109 296
49 242
142 269
76 135
177 207
193 224
37 70
70 258
141 184
14 124
5 298
201 287
145 296
79 197
146 279
140 288
109 136
182 271
60 186
162 230
5 52
76 199
62 93
186 260
17 107
146 185
181 218
43 115
13 189
146 252
83 287
272 292
96 175
34 243
226 287
197 292
148 278
41 120
132 241
100 227
112 201
119 247
42 46
59 287
133 284
63 67
107 172
39 269
35 282
21 55
4 261
66 291
153 186
32 146
12 71
247 272
176 246
144 222
131 288
33 272
96 264
92 137
183 204
158 238
218 265
231 260
26 270
123 223
7 264
21 35
71 268
60 248
204 266
7 222
35 256
31 51
104 175
8 240
59 150
29 247
116 259
13 86
285 288
1 261
89 119
3 149
21 119
41 53
80 140
164 297
154 243
39 184
150 162
86 161
180 202
172 193
40 209
53 233
211 280
0 88
99 143
149 270
164 254
12 245
61 146
89 109
200 215
25 130
51 164
231 291
66 164
159 176
73 161
36 264
52 141
36 293
195 237
112 263
27 243
57 141
89 218
56 283
8 170
186 221
172 230
204 291
132 146
202 271
166 293
8 187
96 219
166 180
86 195
29 278
87 223
64 223
57 206
120 228
59 214
139 149
41 106
182 187
84 238
210 284
2 218
171 221
51 67
140 153
118 246
221 234
157 258
15 285
63 106
30 243
145 217
221 258
103 251
197 241
107 187
189 225
78 96
145 163
55 199
50 146
36 173
67 131
105 194
9 147
142 263
91 180
12 287
190 290
87 115
54 232
157 194
272 296
6 211
169 205
266 271
51 139
8 171
23 254
222 276
239 263
64 107
104 171
61 171
94 287
78 148
93 94
141 288
119 294
40 52
18 199
3 12
20 210
226 233
254 274
155 289
193 271
96 116
229 274
7 129
52 152
92 223
94 294
46 86
38 135
65 147
41 275
219 267
193 260
167 221
166 234
83 190
18 34
103 263
44 110
92 96
14 67
8 241
27 162
49 107
65 224
158 196
167 251
177 211
60 150
130 294
16 20
77 102
90 180
65 134
42 209
109 283
224 277
117 191
3 276
121 240
151 279
55 157
62 167
7 244
76 213
265 291
55 178
223 296
18 190
173 205
127 182
149 296
125 152
65 273
225 273
60 214
191 227
136 273
49 141
153 184
208 280
159 276
150 229
75 233
108 116
157 224
129 293
111 182
107 154
116 159
229 236
73 180
47 208
16 49
148 169
128 285
129 197
32 156
90 178
39 107
84 258
196 251
130 213
62 119
179 237
226 279
52 160
68 106
151 174
0 170
43 155
128 224
104 285
75 116
74 85
200 270
36 165
99 152
141 284
15 30
67 242
68 173
10 219
47 180
142 219
88 100
119 192
75 137
264 279
53 243
49 143
75 85
60 227
97 236
18 69
112 136
232 260
62 271
152 161
123 151
56 291
175 275
112 236
2 215
76 246
125 269
44 141
202 263
199 272
41 51
163 270
229 230
43 96
0 253
157 205
13 175
148 151
84 188
242 263
0 92
188 269
82 269
65 232
36 89
87 184
154 182
112 250
98 136
90 155
98 112
247 274
95 125
65 177
192 232
8 232
248 284
253 254
18 82
118 238
160 174
42 205
80 208
6 114
59 157
6 226
104 183
60 153
85 169
229 252
69 289
22 178
260 295
93 233
131 253
36 160
240 295
202 296
16 216
264 294
147 274
98 128
20 259
211 265
35 249
179 252
109 247
192 202
23 233
93 207
111 203
33 160
157 243
225 267
159 231
186 271
70 78
37 66
31 142
0 143
118 253
23 228
252 267
182 185
42 90
205 278
45 64
117 202
7 84
179 218
15 150
104 145
170 272
114 234
254 287
72 258
52 192
52 235
130 146
77 108
51 122
172 221
76 231
5 255
21 150
157 254
130 218
153 177
131 296
6 140
132 255
60 91
76 143
47 206
41 124
67 145
239 298
66 74
71 171
73 81
144 238
27 63
120 256
169 216
108 139
147 175
19 240
16 207
6 214
256 275
42 130
101 128
33 167
254 256
87 238
29 83
77 109
65 198
114 119
257 274
104 294
65 214
11 282
17 280
9 236
51 199
37 79
137 256
85 145
172 194
29 175
36 249
199 227
93 153
18 110
65 67
33 214
130 277
68 110
46 77
98 297
135 181
18 76
143 213
90 215
85 90
87 119
99 178
32 286
5 244
64 142
109 122
149 252
86 217
115 185
47 213
182 228
49 259
244 298
213 224
10 34
56 154
149 286
5 135
1 18
192 213
14 117
74 267
19 160
134 236
35 45
47 280
148 263
13 239
93 215
127 279
87 225
33 126
73 90
144 262
92 206
109 261
183 221
228 292
95 217
126 193
225 252
173 268
74 164
33 219
12 79
46 57
132 151
183 225
197 222
66 69
28 77
8 113
69 208
247 277
101 282
26 172
250 298
35 190
217 270
16 48
79 251
148 262
122 176
160 297
241 264
21 227
92 93
29 162
1 59
154 161
41 85
43 181
84 123
53 78
145 178
69 224
130 269
6 187
99 144
56 85
35 115
106 208
128 187
122 129
35 298
35 39
120 268
82 204
92 213
237 258
79 91
162 221
101 280
252 297
36 134
67 123
27 240
179 251
132 201
230 236
21 168
56 188
13 104
69 280
23 218
154 160
82 132
7 285
4 62
150 237
4 138
130 273
83 277
36 62
109 292
29 272
13 80
169 218
145 198
168 238
99 168
0 75
82 233
285 295
87 274
197 277
30 222
108 113
170 199
9 201
214 225
90 227
6 8
149 203
87 259
72 179
199 238
171 232
269 281
120 218
167 244
98 274
90 206
140 289
41 128
42 50
141 267
21 25
170 201
212 228
10 52
24 251
172 233
142 293
53 237
10 203
100 264
104 109
141 289
145 192
31 164
85 105
38 189
170 275
37 251
43 222
38 174
119 262
112 159
156 264
102 166
66 168
18 29
160 222
19 67
102 104
241 284
207 225
235 279
95 282
18 272
62 77
196 244
76 103
61 233
119 163
39 151
222 229
69 203
82 140
22 238
6 242
202 231
232 262
27 137
161 245
22 97
41 276
52 271
32 196
37 68
189 195
107 176
111 228
79 245
68 101
63 235
160 166
92 265
128 154
125 171
15 269
148 291
11 96
133 203
79 98
74 186
26 237
157 167
234 287
169 258
50 170
67 87
262 268
186 273
41 93
207 293
32 269
112 180
67 280
59 66
140 217
243 298
78 165
64 100
111 152
234 255
73 281
74 296
135 234
89 141
128 173
110 293
54 143
60 172
254 278
12 252
142 273
126 169
22 207
193 289
22 29
18 103
18 60
4 203
247 292
75 145
8 218
24 120
151 233
157 196
260 263
162 236
31 103
62 105
7 103
126 134
25 290
85 196
193 201
32 238
46 160
32 232
9 265
167 180
140 228
29 217
112 295
31 57
135 218
104 116
142 261
94 157
40 279
58 64
30 157
238 276
8 263
222 273
102 274
192 254
221 242
223 238
33 255
3 47
90 216
103 108
110 254
12 89
46 123
76 205
181 280
14 295
190 288
20 216
90 212
85 222
75 271
122 153
26 243
90 134
98 200
110 141
187 290
233 247
264 265
30 129
13 71
19 33
39 109
13 298
194 235
21 159
64 206
144 233
59 286
119 157
187 260
20 229
148 253
164 176
5 271
194 284
128 213
17 219
67 75
21 233
3 144
43 261
209 239
194 268
66 225
164 178
78 198
93 226
203 270
90 174
27 37
158 208
2 228
77 127
47 60
50 151
246 257
12 166
185 258
162 186
24 64
27 155
120 262
81 218
142 224
92 222
3 261
15 130
257 283
30 93
70 296
79 81
145 242
179 297
103 183
41 180
0 120
14 35
168 293
135 232
25 144
57 157
80 239
63 173
249 266
19 145
14 226
98 256
123 147
135 227
30 228
30 159
49 246
42 45
114 277
229 259
39 54
116 134
278 289
227 249
7 95
21 298
73 148
29 249
164 295
26 176
87 93
108 194
33 205
199 236
165 235
41 158
27 204
183 228
68 177
128 162
149 150
9 231
5 99
27 95
83 240
114 243
134 199
122 149
9 288
177 244
88 105
156 179
35 42
59 284
186 203
261 264
60 117
21 264
253 257
100 143
1 152
3 266
6 189
64 66
204 250
182 224
112 259
149 224
70 179
32 87
195 256
144 217
220 232
125 229
225 237
125 142
143 278
167 197
149 261
151 286
210 217
29 33
9 221
43 178
240 265
127 136
221 272
230 256
175 193
52 208
87 186
195 284
96 106
144 245
214 248
33 106
79 244
95 174
35 122
2 192
165 171
111 282
259 287
167 227
15 39
105 287
263 299
83 297
83 107
211 213
169 207
264 292
134 167
26 51
169 223
195 243
3 55
229 262
94 156
129 185
223 287
172 223
250 256
58 272
39 235
208 271
16 195
29 224
183 276
52 107
50 251
247 254
105 176
199 217
84 98
8 85
9 85
88 283
7 265
57 146
169 242
17 137
237 242
25 218
169 224
76 223
123 233
92 151
133 236
191 270
28 296
116 279
38 297
14 54
71 170
88 294
114 283
152 218
142 190
28 175
172 293
8 281
30 63
29 144
10 60
12 59
79 113
236 263
136 249
2 89
182 285
153 203
145 190
218 295
21 40
81 142
74 206
103 112
102 174
114 164
233 262
98 193
93 208
34 94
36 45
184 279
74 87
132 264
127 285
58 234
76 220
46 139
3 34
136 149
3 162
80 196
173 260
47 105
202 268
135 152
181 209
14 291
28 173
107 193
86 165
184 226
211 218
113 229
107 159
110 178
10 21
34 58
184 215
81 204
117 268
51 56
51 117
10 128
211 214
95 228
139 192
65 122
4 224
33 235
34 54
145 245
88 129
60 221
33 230
141 190
33 68
150 293
171 173
82 212
139 140
32 229
36 206
239 271
58 271
217 293
134 255
67 98
107 184
25 297
82 117
70 232
41 243
175 197
37 83
69 204
73 106
12 227
77 285
57 294
240 243
8 93
51 277
57 100
54 192
177 270
11 176
73 120
186 255
43 111
122 180
247 299
38 227
69 264
162 257
7 64
17 115
126 284
91 268
18 238
195 268
140 249
187 268
79 148
270 283
12 282
50 218
209 229
218 226
50 81
115 183
88 200
125 230
26 250
97 268
188 288
189 292
12 128
77 276
60 144
156 299
42 269
4 258
229 250
1 230
10 165
116 150
98 117
27 195
49 295
289 292
36 283
164 179
49 256
192 193
16 191
101 110
111 212
163 166
40 148
102 164
13 32
182 253
130 280
78 231
28 122
63 221
100 159
208 227
108 120
124 153
6 63
28 286
117 153
191 210
53 107
12 67
17 139
1 21
50 79
78 253
202 226
61 141
26 121
21 186
226 293
10 108
48 232
101 136
27 253
7 11
24 186
25 126
93 127
47 143
52 207
161 273
167 278
56 274
40 47
33 242
4 273
141 205
30 104
58 109
70 117
146 296
21 243
70 239
120 135
29 172
108 242
27 202
10 216
67 263
152 252
8 236
46 193
76 113
4 223
74 185
40 233
220 283
211 255
105 127
46 187
0 207
129 254
46 286
54 265
61 269
50 206
4 278
143 295
80 299
18 118
73 158
45 251
193 258
257 298
55 86
138 237
1 92
109 165
55 226
13 79
109 276
150 252
70 271
97 220
172 280
142 173
151 182
20 223
161 259
158 273
3 228
93 274
81 164
19 243
48 147
52 217
20 56
43 119
40 178
140 158
35 212
83 146
7 238
77 220
148 223
132 249
293 297
64 83
282 292
45 112
184 199
18 153
32 280
58 120
22 242
26 207
198 221
85 88
5 147
70 217
50 205
72 198
47 155
14 39
137 179
88 136
42 115
95 158
126 269
68 268
175 291
146 212
73 283
52 221
270 288
43 245
20 115
119 195
22 210
210 211
99 141
256 299
141 158
52 267
20 127
87 170
247 286
21 135
187 269
258 294
89 209
229 255
151 257
100 279
61 63
191 202
214 242
55 210
152 262
31 74
34 213
202 282
37 199
55 169
101 276
179 186
134 190
147 167
20 285
98 179
83 122
0 297
116 263
104 269
225 230
0 260
143 254
43 294
49 291
20 212
143 150
73 277
263 292
93 223
113 228
45 166
213 277
81 129
54 182
66 207
60 189
181 250
161 214
63 253
109 159
86 156
200 284
101 130
123 215
58 220
81 88
133 210
68 169
16 285
3 135
192 247
125 194
109 160
78 172
237 269
55 80
274 280
104 209
124 155
75 214
2 257
219 261
209 287
32 122
101 224
70 295
50 231
128 207
155 176
118 236
92 283
192 268
124 248
68 162
77 251
165 212
89 296
25 298
151 158
250 280
52 198
105 211
67 232
102 281
16 55
23 194
29 199
57 203
107 222
155 167
63 161
113 191
50 186
188 264
30 162
292 294
19 225
52 61
27 116
68 274
191 277
143 220
7 277
46 166
213 251
14 21
74 213
13 127
15 143
97 201
57 246
76 91
171 204
128 250
72 197
264 276
197 226
159 285
205 226
151 178
170 173
244 297
72 86
10 101
263 267
25 198
101 132
230 246
19 135
111 179
35 105
91 287
151 294
73 217
161 167
5 70
80 285
158 253
96 109
5 278
131 151
149 190
25 113
220 292
7 136
150 249
253 293
104 288
205 287
155 178
0 118
104 212
71 133
109 229
139 232
83 286
176 270
84 284
205 253
90 128
30 212
91 166
23 79
22 63
36 252
154 270
86 258
5 119
67 237
53 258
57 282
65 235
245 262
77 226
168 276
51 92
167 299
35 114
84 119
72 242
24 210
72 277
30 262
31 34
11 65
91 128
0 53
74 130
102 280
50 124
50 153
20 291
111 137
104 131
123 235
84 146
148 156
110 123
206 238
196 250
271 288
24 78
93 204
73 154
6 256
212 250
58 293
196 232
88 104
79 92
163 264
164 238
61 71
10 26
20 222
260 291
38 210
4 67
243 273
1 129
131 230
213 288
125 197
236 281
16 38
2 73
63 179
3 166
13 197
166 273
77 240
8 63
58 133
14 281
60 263
25 146
252 271
240 275
4 13
78 256
67 188
141 233
18 191
177 204
95 267
208 229
224 292
109 268
1 51
124 163
22 265
45 163
49 209
166 228
179 295
21 106
280 297
91 209
59 253
5 182
19 229
39 277
215 288
192 253
133 237
222 282
48 184
31 277
50 263
156 272
5 284
127 205
158 214
238 271
9 92
18 201
292 296
48 285
240 259
196 290
73 265
174 230
13 149
151 251
175 276
12 107
64 180
95 192
130 274
66 140
19 136
63 188
173 236
74 177
216 270
2 181
176 252
82 266
33 79
242 255
135 256
147 282
29 230
48 101
110 236
10 35
33 156
37 184
33 266
3 164
298 299
119 243
5 7
199 204
41 181
142 285
207 281
67 218
3 69
91 104
65 193
108 150
49 292
134 188
11 243
62 299
170 293
6 298
229 257
139 188
120 165
147 232
181 287
72 105
126 180
7 176
225 247
62 288
102 184
108 284
235 265
118 189
129 154
181 276
138 272
178 244
17 153
32 35
42 197
174 208
22 290
162 233
136 265
120 169
125 156
85 243
46 74
4 175
186 280
170 204
148 158
48 63
83 165
95 115
41 220
205 214
126 273
86 98
223 283
81 94
49 98
8 81
36 212
194 252
52 113
10 30
157 188
66 145
213 239
38 43
9 168
121 147
18 156
70 112
120 237
246 263
51 201
205 210
23 246
8 258
54 146
165 251
2 190
137 225
286 297
5 118
24 133
204 275
76 203
29 262
173 255
235 253
245 248
91 230
6 107
61 248
38 109
86 106
25 143
158 276
3 219
114 160
190 268
63 230
70 272
155 259
75 104
88 204
47 210
19 216
132 154
217 263
55 170
121 247
149 198
106 118
153 272
30 121
103 187
216 259
43 146
50 115
25 132
97 203
87 263
9 266
18 139
257 268
115 288
138 193
87 168
2 14
14 118
189 282
87 129
25 296
137 209
73 286
67 164
251 289
7 82
100 261
198 218
121 239
85 259
132 172
180 199
194 227
17 116
176 198
253 256
145 194
163 267
27 184
87 173
169 279
233 292
22 183
195 262
47 122
7 154
34 271
198 206
275 280
67 208
23 173
119 162
77 168
52 138
104 277
135 278
199 263
127 221
89 146
22 136
80 160
109 286
58 141
13 125
50 238
148 264
57 69
41 247
145 173
151 225
33 124
13 97
2 265
86 190
39 218
50 148
109 204
92 234
135 207
108 264
149 204
77 263
46 188
79 281
12 147
109 240
212 242
50 74
114 132
183 268
14 224
44 56
193 278
152 200
60 165
116 121
132 209
251 256
20 232
33 87
27 131
96 194
21 269
146 206
135 167
141 201
91 185
10 37
215 262
81 189
23 58
232 254
190 205
210 240
28 189
73 295
107 190
129 169
15 211
46 87
26 247
165 257
63 80
4 220
213 295
62 168
4 227
125 220
67 215
0 210
107 140
9 152
63 288
76 127
11 109
55 109
37 220
118 152
53 90
18 208
65 238
64 275
242 285
37 131
23 205
57 144
84 185
160 173
120 171
143 260
92 262
164 197
73 104
190 216
96 154
7 123
44 218
66 101
23 81
176 277
132 260
5 162
121 227
40 44
47 183
57 191
197 273
54 89
5 46
142 244
3 159
18 130
47 84
128 283
159 160
105 291
20 172
89 299
90 98
24 199
222 289
28 271
135 272
47 165
27 183
19 212
178 202
59 124
170 297
131 219
60 184
84 228
83 270
8 58
86 100
236 279
110 144
137 283
28 212
47 211
165 176
1 278
148 277
50 108
119 144
29 271
15 164
74 241
42 224
160 203
30 271
13 100
128 160
153 227
205 289
206 266
105 256
127 276
118 153
182 207
141 223
98 135
23 49
78 232
24 145
1 258
238 269
206 258
113 195
1 277
104 121
274 277
237 274
115 208
59 212
2 261
134 231
164 222
190 207
266 295
52 253
19 21
226 243
139 279
91 256
140 264
112 169
138 239
158 199
70 254
31 144
240 254
9 182
4 161
149 265
253 286
17 146
92 237
26 284
138 254
205 245
64 277
144 283
134 155
218 291
283 299
85 166
15 64
88 235
79 82
105 223
71 131
25 207
22 164
51 270
167 280
86 167
74 77
85 125
9 113
186 279
146 250
196 294
76 229
155 284
63 141
78 135
25 37
47 160
183 202
98 234
102 236
101 176
65 186
53 178
239 247
93 157
203 242
18 41
77 133
196 226
4 219
83 244
94 244
43 48
179 193
33 282
84 129
22 262
22 73
230 254
115 196
134 157
19 266
192 286
205 267
51 249
95 201
47 244
125 137
11 266
261 272
36 213
234 286
58 240
136 154
82 155
69 173
99 193
26 48
228 244
43 195
38 172
21 62
32 216
80 177
56 293
213 290
271 279
0 283
171 197
31 154
26 80
126 152
25 179
226 269
122 159
137 160
128 145
221 278
6 277
267 271
3 295
2 3
174 244
209 275
41 200
78 180
66 111
5 87
179 270
105 151
91 288
3 220
209 281
186 226
249 252
206 255
208 244
10 188
82 220
35 216
96 261
28 113
170 207
115 229
19 49
34 141
7 37
18 39
40 113
30 285
41 74
173 208
13 89
26 295
109 185
106 144
222 279
108 293
52 274
35 197
21 268
126 281
166 291
73 94
203 220
114 129
179 181
176 218
156 206
12 37
0 17
126 286
150 279
124 286
84 183
157 211
89 151
138 194
255 285
211 268
134 205
40 138
10 14
15 272
52 166
219 284
23 121
45 271
54 83
95 138
6 266
170 296
95 134
103 116
66 77
106 271
215 285
116 230
9 35
35 293
156 254
16 51
71 128
134 275
152 261
34 257
74 181
92 191
36 263
27 102
40 298
208 256
35 77
44 238
112 273
90 118
130 158
10 169
55 281
243 285
71 259
34 200
44 253
277 289
4 8
48 92
52 55
56 142
129 295
239 293
29 268
111 150
32 239
212 221
139 198
99 164
21 116
185 274
161 162
169 264
108 218
269 273
26 212
94 116
21 107
41 87
188 251
127 244
48 175
106 264
26 128
81 263
154 242
125 170
43 163
30 132
69 243
158 237
37 231
44 176
25 232
179 269
59 215
160 177
36 142
176 220
164 257
70 183
60 251
114 241
155 271
224 247
157 214
3 213
89 257
114 180
111 241
53 135
12 26
168 265
48 141
23 99
35 50
28 135
217 291
164 299
266 267
162 269
201 242
184 276
91 237
176 202
12 276
95 152
194 293
80 228
63 297
108 214
106 159
125 203
7 147
66 249
42 100
165 185
174 206
134 257
128 269
162 224
173 207
101 170
167 287
147 217
23 133
7 263
132 149
167 208
31 233
132 210
285 297
22 254
150 171
34 275
126 201
2 281
187 295
144 261
72 180
53 103
113 263
193 235
110 285
132 178
50 291
19 35
136 161
129 220
158 274
75 162
43 246
73 241
86 230
2 137
19 190
132 158
145 205
16 25
130 256
174 200
6 235
193 194
97 113
7 23
33 82
26 211
46 164
65 266
106 176
12 249
21 27
80 204
280 283
41 78
268 271
117 235
10 84
124 223
207 248
35 166
193 212
199 211
139 227
18 160
6 150
116 289
182 194
82 150
69 165
1 19
79 144
80 277
103 286
6 21
182 221
211 217
108 227
190 297
196 269
85 199
81 237
19 32
197 284
3 88
220 251
199 228
0 2
113 214
235 272
120 154
89 208
65 135
8 198
184 219
83 204
4 142
36 217
213 253
54 286
256 289
26 156
78 269
210 235
182 191
11 170
88 131
153 206
51 266
203 214
118 270
26 38
12 255
115 278
101 208
32 217
58 142
111 125
35 188
46 79
218 268
6 143
99 296
118 264
21 69
49 111
61 147
67 262
27 39
115 123
244 257
69 233
157 218
75 201
96 187
38 133
92 98
156 191
28 229
12 77
41 159
160 191
187 289
106 184
39 299
5 171
90 114
29 289
175 210
54 67
25 276
53 297
9 257
50 131
74 220
94 210
56 150
136 162
34 135
39 254
6 167
148 254
243 281
177 243
118 245
143 297
273 294
230 249
55 132
27 281
191 206
122 262
10 41
127 177
131 145
167 203
173 298
52 279
116 281
274 287
23 226
182 251
69 131
124 182
15 215
151 221
25 106
200 236
35 113
27 232
244 246
188 242
119 292
273 288
247 273
27 252
22 209
91 203
93 137
108 267
52 170
30 211
18 248
111 283
131 190
75 268
156 189
60 69
42 148
48 173
41 75
115 125
37 81
130 206
218 225
20 147
95 182
38 45
131 221
99 287
176 296
7 117
155 237
37 211
4 80
165 258
119 202
39 77
84 257
22 54
202 280
95 214
133 297
128 259
55 247
103 279
175 286
164 273
184 193
202 274
119 189
60 232
23 73
138 157
32 244
13 231
26 146
144 279
212 291
19 24
56 238
165 174
42 147
30 236
25 262
103 246
85 228
269 275
1 85
68 220
66 147
46 262
37 111
39 130
56 192
137 204
125 274
40 258
65 139
85 113
41 150
106 126
108 178
98 247
164 226
146 272
179 257
61 218
87 88
65 195
33 202
7 99
80 191
18 271
131 256
57 159
173 215
37 103
75 135
2 102
51 248
230 274
88 205
44 200
176 265
240 261
91 220
0 269
283 287
271 291
80 170
43 150
187 296
123 199
1 22
125 126
152 250
240 257
4 116
222 244
130 194
87 151
122 194
138 218
8 166
16 50
98 104
3 256
47 56
58 156
199 213
191 266
222 270
60 196
190 266
91 105
37 41
228 231
7 146
58 291
147 162
130 202
201 259
57 230
17 181
22 283
73 296
5 133
23 193
23 36
116 129
73 109
47 81
38 255
169 191
99 186
40 88
241 282
47 212
117 298
21 145
17 158
103 262
126 181
62 298
124 294
41 223
178 257
80 148
18 100
140 299
106 281
81 206
23 91
152 175
61 222
85 165
19 236
43 287
57 163
79 120
211 287
20 87
88 227
8 53
46 50
121 140
44 193
48 255
18 134
7 172
205 215
38 294
157 253
85 95
49 296
222 278
120 150
118 225
164 210
102 276
169 285
176 269
48 219
176 276
16 22
215 269
62 179
103 197
9 120
130 133
22 251
55 284
83 167
87 204
5 38
181 289
7 209
36 282
137 298
52 58
19 238
115 126
12 198
208 281
114 184
117 197
36 191
30 281
38 240
68 229
127 271
190 253
28 163
3 222
23 80
212 247
162 201
12 234
122 196
100 212
103 217
162 294
143 253
76 245
174 204
117 271
135 210
145 213
109 277
21 288
241 277
183 289
6 175
237 275
40 270
132 244
86 197
194 260
58 69
75 238
83 217
40 78
29 112
34 270
68 92
118 160
67 275
161 262
83 152
21 54
20 156
101 268
101 200
71 110
286 292
79 269
112 143
194 273
13 141
80 272
116 185
42 104
125 157
8 211
146 288
2 234
35 60
23 161
185 287
274 284
177 254
105 290
51 149
15 214
192 287
61 294
89 172
82 217
113 293
265 280
25 167
15 242
55 186
127 171
57 81
177 186
47 78
62 237
181 292
101 286
25 242
127 211
94 107
137 153
154 207
126 133
180 200
118 121
0 255
36 289
57 218
156 274
263 296
71 145
79 139
149 206
51 256
0 240
109 259
26 86
195 259
145 150
186 259
17 239
105 213
153 225
177 196
74 194
19 273
16 231
125 232
8 286
103 191
181 228
26 288
0 130
69 213
69 70
35 294
264 275
169 190
3 194
126 130
7 72
80 110
1 294
27 235
83 117
137 195
123 160
192 259
46 230
206 239
10 129
100 127
74 91
103 222
227 252
62 281
60 275
115 295
54 250
113 164
74 112
3 249
262 272
194 255
60 133
70 213
14 40
158 170
25 166
118 132
113 253
89 100
60 195
50 277
9 176
64 89
61 126
20 78
16 138
153 281
207 209
23 95
164 277
38 195
59 298
67 120
156 174
0 184
262 269
38 72
152 277
19 60
93 197
242 274
86 150
184 197
62 207
71 292
130 182
197 290
55 216
105 239
74 269
41 254
106 112
19 132
216 219
63 242
63 126
12 126
57 85
156 218
48 49
91 297
102 137
70 91
41 250
141 225
109 221
134 202
198 230
76 278
15 87
172 294
94 136
15 279
143 161
245 287
15 298
90 173
85 214
92 278
13 191
87 94
147 191
97 112
90 121
136 225
230 271
60 66
65 75
46 260
85 236
205 235
100 131
77 238
97 221
216 289
56 286
83 185
195 247
68 283
37 208
204 267
180 265
86 297
92 184
29 258
21 215
16 173
46 145
111 196
66 80
52 185
188 268
135 237
215 272
4 255
159 233
24 165
110 176
21 162
46 172
50 67
118 140
238 240
104 263
81 134
124 133
39 122
6 11
95 266
11 28
35 177
106 193
107 197
127 295
32 177
62 224
47 54
10 162
49 210
91 146
68 276
22 160
33 98
166 245
229 299
25 229
16 218
35 213
78 162
162 208
22 91
86 138
0 129
39 200
43 49
12 19
30 169
46 248
97 115
140 178
26 194
111 113
160 241
120 275
103 118
195 241
24 256
208 241
115 291
105 251
22 161
192 216
59 139
13 69
92 251
16 114
205 228
55 181
48 210
243 299
8 151
19 93
84 220
245 292
188 238
78 79
92 297
217 236
115 141
145 223
74 245
37 241
130 154
199 266
121 211
54 151
59 185
131 277
110 213
48 277
181 252
138 191
7 132
5 144
44 47
23 174
286 288
94 295
54 137
67 279
163 256
25 199
221 299
3 28
245 255
136 261
93 268
213 268
25 112
208 260
100 186
86 196
233 291
40 223
270 291
255 279
242 281
241 252
280 284
238 291
85 261
94 105
174 259
183 187
167 283
64 125
59 70
107 293
77 151
36 106
30 56
9 87
24 71
41 262
89 200
48 183
57 275
142 240
62 162
39 276
46 126
98 285
91 249
62 180
108 171
232 286
19 25
1 134
60 90
136 220
50 84
60 282
89 160
158 188
145 249
189 259
181 297
130 144
62 245
182 264
140 183
98 252
25 184
51 113
79 249
163 271
253 299
89 275
10 29
187 270
68 269
20 152
147 266
106 229
30 79
59 108
15 172
94 159
174 182
10 173
187 285
14 52
43 223
110 114
14 83
86 178
195 287
51 254
42 280
60 124
111 119
126 232
44 143
218 220
25 230
143 264
158 268
130 253
19 53
266 283
5 105
220 259
72 188
97 299
29 243
125 287
98 173
250 257
80 101
48 215
11 283
264 291
44 166
36 184
28 141
189 258
50 149
179 290
221 276
164 290
57 167
204 282
17 161
14 200
77 146
183 190
42 49
130 286
66 233
23 175
25 125
116 297
106 232
41 213
25 117
24 43
9 31
45 141
39 209
123 144
217 281
99 179
34 122
54 59
130 248
179 299
93 222
41 299
117 262
42 293
126 235
35 91
27 266
8 179
125 183
34 276
11 57
156 163
122 156
46 138
225 272
189 194
33 246
99 288
78 225
169 276
135 244
63 70
40 69
104 178
13 103
88 169
115 194
57 65
39 86
139 169
127 299
56 158
73 221
127 194
13 283
73 116
48 115
94 270
255 261
20 164
4 18
110 156
77 91
218 249
77 117
231 246
54 71
204 233
18 218
91 269
17 86
232 258
265 287
194 203
264 285
194 208
126 299
23 75
152 217
245 290
150 243
15 177
85 242
95 211
228 234
238 281
20 166
112 203
224 240
129 184
183 210
28 62
194 265
167 271
38 274
44 216
175 192
103 180
178 213
41 44
233 244
185 209
90 145
45 71
28 281
180 232
96 260
45 284
22 87
3 142
34 250
53 235
60 95
91 134
95 269
59 276
100 241
21 157
89 133
229 254
50 132
34 42
129 230
72 108
120 158
112 122
155 182
50 204
79 250
15 191
224 231
64 265
14 271
64 294
88 103
85 98
206 218
103 157
67 265
129 223
189 244
88 124
99 190
28 50
21 95
252 293
20 258
17 34
63 229
151 196
69 170
80 154
171 172
147 148
52 89
92 192
192 265
45 83
104 242
140 235
126 246
175 246
44 189
12 92
183 292
162 199
15 86
70 162
123 286
3 79
67 268
150 271
13 265
7 206
116 252
66 198
65 294
109 138
27 154
80 227
3 66
58 102
145 170
27 168
20 92
79 185
138 298
117 247
88 241
182 214
43 228
8 105
197 230
1 54
19 81
74 282
84 148
45 132
211 254
4 151
2 106
119 130
47 53
28 96
97 253
36 46
101 255
83 171
29 71
213 219
116 174
125 134
129 253
38 111
79 183
3 217
261 265
56 58
45 153
11 133
247 252
53 170
93 202
188 231
107 164
33 145
33 270
167 286
151 205
34 98
89 246
56 129
51 120
55 262
67 185
108 270
48 278
150 156
176 241
95 172
23 280
1 78
38 58
145 147
36 230
45 145
59 149
84 204
65 207
106 185
60 113
21 80
210 256
135 263
52 243
105 158
73 268
195 270
168 231
200 265
12 76
93 166
34 123
178 293
188 284
53 230
11 44
7 127
19 142
52 137
210 280
73 175
232 241
107 133
235 258
125 145
29 231
188 276
206 243
288 293
120 269
41 47
241 262
151 216
45 197
113 118
46 72
111 231
70 231
128 167
195 248
59 195
87 207
83 150
76 293
15 190
237 249
108 263
24 230
28 115
228 273
46 146
258 274
29 205
33 275
144 196
5 231
254 277
133 144
44 134
134 152
98 116
213 228
144 202
141 291
0 168
1 29
81 125
211 278
30 55
39 278
87 284
16 272
60 128
14 107
205 264
131 192
63 146
18 146
19 283
109 228
100 206
20 260
75 132
162 290
77 114
146 182
27 50
209 294
166 224
36 255
151 218
0 135
228 290
90 244
134 264
18 51
91 93
181 258
27 171
192 273
106 187
200 234
100 197
124 204
76 136
6 47
37 174
118 286
127 172
134 230
190 278
71 76
288 299
151 180
9 272
119 258
69 209
58 86
31 162
209 233
75 246
30 126
217 247
108 190
184 195
235 261
164 183
115 207
135 165
108 223
81 273
136 169
155 165
97 254
44 67
29 222
14 82
233 267
196 202
64 97
23 162
27 51
3 211
184 292
72 224
131 157
112 170
198 266
194 296
188 223
62 270
24 143
76 289
192 220
225 284
1 106
87 133
212 298
148 188
43 165
221 252
91 296
116 247
10 109
295 297
57 286
19 129
61 81
54 257
38 59
178 183
147 244
185 228
271 296
50 269
98 276
92 112
45 221
92 155
141 218
150 289
22 231
50 279
55 285
97 166
6 163
234 296
48 292
150 258
13 234
0 125
78 98
46 285
16 190
6 252
24 108
61 283
82 189
46 195
42 245
45 182
87 192
100 247
178 248
226 256
24 98
288 294
41 224
157 177
160 207
71 270
155 206
107 151
89 249
196 233
167 196
120 294
114 192
283 285
90 116
32 267
239 273
180 243
63 289
155 269
197 263
172 199
4 121
288 290
70 229
101 266
149 221
93 261
87 296
78 178
112 162
137 145
77 153
132 268
119 288
16 237
162 251
7 267
255 283
151 236
20 137
33 72
160 230
29 60
38 193
222 235
82 128
96 184
34 202
205 252
219 248
231 265
37 162
52 238
142 282
150 223
95 240
17 168
175 250
197 240
164 294
119 176
80 128
24 28
47 289
11 25
4 48
221 240
209 292
103 159
9 26
1 246
177 191
88 248
165 169
82 98
214 284
8 226
26 242
50 254
51 106
54 291
27 264
35 239
62 67
0 146
2 183
74 92
93 231
100 215
49 258
198 242
177 264
2 206
52 203
6 212
210 267
85 231
50 177
147 229
31 196
41 231
157 162
124 134
15 92
174 213
34 138
44 97
9 141
51 104
154 276
41 259
239 270
9 139
200 206
131 222
79 247
133 294
9 256
130 225
11 274
169 268
64 99
240 266
73 122
44 49
85 276
8 268
70 108
8 159
81 276
191 275
185 212
108 168
85 246
273 298
18 148
142 247
83 160
188 208
283 284
10 259
70 121
229 279
138 140
168 289
181 271
143 184
3 118
52 65
103 140
90 288
121 284
204 236
144 176
113 127
160 175
139 281
86 263
9 252
254 280
133 150
4 164
153 269
46 121
72 211
34 193
22 195
39 150
15 198
110 167
6 190
135 144
185 273
218 245
130 134
70 103
81 227
33 168
173 228
23 190
19 141
90 186
251 280
95 244
121 167
193 254
58 66
3 63
64 163
18 38
120 186
219 246
147 230
194 218
71 284
23 105
16 101
170 235
177 274
33 128
1 295
58 61
4 276
95 122
8 295
215 241
112 126
6 185
96 257
253 290
32 58
55 254
29 293
122 183
114 178
175 228
232 236
110 256
27 251
170 294
149 244
56 249
27 186
62 124
104 195
77 279
132 162
208 234
117 214
80 82
48 257
60 284
17 189
147 216
17 268
213 262
167 211
194 269
84 150
45 70
148 240
25 155
11 32
63 246
145 180
79 228
139 154
44 265
112 156
12 125
181 275
48 90
111 238
88 295
65 247
186 188
95 298
158 222
102 244
55 75
83 209
5 71
70 160
93 248
45 90
35 142
189 202
149 176
62 254
89 220
218 247
94 214
101 201
184 290
111 257
116 284
29 186
283 290
119 132
71 73
73 247
79 275
61 116
51 86
85 147
236 238
49 278
175 212
159 287
67 80
19 56
46 148
2 268
3 93
68 124
134 237
185 186
23 238
225 274
98 212
179 185
241 280
128 198
39 252
148 269
24 254
62 159
192 299
97 267
4 289
127 128
200 279
164 253
38 190
70 95
132 293
171 250
151 297
127 193
145 269
134 259
11 277
0 45
173 282
193 204
59 209
109 149
100 204
232 271
222 249
155 246
73 100
126 270
70 260
135 228
210 241
61 120
144 265
65 255
174 175
105 275
76 78
79 259
50 166
78 123
37 93
75 216
6 287
15 267
8 141
73 181
220 246
29 147
121 134
122 251
133 262
13 83
161 299
18 188
117 282
33 55
95 109
91 124
114 284
185 292
66 239
117 159
12 146
58 185
32 180
189 295
65 272
8 116
133 248
135 250
230 242
89 178
204 216
153 162
153 248
65 219
64 283
122 264
221 296
54 110
103 134
19 288
52 175
108 117
126 259
94 286
148 215
163 247
118 280
201 244
122 241
293 295
36 284
115 170
189 192
210 278
147 226
18 104
73 198
259 288
63 269
17 77
18 265
139 258
66 176
47 181
36 236
66 131
109 198
265 269
124 214
249 282
10 238
125 293
142 276
207 287
34 210
140 256
104 244
195 294
164 231
136 189
85 96
106 172
75 165
34 231
74 288
11 182
108 298
70 141
32 34
57 78
75 262
9 213
178 270
110 157
75 258
294 299
64 70
47 217
104 257
167 173
33 191
33 165
103 249
119 234
6 133
9 271
142 279
150 163
12 165
72 292
22 67
44 86
189 261
185 293
59 218
92 130
138 182
191 199
42 110
12 222
139 257
98 183
201 227
90 236
135 211
179 268
11 273
34 207
201 285
63 150
79 124
89 127
15 255
171 198
53 124
41 178
118 214
101 215
102 150
81 224
122 249
92 208
45 156
6 194
109 273
182 236
62 197
192 285
96 297
26 109
6 144
125 226
27 205
28 130
151 160
4 79
49 253
46 158
93 147
39 126
79 274
88 240
0 179
16 145
193 237
71 143
151 220
80 273
54 104
84 114
144 185
119 191
44 150
120 243
75 282
70 273
15 25
2 31
222 239
45 224
82 144
251 276
112 264
237 298
94 299
87 171
71 222
158 247
174 193
195 205
130 187
21 292
26 189
55 129
145 193
253 269
5 299
115 139
204 228
150 222
133 275
7 122
168 264
55 69
129 173
3 258
196 280
103 199
108 258
113 284
42 149
123 189
216 244
42 256
15 137
58 216
280 285
165 178
98 294
51 153
83 252
60 283
70 81
123 129
68 94
46 51
162 235
118 130
98 293
265 277
80 205
119 210
216 220
17 199
32 285
102 155
95 119
73 294
168 225
23 114
271 276
89 258
4 158
25 240
43 172
49 214
17 82
152 186
219 268
8 21
147 219
15 117
219 286
146 229
4 75
15 233
82 200
125 284
86 125
91 207
155 277
111 124
1 248
22 247
9 166
64 169
62 184
234 281
132 170
211 297
188 196
65 270
101 149
238 239
95 233
45 268
98 166
107 290
85 159
147 224
43 158
181 265
92 290
15 230
40 80
201 241
100 181
121 267
91 201
59 216
187 298
27 96
18 53
138 255
177 179
38 273
89 219
131 290
5 63
62 155
19 97
64 115
192 206
17 160
15 17
47 97
152 163
119 167
96 291
69 192
0 112
75 115
117 189
255 270
67 204
26 72
184 270
30 253
48 182
21 229
64 133
55 124
158 160
205 282
50 257
94 177
72 263
67 95
23 270
48 162
95 98
18 126
52 200
73 226
123 181
9 15
65 187
99 191
149 223
133 273
158 279
150 231
243 269
78 265
240 293
14 88
84 91
143 266
37 192
268 270
15 277
254 285
42 229
17 106
130 239
42 288
245 271
214 271
207 231
48 133
28 119
48 259
26 89
25 127
33 120
137 238
130 232
101 226
177 250
67 91
51 299
93 296
99 226
6 249
54 124
39 203
132 218
4 236
26 127
16 193
125 257
111 294
2 244
146 178
229 244
89 197
226 296
16 56
6 90
97 181
13 293
67 281
69 93
108 262
65 161
88 155
142 228
100 107
96 288
36 185
14 185
233 253
28 181
34 278
45 274
15 43
123 190
51 57
169 206
40 58
28 80
116 154
131 251
6 45
125 150
187 191
60 225
240 262
155 204
115 213
7 56
162 213
202 225
5 24
