250 500
65
106
54
20
20
29
58
76
116
116
89
80
103
75
90
52
79
96
59
73
110
88
37
79
107
106
57
41
58
99
90
55
85
24
55
38
86
45
94
82
41
116
94
76
23
64
108
83
41
100
88
83
68
58
95
107
44
84
28
34
63
51
69
80
107
56
98
73
81
25
35
54
73
62
110
76
58
50
91
31
30
112
47
30
50
22
117
26
86
78
40
81
109
41
41
48
77
72
102
90
77
69
24
82
111
66
90
102
96
62
113
59
54
40
69
36
42
119
42
108
77
114
69
118
35
43
46
44
47
80
66
104
30
70
118
73
68
88
107
44
82
101
35
68
21
85
84
44
84
58
84
93
52
86
91
119
61
117
95
88
78
41
24
40
43
22
45
91
42
33
68
105
66
83
53
67
100
70
43
116
108
60
89
93
26
60
44
119
110
20
87
20
93
43
40
69
45
117
40
67
82
40
104
28
56
90
28
36
40
51
33
80
91
54
105
49
95
30
100
85
82
119
85
55
42
57
104
119
106
77
67
21
49
103
29
85
73
89
102
45
21
67
106
44
101
91
26
28
53
106
203 233
147 213
96 206
2 4
35 128
81 235
28 231
177 201
84 193
48 126
32 131
102 154
109 131
146 206
112 133
65 71
70 219
131 175
18 135
146 177
14 22
79 106
42 108
126 159
52 59
105 186
9 190
38 49
243 244
47 105
220 230
23 199
40 154
160 226
5 141
158 163
20 238
121 164
30 198
0 41
89 146
30 39
7 77
0 181
81 174
154 208
51 231
194 205
181 237
104 230
13 186
58 245
103 117
51 223
116 147
154 237
12 193
119 121
122 152
46 224
182 233
52 137
15 109
81 104
40 185
79 84
50 181
5 137
48 212
57 196
63 78
35 192
6 64
158 230
38 129
72 244
131 181
143 189
145 212
35 249
114 229
152 160
104 157
61 66
66 109
129 145
87 144
2 237
3 218
41 160
97 154
130 215
137 154
23 201
49 59
130 201
25 205
129 143
112 204
31 196
63 193
59 160
0 132
61 136
73 218
167 177
80 245
47 217
149 173
51 169
222 232
7 33
176 177
141 239
37 232
147 172
185 230
58 214
119 185
5 100
130 193
24 125
71 125
92 126
113 244
29 78
63 85
114 188
29 91
6 176
30 66
73 148
67 132
104 112
103 213
109 148
93 133
23 70
57 218
153 196
81 226
19 84
22 141
133 232
51 241
158 219
84 124
117 191
81 216
46 69
7 44
70 239
93 141
50 59
61 108
143 203
139 186
14 77
147 161
59 64
70 241
33 115
2 154
56 120
84 102
41 230
110 111
72 103
57 131
5 118
60 91
27 113
127 200
104 213
16 127
28 118
86 163
85 240
166 243
102 212
105 198
58 82
69 154
13 126
18 138
81 244
78 210
130 211
65 87
66 94
122 183
36 121
121 137
111 155
115 175
7 63
31 192
100 223
88 198
188 226
72 208
20 138
32 231
19 222
113 148
38 184
75 87
55 224
19 48
163 232
91 194
77 78
33 153
84 177
5 93
22 51
144 180
42 212
61 227
184 228
26 75
14 215
69 150
41 198
23 190
214 237
115 144
0 64
94 150
84 243
99 209
131 147
189 205
35 94
102 130
115 230
129 205
105 195
50 236
156 241
10 222
227 228
116 144
16 227
164 238
112 190
9 123
71 180
17 50
152 215
80 148
103 132
61 179
61 112
69 165
175 205
35 41
9 152
179 232
20 26
146 240
19 210
101 133
51 151
119 151
49 155
51 139
4 113
68 167
77 233
134 236
11 129
163 169
139 200
17 145
143 220
32 109
14 210
66 166
67 111
118 185
218 236
7 222
28 242
80 160
14 171
35 210
187 201
184 236
58 70
179 180
7 139
10 102
47 176
144 220
34 79
218 235
6 210
116 166
41 232
103 190
18 229
4 54
15 124
164 195
5 53
44 140
2 114
40 146
50 116
36 186
5 195
139 215
108 219
11 122
211 242
117 240
98 108
12 241
53 146
45 120
190 234
48 86
54 163
136 249
159 168
52 236
22 151
94 125
33 56
117 126
173 215
17 234
139 227
15 97
37 58
184 187
61 246
51 137
23 76
97 152
34 57
83 185
29 79
60 214
29 85
111 192
28 244
74 230
20 245
57 171
155 207
152 244
18 233
197 203
108 207
44 142
14 229
78 195
8 240
12 196
20 204
14 57
85 139
105 190
112 236
14 142
69 110
44 190
93 99
201 239
56 135
71 93
23 114
118 122
14 130
136 170
79 187
2 22
193 218
205 229
157 243
78 97
205 243
18 48
92 109
101 148
194 244
71 108
70 190
83 186
3 172
72 109
74 83
153 233
17 212
174 210
3 57
12 152
123 162
85 244
13 245
60 79
40 168
210 232
168 225
133 228
240 242
64 163
78 169
40 184
129 210
39 200
64 65
189 191
38 227
24 92
33 205
4 53
236 245
14 220
154 249
51 144
66 93
61 171
97 235
115 212
6 225
78 197
16 55
142 235
0 120
4 97
26 195
40 241
39 68
132 142
55 237
54 74
118 152
41 61
47 132
36 210
154 245
82 118
46 118
55 144
81 122
89 215
121 208
12 213
105 129
116 246
164 190
122 232
77 106
131 216
126 169
37 120
61 167
7 116
163 231
104 197
68 197
62 160
182 191
117 178
57 129
100 183
43 55
184 222
65 162
81 188
44 161
105 220
78 227
221 241
60 168
109 197
9 88
19 20
201 238
50 110
85 117
12 210
141 246
155 235
25 62
106 236
58 186
14 63
34 137
107 197
54 57
64 142
14 178
117 167
166 227
2 34
40 47
