250 750
69
54
89
65
45
23
64
62
55
29
54
45
31
23
52
25
114
46
58
30
31
69
117
110
46
37
96
98
27
98
92
76
84
61
21
109
64
117
52
51
27
38
28
38
93
60
95
87
39
33
49
50
34
47
92
61
116
69
39
23
99
63
31
64
104
84
105
101
82
37
84
89
107
93
59
32
85
34
99
104
99
81
86
113
60
59
54
56
108
26
111
87
69
74
31
106
38
117
39
100
86
55
21
26
80
112
90
46
26
22
82
57
83
49
51
75
88
37
111
28
43
54
95
45
108
59
83
26
108
102
59
26
89
112
84
50
105
55
28
63
57
90
101
72
119
84
27
39
101
70
47
77
104
23
54
44
114
117
102
102
99
93
60
20
86
25
50
71
60
58
114
97
29
47
101
80
111
108
52
45
58
79
102
94
34
36
70
28
85
52
62
116
26
103
116
44
60
47
95
100
85
41
29
46
21
110
59
112
98
91
37
88
50
71
62
117
39
112
77
104
96
72
100
54
55
97
78
47
76
105
27
41
79
36
20
80
78
111
72
56
82
42
76
64
93
70
113
65
114
71
173 222
118 133
67 94
84 152
85 131
130 189
74 104
101 124
172 233
11 221
27 65
75 185
109 221
176 197
129 249
73 140
111 154
58 249
178 211
115 185
194 226
97 150
153 222
1 136
114 144
24 107
144 179
2 201
3 128
52 104
109 192
29 116
53 87
83 217
4 150
51 196
148 230
96 133
199 222
117 121
63 228
94 243
46 224
97 227
26 149
183 238
193 212
99 104
152 173
34 154
85 177
157 203
49 86
58 143
14 101
27 164
20 95
9 69
67 208
149 195
82 107
50 183
37 147
1 49
36 210
55 239
8 121
207 249
160 244
11 16
8 43
27 205
36 166
85 127
26 96
30 203
210 214
106 107
103 209
8 166
166 245
117 155
6 174
176 186
0 44
49 111
77 190
66 106
193 215
43 62
73 219
32 117
75 139
95 139
0 35
11 132
18 166
90 249
25 28
127 129
72 178
12 238
55 107
175 220
13 100
172 237
189 206
180 204
93 134
21 25
93 138
111 153
5 157
34 202
135 183
161 207
150 213
71 72
57 144
98 157
10 187
79 199
135 143
129 231
7 81
2 26
145 156
138 154
13 192
148 188
100 125
190 207
29 102
113 159
174 211
168 184
100 148
144 235
68 235
23 66
26 75
73 93
34 231
47 227
166 173
47 150
4 118
90 220
34 204
60 231
149 165
64 96
183 249
60 235
1 83
51 179
211 246
2 97
227 229
2 246
43 247
115 152
48 95
184 187
49 168
66 244
68 192
67 232
42 125
126 154
58 228
41 55
54 159
134 139
135 139
136 238
31 141
79 206
88 143
13 137
62 109
55 232
38 51
151 176
56 182
154 160
62 114
54 168
193 221
154 212
41 180
63 201
34 157
142 224
7 152
213 214
18 116
19 48
158 200
91 195
6 202
103 120
14 157
87 140
45 202
50 235
1 188
48 74
10 43
48 162
11 50
19 229
27 131
38 40
79 86
86 140
57 154
50 244
93 196
143 197
33 135
82 246
6 61
109 227
21 129
102 222
103 148
39 231
61 143
126 227
117 248
158 213
59 123
208 216
5 7
141 212
142 208
55 75
52 67
16 88
181 238
42 182
23 193
189 221
50 186
65 185
130 167
93 142
153 189
47 210
160 172
154 188
13 131
50 61
65 77
98 240
32 167
30 110
55 103
94 151
69 153
29 172
199 224
166 241
127 229
38 139
49 78
32 145
91 206
8 82
72 135
52 208
91 104
12 14
166 194
106 200
87 237
36 224
141 211
27 42
18 167
169 181
178 245
188 202
134 136
7 209
165 173
98 187
29 144
135 205
42 94
69 224
37 181
60 62
79 182
112 228
75 101
40 155
14 26
42 62
1 147
70 171
18 121
48 110
16 167
35 212
10 210
133 243
47 53
133 229
81 91
132 209
223 236
28 158
137 158
131 161
2 228
32 190
50 150
85 108
170 215
197 200
97 163
68 248
76 227
19 202
160 161
147 151
162 236
27 123
11 70
136 150
13 169
91 165
51 171
102 238
50 221
189 236
39 249
54 177
16 108
177 196
19 200
5 176
203 214
66 117
36 181
127 138
96 162
178 199
1 150
101 191
202 237
144 230
129 247
2 177
26 124
127 202
193 231
7 212
74 227
116 182
70 107
204 243
24 232
153 235
25 106
115 176
9 58
9 39
108 113
134 216
196 237
188 219
139 195
181 219
121 215
85 229
36 180
120 183
188 204
82 207
44 236
49 204
58 245
103 243
171 209
11 237
7 27
230 249
13 222
196 218
53 229
117 175
85 210
40 237
0 47
146 224
23 33
28 100
93 183
131 206
154 220
14 217
49 99
13 71
165 231
119 144
44 136
113 221
100 106
106 113
189 249
32 104
204 212
60 247
43 149
156 204
23 115
22 214
35 73
138 238
7 118
106 234
52 97
10 77
43 49
49 219
73 232
47 81
130 244
29 44
37 100
37 153
59 124
94 107
37 64
115 123
19 170
100 220
29 121
100 143
170 227
104 174
54 126
98 171
185 237
21 223
140 247
32 212
46 229
69 185
36 43
58 66
55 130
166 187
2 161
24 37
63 138
117 128
78 117
38 155
66 161
58 230
11 114
20 57
93 192
95 239
5 228
73 136
221 240
86 110
14 76
174 245
143 193
83 175
48 241
130 245
50 108
172 245
17 190
112 114
31 93
118 188
106 127
113 200
96 199
60 212
26 86
59 219
230 235
53 130
150 226
11 128
6 110
51 127
165 196
228 240
8 210
18 237
66 132
162 187
81 100
107 226
36 186
166 179
21 84
47 247
86 160
126 196
166 177
73 214
165 194
44 203
63 125
190 191
195 230
128 205
80 182
17 218
91 183
82 203
39 88
66 242
10 87
12 95
40 76
121 178
95 155
137 184
199 231
117 154
109 197
188 197
8 214
66 249
19 99
40 81
160 175
99 208
37 156
112 113
142 196
143 234
20 47
30 246
3 213
43 95
12 161
52 79
3 160
93 200
145 213
18 104
55 62
10 174
58 169
5 66
201 216
83 128
212 231
67 231
179 194
59 111
15 90
1 138
18 190
94 164
153 215
68 120
20 130
41 242
40 161
93 149
27 127
176 191
8 158
9 55
87 222
114 177
104 237
5 178
44 125
21 50
90 141
118 212
21 212
106 163
5 225
6 204
134 183
142 146
7 91
30 197
61 229
207 216
17 238
62 73
95 215
55 214
184 236
110 119
225 248
23 224
30 82
30 216
65 176
109 156
158 183
14 186
220 245
89 230
156 233
151 198
1 217
89 105
3 225
2 199
75 200
33 78
108 207
22 101
137 210
30 70
68 119
187 191
19 63
30 149
34 175
28 97
107 118
30 169
82 109
39 96
155 217
69 147
136 177
59 131
102 207
127 246
43 191
15 176
90 191
39 62
71 165
189 196
22 78
211 233
13 57
124 230
124 213
151 242
10 135
52 69
179 237
65 133
81 222
59 164
121 124
47 204
2 138
13 237
50 81
94 246
121 209
24 176
97 180
17 107
65 171
154 177
202 242
27 37
175 198
151 191
69 247
60 199
0 38
73 81
88 171
27 149
42 203
174 241
43 133
50 99
26 214
18 205
120 242
45 148
43 89
49 214
86 248
24 188
97 138
19 226
19 148
126 163
102 152
87 155
4 195
11 138
132 195
29 104
39 177
2 82
52 118
71 152
41 143
14 21
40 119
15 97
55 117
62 249
56 194
168 194
50 205
87 241
31 155
116 157
113 234
12 61
40 214
35 84
107 207
152 226
99 167
74 154
90 217
120 135
137 177
38 128
45 116
11 232
54 227
68 116
109 239
175 182
39 144
46 132
117 231
65 191
201 238
57 117
42 89
31 44
16 82
11 235
125 229
34 69
102 138
2 91
