300 3000
77
99
54
78
65
58
67
62
89
92
56
38
106
119
64
83
36
39
110
84
42
117
103
49
39
20
25
48
74
77
55
83
56
41
93
102
79
40
44
48
112
32
67
98
31
63
62
100
34
104
116
56
101
99
37
73
51
42
101
57
99
89
20
88
110
45
70
22
66
46
50
110
58
49
41
22
44
83
102
58
119
50
46
100
81
63
105
112
85
87
50
117
56
102
85
98
28
87
100
26
65
83
116
103
64
37
57
89
52
39
79
51
21
106
84
82
49
69
75
67
88
57
116
76
39
33
55
99
52
87
57
97
102
54
80
47
23
70
68
108
89
27
39
43
65
55
105
47
57
60
46
25
49
42
82
21
107
69
100
39
36
38
116
119
24
28
98
79
78
46
67
100
105
39
23
103
26
60
30
63
53
56
21
82
30
83
83
117
84
116
88
52
86
36
51
42
44
81
101
55
107
101
35
45
72
90
28
78
30
90
22
63
78
23
78
40
38
41
89
102
37
57
34
55
73
118
77
49
79
111
84
119
92
51
44
44
73
104
102
36
26
56
79
36
111
89
56
29
111
25
63
80
114
78
116
67
28
25
96
87
116
113
38
40
44
114
64
50
50
99
66
56
87
77
72
79
47
60
88
38
65
32
50
59
42
98
58
102
104
35
21
52
80
40
73
56
34
69
86
65
67 295
28 45
220 236
98 161
57 76
44 205
265 286
67 237
90 194
117 176
39 237
58 122
16 39
212 290
183 218
2 3
100 213
83 149
72 244
148 248
1 205
39 244
170 181
12 106
76 223
167 189
63 160
226 228
102 268
193 285
186 196
39 99
48 122
1 120
1 118
20 119
17 258
129 159
17 198
26 141
30 293
205 246
145 224
134 247
27 192
131 284
76 275
23 282
198 283
17 195
36 267
188 295
99 284
176 235
17 169
13 162
100 259
67 245
183 253
128 245
32 229
7 259
5 241
82 256
25 277
65 245
60 213
65 281
216 236
6 234
148 230
106 241
103 267
177 221
5 100
30 253
13 16
9 87
95 286
120 125
52 122
86 164
103 203
72 101
107 189
37 54
265 295
4 120
224 277
221 229
3 283
245 296
142 255
143 290
20 293
97 162
0 142
262 298
63 203
70 92
176 222
129 239
186 223
111 148
32 215
77 198
75 87
246 282
82 142
127 272
134 162
57 225
135 187
55 90
2 177
183 224
64 105
28 215
2 26
176 218
111 254
168 198
81 167
215 232
9 204
42 223
91 267
278 280
87 206
68 208
16 251
121 184
68 99
122 150
26 178
40 289
32 261
165 239
128 172
80 137
123 128
112 219
93 142
49 197
180 266
9 249
194 269
70 89
45 220
212 223
4 247
31 264
256 265
145 197
180 277
8 34
147 152
47 280
229 240
148 172
157 247
173 269
103 244
58 149
22 164
124 163
79 141
96 247
97 144
242 277
173 276
37 78
69 175
125 167
273 299
92 246
182 265
267 286
78 209
126 135
11 100
41 231
152 288
28 249
22 132
58 278
50 68
136 226
13 137
93 188
38 237
135 220
154 203
112 206
41 232
33 290
32 53
257 264
20 44
205 259
66 237
117 263
5 151
43 195
164 188
83 202
126 270
29 174
81 125
57 193
174 184
142 279
159 268
40 237
196 203
245 270
185 260
87 191
130 163
79 138
70 221
196 281
156 244
69 225
171 289
163 178
21 107
75 143
80 180
83 115
28 113
53 213
73 192
156 237
74 294
68 145
41 212
19 258
33 299
190 211
162 297
57 284
124 164
137 239
217 248
52 53
131 178
246 287
20 167
34 235
2 165
37 259
47 266
51 278
46 168
261 262
217 247
18 41
163 208
32 163
125 137
217 256
15 215
234 296
82 287
169 205
136 259
102 216
58 194
105 205
114 167
83 118
136 166
30 124
96 208
222 245
45 214
60 230
129 278
169 294
60 216
126 196
42 227
50 285
236 255
102 142
123 260
41 185
61 149
123 245
69 269
15 167
150 283
127 165
122 128
86 189
90 212
17 85
136 254
54 242
91 197
44 266
157 281
58 60
42 183
4 11
4 223
40 78
73 206
202 205
80 291
91 222
203 228
209 239
116 293
151 260
242 247
100 278
38 280
22 158
214 274
85 278
138 216
18 211
122 275
165 254
8 266
176 221
115 237
105 182
33 160
65 103
32 44
12 255
134 165
86 108
80 224
139 218
140 209
14 181
47 185
203 268
55 144
177 292
11 59
150 171
145 215
26 177
11 281
146 242
80 199
254 279
4 93
196 249
55 130
210 240
178 229
195 285
72 74
29 85
132 179
257 277
35 95
106 154
69 148
4 268
229 259
285 299
0 104
159 182
130 144
112 151
47 75
97 149
119 126
235 251
58 244
205 280
187 279
48 63
35 68
16 68
27 67
2 183
119 236
2 95
132 246
114 207
45 211
57 165
89 292
147 168
149 236
52 215
36 168
16 123
136 236
15 140
194 256
75 198
45 182
14 77
191 292
37 222
102 279
244 254
23 175
91 259
76 196
164 226
64 294
52 287
131 179
67 87
17 125
7 162
63 292
74 107
183 296
38 196
27 203
50 282
78 125
61 206
73 287
70 189
57 282
165 241
60 289
4 114
130 166
174 193
210 248
52 94
0 244
23 184
166 203
33 73
134 291
117 239
61 173
6 207
171 248
72 160
8 76
26 138
200 295
83 205
148 187
51 144
235 240
143 167
153 292
197 229
178 220
14 52
20 282
84 268
29 65
91 212
219 259
55 292
165 192
268 294
37 234
130 256
109 249
6 59
31 127
20 231
41 65
243 270
61 79
87 142
231 291
114 251
221 275
167 168
188 215
150 256
144 213
32 254
143 214
12 93
33 174
25 292
20 126
14 239
99 102
90 134
33 248
8 93
221 261
136 227
150 184
38 46
70 97
0 63
13 213
140 156
98 233
132 276
146 253
0 101
85 195
49 288
145 270
2 73
159 204
9 197
158 250
20 251
221 233
16 77
114 125
11 257
142 264
57 156
69 208
159 264
46 260
191 252
254 283
16 194
77 210
91 161
163 235
156 164
97 180
222 286
46 297
188 232
13 140
82 297
100 208
46 146
51 221
90 204
57 106
98 268
236 241
129 171
45 105
28 254
14 225
23 228
63 212
76 263
52 260
153 211
9 221
51 142
60 141
46 170
0 196
190 236
71 189
46 107
116 187
0 93
253 281
16 116
79 193
145 298
56 91
12 203
65 254
178 206
4 148
100 148
200 290
84 90
61 243
136 229
131 189
22 136
170 190
115 205
21 50
112 165
68 158
177 275
75 83
205 223
5 88
40 71
47 207
108 182
71 150
33 89
12 111
170 234
53 75
49 74
177 267
87 239
35 116
62 110
251 268
85 91
156 273
21 184
115 118
181 266
23 189
51 253
186 273
187 240
100 289
14 277
253 256
64 291
121 179
125 154
147 291
172 268
152 200
15 245
23 179
212 281
85 202
88 218
58 105
28 159
43 94
50 188
253 296
94 170
0 132
31 295
263 291
191 203
168 201
191 259
80 240
155 282
73 77
70 136
151 231
25 295
183 194
128 242
188 274
72 164
159 274
17 103
59 175
95 261
220 260
38 92
212 245
74 290
19 196
2 178
47 173
27 293
108 207
288 297
152 181
69 207
64 225
277 291
36 290
48 86
176 210
140 174
121 214
192 216
94 162
194 262
19 274
128 255
181 295
115 177
200 298
22 264
275 299
7 11
145 289
59 251
21 251
142 178
146 217
35 80
281 293
12 42
49 255
189 192
97 121
4 297
26 120
13 95
20 78
107 119
165 218
123 186
53 170
80 87
167 199
192 219
13 149
156 257
63 201
45 160
23 49
143 157
128 222
206 290
149 242
77 107
68 200
290 293
73 253
129 205
49 241
142 149
106 114
177 298
44 60
83 89
273 278
220 268
162 231
9 118
21 238
66 261
228 267
109 192
133 172
21 210
25 27
25 180
254 292
44 121
75 267
53 94
15 292
73 224
191 229
233 251
129 246
17 109
209 213
85 271
94 181
159 173
91 206
161 251
72 83
158 257
51 91
84 263
88 118
48 60
45 280
51 161
120 291
23 205
82 294
42 176
175 201
102 134
53 292
4 177
269 285
0 55
105 174
89 165
121 274
25 262
34 253
57 197
210 279
103 253
31 208
10 154
165 199
63 264
240 274
12 268
75 261
12 118
153 249
275 283
245 274
9 52
250 251
118 161
229 274
114 189
5 21
199 222
14 220
186 246
7 206
10 20
23 281
139 283
122 228
203 258
11 120
123 264
13 82
284 294
56 151
113 184
135 224
87 196
202 273
142 209
179 205
213 229
68 228
196 208
154 243
111 115
75 217
238 282
210 274
18 277
177 213
101 132
100 271
2 49
192 245
176 263
97 193
77 89
13 285
8 285
149 192
123 161
113 276
144 186
140 173
69 257
86 141
112 272
57 241
204 216
65 286
127 149
142 163
165 180
57 171
47 81
57 218
114 212
52 296
253 287
125 174
94 97
12 206
69 253
16 286
2 209
51 59
181 246
46 222
145 178
103 259
74 244
68 157
64 240
228 261
69 135
53 163
117 284
106 122
122 138
32 144
192 195
73 91
65 193
120 123
262 275
134 207
101 203
42 116
19 129
22 89
75 265
1 4
126 245
67 107
151 208
199 294
34 144
59 206
22 268
154 233
87 281
57 97
129 226
203 218
30 243
274 297
101 275
95 104
108 169
130 246
59 241
164 203
126 223
55 78
107 142
187 256
16 23
183 226
178 286
257 261
175 284
32 114
79 283
78 140
113 199
29 71
123 154
78 151
207 250
57 208
95 101
14 125
112 249
98 103
60 127
55 111
97 225
87 176
209 279
6 74
77 230
84 104
201 255
151 214
162 174
260 264
26 270
134 141
27 244
207 284
57 96
154 262
21 101
30 282
80 89
57 62
161 166
67 198
116 165
31 270
39 283
9 47
9 188
89 195
180 184
241 296
258 276
49 95
111 178
32 191
89 267
5 133
2 203
170 253
68 275
108 253
0 258
20 169
117 240
161 177
157 297
25 118
115 266
74 226
144 158
163 169
226 299
1 48
53 129
224 250
29 177
39 110
31 230
111 222
148 272
99 197
129 270
222 296
49 236
80 274
195 207
207 295
43 121
3 260
97 184
178 253
63 114
96 269
81 146
18 295
105 170
244 287
140 167
35 76
10 268
208 227
203 205
79 186
147 298
82 147
35 83
25 249
47 150
45 296
64 180
285 291
234 236
24 126
60 155
175 202
70 110
27 102
63 106
188 240
75 211
223 288
25 73
35 70
70 215
113 186
172 253
101 277
8 298
37 200
159 235
38 62
127 187
45 131
71 243
206 234
146 209
223 246
282 283
105 294
232 249
254 270
105 124
103 284
21 132
56 68
170 233
158 172
41 298
217 293
10 199
61 197
96 234
231 280
181 253
212 275
17 187
99 171
173 284
245 281
104 178
14 151
50 201
55 267
219 246
145 171
229 232
43 215
33 195
60 95
160 177
18 102
196 263
52 135
141 287
66 243
173 240
187 263
92 134
73 84
118 179
198 289
184 206
113 283
44 95
260 274
31 255
128 203
264 294
188 255
3 73
131 243
94 246
90 130
267 280
98 164
146 205
48 52
31 141
218 238
127 230
134 212
40 261
8 90
4 45
59 196
27 171
3 117
174 185
154 208
124 152
5 51
53 81
103 222
73 137
16 160
4 72
17 202
165 292
25 221
90 273
261 281
53 284
130 227
90 221
74 133
138 214
177 295
244 280
81 270
106 130
255 299
120 179
257 292
93 134
74 230
95 283
110 225
84 262
68 148
210 282
38 87
0 67
63 225
182 212
87 137
19 212
9 256
103 276
90 258
229 237
92 294
8 162
176 230
86 156
247 265
229 292
45 99
33 218
5 257
169 171
76 232
52 177
87 267
63 69
57 204
119 161
37 117
26 101
118 175
100 273
202 217
16 92
62 247
50 205
120 273
4 257
1 45
23 64
114 280
27 173
151 290
116 252
16 291
123 289
40 91
235 244
109 191
50 211
148 170
27 236
118 193
83 119
106 290
156 235
138 160
183 289
151 299
219 294
42 117
133 209
205 209
70 121
148 171
33 297
93 269
159 215
83 257
17 70
114 156
49 231
134 145
49 139
53 91
8 14
270 277
98 219
68 92
21 126
114 117
147 245
77 114
104 212
72 121
35 238
29 266
175 287
88 100
66 205
127 180
209 220
149 191
59 293
11 80
119 180
19 246
75 125
185 281
9 40
75 103
184 247
93 287
111 245
75 230
7 150
109 122
216 258
14 275
77 251
55 123
53 258
83 194
79 129
65 169
89 220
88 296
89 104
75 268
34 151
198 236
7 158
59 127
202 210
143 160
15 37
144 296
61 169
10 65
33 113
98 189
174 254
157 288
55 77
277 287
62 88
114 131
213 269
100 167
231 295
80 246
76 85
143 254
189 260
16 222
114 126
80 111
269 288
117 121
76 98
105 191
238 271
22 151
174 292
70 223
150 170
7 222
117 278
13 167
29 129
141 255
143 253
36 184
157 274
1 50
241 245
16 130
122 148
190 218
60 98
20 121
99 119
132 137
18 19
160 161
57 274
10 165
191 241
226 242
153 235
35 171
19 251
157 194
255 289
6 110
27 126
216 262
10 33
224 235
209 245
111 281
271 274
2 190
20 296
116 173
284 287
208 287
58 118
47 233
73 240
153 210
66 172
69 76
0 202
33 213
65 184
7 120
28 74
168 242
152 253
214 229
192 287
32 125
87 157
65 297
10 183
80 221
12 178
64 84
50 80
98 146
157 286
61 266
134 237
3 243
39 285
157 283
24 241
111 160
98 226
109 160
81 161
225 241
77 259
40 290
127 140
114 238
204 297
227 287
90 282
181 230
19 139
44 164
25 80
207 230
3 68
39 164
32 149
90 161
110 132
201 289
139 272
21 155
82 95
8 237
117 290
119 188
181 283
232 261
60 192
63 192
12 283
213 280
68 122
74 178
254 275
219 226
75 166
13 299
60 209
78 251
102 122
267 284
157 251
218 245
143 189
207 281
225 261
121 293
83 195
89 223
142 223
67 89
67 269
155 179
127 158
229 257
276 280
189 213
211 228
71 107
89 152
77 279
102 152
122 238
45 47
27 270
95 188
112 209
214 267
88 93
98 177
22 209
74 288
2 98
206 251
126 155
47 157
149 233
9 55
108 139
153 167
79 93
14 191
2 280
143 210
73 139
147 241
48 67
187 198
0 156
46 203
105 270
86 244
78 239
157 163
84 177
87 100
10 157
230 282
201 223
130 249
17 290
164 200
56 208
164 254
73 260
117 285
43 71
61 122
63 277
31 147
132 206
116 286
194 216
96 98
139 228
97 182
297 298
46 206
54 211
66 160
36 145
132 183
268 296
83 254
37 273
180 283
169 269
116 296
146 238
129 212
61 75
11 125
110 111
31 217
73 243
109 283
140 218
160 241
247 266
244 292
279 285
172 206
220 248
22 186
118 286
16 245
79 100
70 211
101 189
128 262
96 163
124 236
65 81
97 99
65 93
91 102
72 263
8 72
83 235
54 259
27 121
48 132
12 275
10 72
134 175
8 60
157 252
17 108
2 199
126 171
179 215
150 199
14 210
136 256
95 109
182 294
157 195
6 206
182 281
42 92
96 190
50 251
36 250
80 165
31 268
67 282
76 241
170 178
136 280
18 26
26 221
32 227
179 209
24 266
209 251
120 202
259 286
208 209
22 41
42 126
72 194
14 25
247 270
106 244
270 279
5 176
38 175
12 56
199 263
20 265
218 225
58 126
132 186
175 292
207 252
6 177
199 250
35 179
211 273
236 269
14 26
79 144
44 83
42 48
12 116
25 226
139 212
58 225
102 233
132 185
61 108
111 137
59 136
4 105
31 125
1 204
97 166
266 299
11 265
202 204
13 250
181 235
13 115
121 276
126 258
139 274
26 275
82 85
132 262
165 185
31 219
270 283
0 298
281 290
192 236
194 246
127 249
116 129
2 192
12 231
38 96
181 258
142 173
38 195
28 114
63 70
84 120
63 118
106 108
107 201
83 287
223 231
68 85
1 98
51 97
62 188
30 61
204 225
152 284
92 222
47 228
94 163
46 256
170 204
116 124
11 155
207 235
86 292
55 139
106 142
83 236
18 168
125 144
243 296
87 109
157 270
16 64
72 114
72 242
19 188
30 66
25 95
17 181
18 72
72 212
8 231
151 295
78 192
74 276
138 240
161 211
27 119
44 152
61 63
40 180
93 136
111 205
69 275
142 235
166 188
202 235
18 281
46 127
55 68
184 268
31 231
110 198
50 242
112 262
5 55
44 150
243 249
13 64
225 249
165 206
161 167
100 185
194 280
249 284
100 168
183 269
150 293
8 109
14 166
58 63
58 69
60 82
122 285
29 83
150 251
2 242
136 188
172 282
134 137
93 106
17 193
11 26
95 135
19 110
54 134
123 220
192 280
14 257
17 41
95 219
37 44
222 232
173 256
91 250
143 195
171 290
82 242
136 152
73 76
11 20
105 269
87 123
62 182
42 106
264 272
38 145
247 273
116 208
77 197
92 224
24 148
106 135
90 287
219 243
6 60
166 291
78 275
89 289
13 83
100 286
73 130
90 233
183 189
165 167
27 191
50 156
45 150
127 262
51 170
79 128
169 249
168 262
5 64
105 247
102 129
35 178
119 220
284 298
50 83
133 160
10 258
137 178
273 281
7 153
75 281
80 270
97 269
185 199
115 151
71 234
205 234
262 270
45 203
72 115
30 230
160 178
203 219
142 227
56 254
183 235
235 258
15 32
252 279
130 283
67 218
53 253
175 216
76 130
13 148
244 297
175 231
104 150
78 298
129 187
117 253
122 240
75 138
25 106
210 237
190 278
205 263
91 106
87 120
85 240
116 223
260 272
255 271
30 276
72 152
199 216
42 241
32 95
58 185
238 291
25 150
31 110
65 123
4 190
266 275
197 296
251 269
148 167
168 243
161 226
76 215
168 171
237 281
97 183
12 263
77 125
44 194
0 48
137 266
34 75
26 262
4 163
224 245
106 158
202 234
73 123
73 157
190 228
10 77
25 126
90 203
186 203
150 203
286 287
61 170
77 139
84 99
54 257
256 295
120 191
8 193
43 256
85 169
33 227
113 274
140 151
13 62
35 264
103 298
98 112
218 240
55 235
175 299
55 254
1 99
142 262
9 48
42 63
27 188
141 279
171 214
44 228
9 233
15 231
112 179
81 104
98 137
39 273
147 188
200 242
182 209
290 297
69 251
185 282
152 262
80 138
16 147
70 180
26 151
124 285
40 76
97 228
77 223
175 268
19 202
9 84
88 199
130 137
93 122
41 276
100 173
166 168
20 288
46 48
33 192
171 232
20 162
85 213
97 233
116 261
97 135
86 177
60 275
16 101
88 253
189 254
121 209
169 243
135 256
179 255
119 169
84 199
254 297
17 267
152 165
43 117
54 291
51 266
166 204
6 283
157 172
13 278
134 256
90 199
143 206
14 21
75 272
82 99
21 116
101 187
21 270
12 230
25 33
13 289
146 250
238 263
72 176
127 271
166 214
86 235
213 232
31 207
281 295
149 200
168 221
119 150
196 285
15 183
140 172
81 142
19 70
157 246
91 180
57 125
46 211
278 292
125 251
62 172
232 262
21 152
193 235
2 272
89 237
39 281
120 161
32 139
229 282
107 212
10 91
18 83
143 289
51 87
16 71
65 89
52 224
278 282
24 124
63 216
105 129
184 281
75 113
65 94
30 110
40 201
37 220
63 81
176 184
131 299
249 273
1 223
254 255
77 79
141 222
51 237
77 218
164 204
35 259
65 66
20 160
80 158
109 239
79 124
36 125
12 52
8 179
256 266
139 188
76 149
239 278
46 156
82 235
53 115
27 199
57 73
108 234
56 297
173 271
8 187
50 240
20 229
0 286
139 238
139 226
165 268
14 170
73 105
148 188
48 158
216 284
76 157
206 218
184 190
71 79
182 198
11 270
63 163
101 256
182 255
223 293
99 163
173 237
20 138
113 230
81 186
95 214
157 185
2 93
75 133
25 165
15 228
179 295
3 292
32 247
77 237
88 222
159 292
12 13
49 127
243 287
209 260
85 94
211 221
128 270
286 298
45 57
101 217
37 100
22 79
71 126
191 233
136 283
18 131
40 53
149 187
112 190
211 293
102 199
168 256
57 203
3 221
0 146
24 25
10 124
12 216
286 293
143 264
235 265
69 166
122 260
31 35
24 173
124 246
126 254
81 292
63 213
84 210
161 266
142 234
154 217
137 297
154 181
2 232
73 107
104 262
187 194
180 192
6 11
55 198
139 262
223 269
172 287
136 158
59 129
61 283
198 276
32 209
16 104
177 212
175 226
33 69
166 213
177 261
160 271
110 233
85 98
241 273
70 256
17 33
61 105
137 267
23 72
205 287
1 81
35 213
131 150
164 248
61 220
46 76
82 250
0 168
48 293
56 141
63 226
74 220
41 288
11 109
14 165
167 298
95 263
202 246
147 202
162 208
174 238
254 257
240 254
40 177
18 247
62 96
170 245
282 285
48 181
98 157
48 253
2 61
208 251
165 205
131 168
122 155
88 95
128 265
127 135
36 231
33 189
154 223
18 170
66 118
51 276
152 216
229 277
154 232
111 238
97 158
243 252
83 281
99 161
101 286
137 289
178 217
123 222
154 292
45 272
97 110
26 248
1 229
55 207
45 213
10 19
14 204
14 237
149 165
98 250
87 151
121 139
18 113
172 244
42 105
196 215
145 191
192 241
49 126
40 99
50 102
117 236
86 287
34 86
88 186
173 280
7 191
3 93
115 199
45 64
166 236
160 209
87 180
55 127
202 230
106 191
93 99
133 277
117 179
19 105
78 97
48 243
82 216
179 194
60 280
168 241
48 272
28 181
80 156
35 237
95 138
226 237
120 122
222 225
24 273
158 217
111 241
38 221
223 258
162 196
6 191
129 139
99 118
174 237
152 213
102 226
100 107
231 274
19 205
174 224
166 177
37 267
87 261
2 225
209 284
38 193
123 292
49 209
122 281
207 253
60 276
7 250
43 54
1 201
73 126
2 175
44 265
183 270
226 247
185 187
130 231
106 225
122 134
103 155
9 108
62 285
70 220
16 288
124 189
17 249
67 244
3 163
25 209
47 187
273 284
74 204
52 115
63 289
93 299
79 155
51 285
67 153
136 214
34 102
133 158
94 197
156 282
108 281
96 113
176 212
85 203
146 230
202 277
138 239
29 115
96 264
21 231
175 285
118 265
33 162
212 217
159 246
55 238
19 288
125 166
65 222
56 177
42 246
71 116
81 113
134 220
12 205
10 29
43 75
191 287
12 102
138 286
93 294
34 76
112 295
87 160
60 268
102 264
132 214
27 226
146 213
162 277
103 224
6 230
250 267
217 280
104 203
118 151
48 246
161 185
45 241
0 1
13 264
156 279
82 96
7 62
221 280
91 135
145 150
65 164
34 152
144 256
14 290
38 107
13 45
251 254
142 251
8 208
216 267
194 298
30 178
21 115
12 165
223 282
75 177
16 73
6 84
140 243
45 153
288 296
131 159
219 248
39 267
135 226
83 185
13 173
40 215
35 132
114 282
86 131
55 170
189 195
113 234
48 154
208 283
283 285
76 179
15 250
2 34
200 227
47 168
20 82
0 73
93 167
107 179
50 162
49 239
110 214
158 226
68 261
105 118
244 298
181 194
265 280
28 163
183 185
162 238
7 8
105 115
186 207
30 287
140 146
124 254
74 298
81 180
61 219
276 284
8 297
1 161
36 187
96 251
105 125
230 258
197 272
2 189
35 236
142 242
193 212
17 49
114 197
33 131
107 258
69 256
70 167
169 204
257 265
122 217
95 116
5 166
97 155
93 292
5 97
114 185
54 299
63 185
22 32
44 153
30 264
199 223
220 233
127 216
39 67
96 184
186 263
189 283
34 118
215 275
39 212
82 146
145 211
83 295
180 219
148 249
124 144
64 200
57 117
124 243
39 208
60 94
2 129
36 172
105 140
69 128
26 222
33 119
28 109
39 41
229 288
53 185
1 241
58 162
38 244
18 284
99 112
38 153
211 241
51 69
25 168
95 201
144 257
235 281
210 298
236 276
15 217
27 234
45 268
119 270
8 157
150 272
161 271
74 249
169 283
78 99
70 296
35 103
86 283
14 259
22 81
11 176
11 255
245 279
0 215
98 209
122 276
112 299
35 61
18 74
225 282
52 97
184 273
155 257
221 270
216 292
55 145
56 66
1 100
97 153
247 269
114 297
69 226
156 296
39 122
21 175
24 100
73 125
208 281
82 231
51 254
9 275
31 196
48 127
33 276
54 201
96 103
99 294
86 253
128 274
107 126
152 233
112 251
34 266
43 220
71 85
33 282
102 161
81 187
35 138
113 241
44 103
149 210
163 196
222 235
43 95
48 247
28 299
111 294
85 207
170 266
0 278
80 203
37 162
0 268
72 261
165 227
58 127
6 76
42 64
85 228
84 187
79 196
165 233
103 251
87 133
43 252
80 233
152 218
83 247
5 131
207 211
63 253
271 291
91 182
71 175
121 150
71 106
67 226
58 207
59 62
25 250
30 228
10 198
9 234
14 192
24 77
48 198
120 289
230 243
52 216
146 288
158 213
266 268
78 120
30 70
10 155
152 217
138 208
227 242
203 293
186 280
84 123
28 243
125 258
42 239
62 85
82 221
100 298
171 189
178 272
85 293
34 146
3 295
282 284
240 289
175 275
98 220
0 12
94 189
33 258
65 118
116 294
166 235
39 96
33 259
179 237
41 215
30 219
194 207
127 257
45 269
127 139
138 159
142 172
211 290
208 257
74 158
192 198
152 222
156 231
162 198
93 291
64 77
21 285
11 30
56 164
0 44
195 211
119 234
53 145
13 109
102 267
46 139
62 217
148 250
200 218
10 64
140 191
128 264
177 191
41 295
47 247
137 194
71 258
13 63
174 216
70 77
194 268
111 169
30 119
1 260
20 22
65 211
214 245
91 228
137 223
84 185
22 31
94 280
62 271
185 224
165 193
54 276
173 275
276 288
63 245
93 157
39 277
69 137
60 176
12 254
28 134
43 114
122 140
237 261
163 238
28 122
131 228
56 158
45 101
160 280
137 256
19 145
247 258
205 264
91 260
55 293
167 205
218 247
104 110
156 278
39 190
206 247
60 250
44 137
117 167
93 189
136 269
16 148
9 60
17 256
177 203
33 235
66 144
12 256
235 270
185 255
30 299
74 241
192 255
49 108
101 269
141 169
126 231
108 270
29 258
147 193
154 257
59 228
10 27
101 111
4 66
45 112
115 178
37 268
70 190
196 206
225 281
164 174
70 125
132 229
60 160
40 239
122 151
40 126
86 218
85 291
16 28
106 164
258 296
194 234
117 182
98 101
160 265
24 285
36 156
214 248
254 268
91 239
158 279
76 269
117 260
134 213
19 40
50 299
37 67
193 236
34 79
12 59
100 116
30 267
100 236
37 39
79 195
48 70
23 240
9 288
100 127
46 265
64 185
92 150
16 156
133 261
8 229
108 215
4 217
199 296
22 251
26 96
157 262
15 88
75 259
16 59
254 282
70 157
2 219
235 273
158 234
120 167
88 215
27 184
92 279
44 232
1 29
15 70
137 186
103 145
119 212
219 257
101 166
72 289
14 168
27 60
1 180
246 268
20 25
113 153
4 85
5 209
166 279
20 105
117 175
2 81
259 295
52 148
94 178
46 273
33 108
109 125
123 265
78 286
149 231
99 153
60 68
211 287
92 208
94 159
42 206
94 106
106 284
79 188
112 260
78 158
116 232
219 267
40 138
27 49
27 66
32 119
27 243
69 265
71 149
215 256
104 107
87 190
153 252
63 202
82 285
0 198
270 271
108 165
11 192
90 209
10 293
37 209
227 289
138 158
126 298
146 158
282 286
100 187
2 238
20 250
250 287
9 218
83 274
169 285
27 130
37 76
37 124
16 37
3 67
202 215
197 225
25 188
84 178
27 35
66 198
37 168
63 76
3 297
30 49
128 177
4 119
266 298
36 224
126 275
66 201
37 52
131 244
124 194
162 197
25 62
65 225
23 26
147 151
255 267
207 222
76 265
53 257
0 7
