100 1000
104
57
104
52
118
110
33
35
83
45
111
46
68
109
23
54
26
65
54
78
23
51
96
67
69
105
113
36
33
45
26
70
35
63
54
33
105
20
100
68
45
91
47
93
80
102
27
86
99
113
97
102
96
25
50
97
62
95
113
28
20
72
78
87
67
64
53
52
64
33
53
90
105
32
63
65
114
23
84
94
68
113
28
45
118
58
22
60
85
68
68
38
72
78
105
119
75
38
103
119
22 23
18 83
44 67
2 84
35 81
80 89
24 54
1 24
72 83
11 71
15 27
75 85
9 21
26 97
29 49
23 40
4 11
49 58
61 78
65 85
26 94
0 97
3 22
1 86
64 94
57 74
79 94
1 52
3 28
2 4
9 42
66 79
37 53
67 83
4 50
1 96
30 98
33 96
49 72
67 71
13 28
44 93
46 74
77 97
26 99
33 88
12 93
54 99
2 73
4 34
35 77
7 53
49 86
58 93
51 64
64 77
45 70
9 19
17 58
49 95
57 82
50 83
37 47
1 49
10 36
5 39
58 71
57 99
44 60
11 16
8 93
5 27
16 36
77 85
26 46
3 80
60 64
6 7
53 59
8 16
66 95
55 67
6 24
36 76
44 50
11 99
27 90
6 16
15 93
43 62
19 23
17 32
39 75
39 45
0 35
61 82
66 68
49 90
75 78
77 79
22 78
12 88
5 57
25 70
13 50
22 87
56 89
54 80
84 93
25 71
38 93
11 53
7 55
2 34
33 85
7 11
0 63
21 72
57 94
7 98
37 60
35 93
29 81
7 81
26 52
6 45
4 38
13 92
38 98
25 50
40 57
2 29
13 59
11 24
18 84
0 48
85 94
18 35
16 23
25 76
23 43
34 81
27 47
66 73
50 97
54 68
70 90
4 84
60 81
15 99
64 96
33 99
10 35
33 51
29 51
46 61
47 52
27 79
46 52
43 97
2 65
45 98
34 87
49 68
16 94
42 68
32 67
42 75
26 54
28 58
41 55
4 59
84 89
35 39
36 88
31 91
6 29
88 93
37 63
9 62
5 82
38 51
1 26
32 56
4 60
12 14
18 54
43 71
54 62
30 91
13 51
34 57
42 74
2 57
63 64
69 98
0 58
91 95
52 56
3 70
57 64
40 87
52 95
35 50
1 38
24 48
10 43
12 98
0 61
19 29
27 81
40 88
36 79
31 35
40 86
4 57
43 96
93 97
35 83
32 46
11 56
9 27
21 79
2 22
3 98
39 81
43 61
26 27
48 67
13 58
9 23
8 66
12 41
58 92
25 55
52 67
16 88
31 38
42 82
23 93
21 89
0 36
15 85
67 80
42 43
3 89
47 60
60 72
4 88
13 31
11 50
27 65
48 90
10 30
3 55
44 51
3 19
22 29
24 99
16 41
39 88
28 49
32 95
6 41
58 82
72 85
2 58
4 41
12 64
16 44
0 56
37 87
74 86
61 91
27 92
67 68
31 69
78 95
2 88
36 84
9 57
23 65
87 98
29 94
55 85
42 94
69 74
81 87
12 60
32 79
28 62
1 75
40 55
64 76
62 92
1 97
20 71
18 21
48 60
16 67
62 85
10 60
43 83
3 47
79 83
41 81
59 82
23 36
8 37
61 81
28 52
40 82
0 50
8 85
65 70
13 97
48 68
27 76
52 69
11 60
51 97
62 86
23 77
11 70
36 50
19 63
15 91
21 51
38 52
21 50
39 86
39 99
27 54
58 66
27 96
0 69
55 76
14 53
31 84
31 86
38 77
12 46
28 99
1 50
1 41
52 87
80 94
47 79
27 52
26 74
2 27
81 93
7 12
24 77
16 32
7 70
54 93
74 82
53 85
6 75
15 26
58 59
9 89
16 84
87 96
38 69
45 89
19 81
21 65
29 35
36 80
70 83
54 88
7 82
86 94
4 49
45 58
3 93
9 71
11 87
57 77
80 99
13 22
18 96
53 79
25 67
60 85
37 40
23 83
28 50
33 43
31 56
4 70
14 67
13 99
36 44
63 94
6 21
0 13
6 49
4 39
32 62
54 60
47 49
4 43
6 65
23 72
23 64
38 85
68 88
7 84
2 56
47 77
60 99
19 43
49 82
23 81
30 97
44 94
37 79
0 37
3 24
94 99
57 87
14 65
23 70
19 70
0 79
21 43
50 70
74 77
4 26
4 98
35 71
71 87
73 90
47 82
46 62
43 85
8 36
55 66
30 66
37 61
38 74
63 78
17 67
28 88
16 55
11 80
11 58
14 20
43 57
92 95
28 39
55 57
84 86
23 71
36 90
24 26
43 95
43 75
83 98
30 50
22 67
14 40
31 62
18 43
27 88
56 63
46 50
10 99
26 62
9 86
30 69
76 80
0 11
10 78
1 56
77 96
15 40
10 68
37 66
32 87
12 31
26 50
36 57
21 66
47 84
36 97
10 76
46 66
14 44
15 94
3 25
40 63
55 80
30 78
82 88
18 66
33 67
3 91
32 88
39 42
16 37
45 60
12 26
28 90
21 45
5 84
37 49
17 31
4 9
38 47
14 97
19 99
31 40
10 25
8 99
6 37
12 63
92 96
20 97
30 46
3 48
3 13
93 95
61 62
2 79
53 60
43 50
13 45
5 12
24 60
8 69
5 16
1 66
78 83
12 81
31 67
9 61
1 88
68 90
3 65
20 68
70 80
91 92
40 61
49 93
8 91
8 59
55 87
64 72
27 87
4 28
55 94
21 25
50 90
18 41
12 21
56 62
13 75
5 6
54 84
46 83
47 57
29 30
11 57
23 38
15 62
45 64
5 86
34 69
25 73
24 82
30 80
15 66
59 76
6 33
36 58
14 70
30 45
83 89
6 51
51 98
53 89
25 49
2 50
7 33
8 51
22 37
10 80
69 70
37 68
13 91
19 80
18 55
57 80
19 59
46 82
67 89
5 97
19 27
81 86
57 59
46 93
41 65
26 90
62 91
71 89
65 96
22 89
28 61
33 63
7 74
13 30
10 92
35 52
19 37
65 79
9 31
14 74
4 71
88 97
63 81
0 96
44 59
26 71
24 47
17 80
15 57
21 77
4 52
42 87
25 77
48 91
19 51
0 60
23 88
81 88
71 77
42 99
41 83
93 99
14 50
18 70
42 95
43 48
14 86
48 74
38 88
19 97
69 76
48 76
52 63
5 52
45 87
11 32
29 45
39 54
2 77
68 82
2 97
2 54
71 93
21 91
19 64
65 90
5 47
17 99
18 44
50 91
5 37
31 66
7 13
34 61
40 62
34 64
7 85
2 7
26 49
67 74
17 25
40 70
35 87
66 78
61 95
32 54
18 27
16 89
32 59
44 75
39 82
17 46
31 65
38 91
1 17
7 42
39 94
16 81
35 79
19 25
34 52
2 38
41 49
25 45
3 44
35 42
9 34
11 25
3 32
5 94
26 38
10 11
49 97
17 76
7 78
72 78
56 64
44 89
32 97
7 31
8 18
18 73
40 75
19 67
13 29
14 30
27 72
41 96
19 49
3 79
11 43
44 84
64 85
62 81
17 64
69 87
39 73
12 65
14 79
79 84
61 66
40 93
34 39
6 91
49 67
11 54
18 86
66 80
1 35
6 60
70 92
6 26
2 62
29 31
55 68
17 91
8 23
34 75
25 88
39 63
6 88
6 69
64 92
30 85
8 35
37 43
70 81
52 99
7 64
27 50
57 84
3 34
24 94
82 97
79 82
40 73
0 66
5 30
40 51
38 94
9 77
60 91
25 38
16 50
8 65
32 42
6 96
83 96
24 40
27 75
65 80
39 90
78 92
17 71
30 68
42 51
57 92
76 84
52 80
34 35
58 77
27 56
21 59
0 16
58 60
52 91
36 62
22 56
44 73
50 93
45 94
10 57
15 17
53 95
68 76
12 92
20 24
2 11
28 38
46 70
76 96
63 73
66 90
2 12
64 69
11 69
3 37
80 98
56 90
19 54
0 39
2 30
51 58
76 92
38 61
89 98
34 62
62 76
16 80
2 89
58 81
13 84
94 95
35 37
5 96
32 98
25 93
23 34
37 96
18 99
20 45
85 99
82 94
34 84
23 75
49 94
17 33
42 92
78 81
55 56
7 60
24 73
45 48
47 70
52 82
14 93
33 83
39 76
17 27
9 45
17 81
0 41
17 24
4 23
69 91
18 64
18 46
3 60
7 77
9 91
0 62
19 90
50 87
39 49
25 43
61 64
50 86
0 25
13 94
56 93
91 96
6 46
34 60
53 58
2 76
85 89
34 78
22 28
61 83
82 83
25 39
27 33
38 84
21 26
53 75
81 98
11 91
3 14
19 40
55 98
36 74
20 86
38 92
24 66
2 82
50 55
7 25
20 58
58 70
26 35
66 69
79 93
39 79
11 94
26 30
33 69
51 70
52 93
8 60
73 80
28 85
7 79
22 95
26 40
12 71
1 12
91 97
22 61
1 14
63 74
13 88
54 83
56 71
6 85
28 42
72 81
43 60
36 96
19 22
71 98
64 86
38 41
73 92
0 22
69 90
67 93
45 88
61 70
49 85
56 92
15 47
40 96
49 78
37 93
2 51
4 94
31 76
10 18
53 97
3 46
0 64
70 72
14 27
26 28
22 30
22 38
39 70
52 60
33 55
43 59
10 70
61 63
62 83
64 97
13 86
69 92
9 96
6 81
20 64
60 76
22 63
25 46
17 86
41 48
6 52
65 97
66 92
28 67
80 90
