200 3000
53
22
119
27
100
111
38
91
76
51
77
79
93
35
57
23
95
55
22
22
71
68
94
50
25
108
20
64
96
85
60
81
40
111
89
20
103
107
91
111
90
100
70
63
116
107
119
43
42
21
45
46
70
72
76
27
60
77
24
36
42
64
50
114
107
71
114
42
58
38
86
28
70
36
24
118
76
23
42
50
76
67
76
78
119
33
86
111
42
90
80
116
86
110
111
25
61
57
48
51
27
66
111
78
82
67
28
38
22
50
21
79
50
77
37
101
42
103
93
116
25
53
113
43
43
56
49
36
93
29
67
101
75
58
111
89
106
119
60
108
102
61
67
32
118
37
65
41
72
38
37
78
23
82
101
46
118
82
114
44
43
61
77
98
100
68
20
38
119
60
26
101
101
26
65
99
43
111
72
95
81
42
105
85
56
39
63
107
53
58
83
77
99
40
107
31
40
107
49
39
67 184
0 88
108 118
73 86
76 129
42 52
0 100
176 182
27 78
15 44
155 195
121 129
158 193
27 57
12 110
36 196
77 177
37 196
35 195
23 110
163 164
65 66
48 115
41 142
38 79
74 109
190 193
147 186
100 174
113 195
36 184
13 61
10 61
2 56
45 65
9 80
28 98
26 143
68 98
37 177
58 98
41 51
37 198
125 141
6 184
161 168
68 127
29 78
38 81
123 146
70 84
126 168
69 111
66 131
44 58
109 189
40 47
102 198
29 43
13 75
36 50
70 182
115 163
148 197
1 23
71 143
22 107
18 191
43 58
102 149
54 138
101 163
65 130
51 159
60 126
62 173
107 115
30 132
32 70
24 179
55 75
47 163
39 97
133 140
49 83
103 194
157 173
104 156
8 174
15 187
86 140
1 49
47 134
118 163
46 174
38 93
89 135
132 174
76 181
9 22
36 183
180 193
39 106
6 153
39 93
95 147
146 193
29 177
147 168
14 140
73 179
108 114
66 192
89 94
98 174
10 117
33 49
72 155
60 155
31 49
52 178
45 144
76 125
22 45
72 162
11 98
119 141
8 12
101 112
38 102
0 171
33 48
20 156
58 176
16 89
68 177
19 73
65 95
87 150
92 174
50 104
72 143
85 175
39 103
158 186
77 138
78 129
102 124
34 182
2 78
7 23
23 42
32 88
137 182
156 178
29 86
61 121
66 177
4 101
130 135
16 143
8 67
118 194
1 148
24 149
107 172
66 139
36 121
78 137
166 175
59 88
125 189
17 42
129 152
24 172
120 133
39 43
44 127
76 139
47 68
0 86
61 186
60 194
16 90
11 149
0 56
25 26
42 107
129 166
49 132
99 175
40 179
172 180
7 40
8 27
79 165
21 25
22 25
60 115
71 190
16 198
42 71
23 65
150 152
32 34
2 131
9 194
62 133
70 174
153 174
5 30
3 119
96 182
25 42
12 16
114 180
14 137
23 38
3 125
35 142
96 111
72 118
91 133
6 17
3 132
171 185
42 89
71 188
13 90
54 113
29 179
35 196
72 186
87 128
107 198
25 177
70 116
76 110
65 85
8 56
2 97
50 190
93 120
156 186
137 147
134 165
34 133
119 144
31 106
48 165
25 181
52 95
93 157
80 178
23 41
25 187
90 189
11 168
82 124
30 197
61 114
147 164
61 101
7 66
66 92
26 125
20 43
78 136
110 177
115 152
102 151
130 194
91 98
5 174
154 174
156 187
20 72
121 134
133 153
81 178
6 171
4 15
34 178
107 151
18 96
0 60
72 142
116 194
151 192
42 166
105 198
77 105
22 40
156 199
80 193
86 164
42 86
16 131
35 76
123 172
53 135
78 172
77 118
69 194
36 69
126 187
34 93
4 8
3 85
30 164
35 50
121 194
78 92
89 120
12 113
45 118
148 169
177 196
88 190
157 199
26 186
12 84
31 88
21 68
43 137
78 98
93 140
151 184
40 123
36 105
52 102
152 154
71 151
111 130
93 129
69 120
67 105
51 84
105 145
119 188
18 43
18 183
63 121
167 186
24 161
22 165
126 128
118 150
0 31
61 125
129 130
196 197
81 187
47 132
139 167
72 182
42 137
0 117
36 163
76 186
61 160
42 139
40 112
72 89
112 151
149 193
33 98
173 189
131 189
70 105
108 130
4 45
121 124
88 197
110 183
164 171
95 158
62 135
70 152
159 182
55 60
88 175
117 158
61 90
58 119
112 118
1 117
77 115
112 190
100 165
47 82
23 142
86 192
29 63
38 189
45 197
1 125
133 160
147 194
2 4
18 114
122 171
31 189
48 174
53 166
74 100
0 98
192 194
23 184
55 174
5 164
19 166
104 130
76 78
3 32
21 80
146 154
130 144
143 193
104 196
159 178
48 159
28 194
12 103
159 169
86 138
157 164
46 52
14 82
17 122
2 114
12 39
135 156
51 142
128 198
39 199
129 199
150 157
54 193
162 170
60 165
48 81
18 52
32 127
1 134
0 1
155 192
13 63
107 128
56 114
65 106
35 48
64 198
57 192
4 114
169 171
172 175
2 145
81 176
63 129
82 130
37 63
76 123
51 52
136 166
42 59
107 183
47 77
21 58
56 62
136 180
63 184
152 186
8 80
68 137
102 143
7 67
92 142
35 144
171 193
53 63
46 165
42 160
46 170
16 54
33 104
34 169
138 167
107 127
19 127
64 162
30 83
121 122
26 157
18 171
80 81
24 46
80 137
40 126
56 107
92 132
160 167
13 79
57 121
6 28
22 48
30 143
58 64
36 104
123 173
7 54
156 184
36 52
44 121
47 101
13 73
86 166
45 175
8 156
26 99
84 190
95 163
127 170
126 143
63 147
115 184
181 191
44 117
142 180
10 146
55 180
74 140
30 58
84 100
90 129
44 168
40 137
107 133
28 120
34 183
101 127
119 120
37 82
63 115
125 179
159 161
132 187
51 143
17 151
27 98
42 148
131 143
28 140
39 60
9 25
44 136
126 164
7 8
1 123
23 132
0 185
43 85
95 172
28 142
7 46
40 107
135 172
48 116
11 60
125 188
61 104
20 114
21 74
144 173
98 105
83 96
149 181
7 196
9 149
42 169
76 77
7 124
170 193
70 137
41 158
24 84
14 105
98 187
1 196
45 97
79 146
39 79
40 142
136 188
9 82
86 171
130 160
105 162
52 99
162 176
60 93
107 186
85 117
46 118
43 81
15 113
46 189
83 152
87 92
96 172
143 175
87 134
26 97
78 192
120 148
41 132
27 100
1 112
119 147
142 146
59 87
84 133
163 167
7 172
69 139
35 182
21 155
4 61
91 166
86 153
132 146
112 171
47 172
146 176
44 122
88 131
133 172
64 96
37 92
104 183
38 58
18 165
31 60
26 170
64 123
7 21
35 71
68 160
48 166
4 122
7 135
56 131
104 151
140 175
8 159
47 150
116 129
59 113
85 86
161 188
101 147
89 182
3 19
19 49
53 121
80 141
140 197
43 164
54 139
62 184
50 86
61 180
2 72
40 93
33 109
11 153
88 180
100 199
43 149
164 170
112 154
45 46
9 61
89 115
25 100
130 151
64 191
64 176
59 173
161 164
136 141
93 95
63 137
12 43
57 127
41 189
18 83
56 70
108 186
21 172
146 191
2 32
71 193
8 166
19 87
180 196
66 86
78 195
123 129
87 123
57 64
6 120
114 128
59 149
39 141
6 182
38 87
110 184
102 184
71 118
67 121
51 140
46 153
18 34
58 121
157 185
43 106
30 117
21 145
58 151
3 97
141 187
7 125
78 89
163 196
145 199
50 55
46 73
36 167
131 194
47 105
109 163
42 91
80 187
90 112
90 115
32 187
54 194
96 157
72 106
11 169
66 105
151 171
8 139
23 71
154 176
22 63
64 139
107 171
4 171
61 94
48 87
78 93
188 194
19 141
94 152
140 199
18 112
103 110
120 126
74 133
54 155
89 193
171 196
116 127
129 168
7 174
52 129
52 123
86 94
35 146
38 165
141 147
19 75
67 160
93 121
67 134
66 190
83 134
3 118
44 63
10 192
14 96
41 67
8 162
149 165
24 96
51 58
67 77
11 160
30 150
16 94
20 177
90 102
165 180
134 142
109 183
109 177
24 117
91 103
40 176
0 21
79 88
51 155
62 157
67 107
44 113
65 76
91 178
23 155
90 96
5 118
27 73
49 182
25 96
73 152
65 173
25 105
5 77
60 114
91 127
136 173
41 49
84 153
108 180
59 76
129 150
33 175
16 108
24 157
129 193
11 182
59 116
36 129
80 173
8 147
16 49
85 128
29 97
132 156
178 190
39 107
84 158
151 196
13 130
19 162
79 137
79 126
52 160
6 168
151 174
100 170
55 143
28 124
104 185
35 56
116 175
74 85
0 70
36 165
152 199
41 184
15 30
142 167
68 173
19 110
80 147
42 119
88 100
119 192
37 175
164 179
43 53
43 49
75 85
27 160
36 97
18 69
36 112
132 160
71 162
61 152
23 151
56 191
75 175
112 136
102 115
76 146
125 169
44 141
102 163
72 199
141 151
63 170
43 196
100 153
57 105
75 113
48 151
88 184
63 142
92 100
69 88
169 182
65 132
36 89
84 187
54 182
50 112
136 198
90 155
12 98
147 174
125 195
77 165
32 108
148 184
53 154
82 118
38 118
74 160
105 142
80 108
106 114
59 157
6 126
4 83
153 160
85 169
29 52
69 189
122 178
60 95
133 193
131 153
36 160
40 95
96 102
57 155
16 116
64 94
74 147
20 59
65 111
49 135
52 179
9 147
2 192
33 123
107 193
3 111
33 160
43 57
25 67
131 159
71 186
78 170
137 166
31 142
0 143
53 118
123 128
67 152
82 185
142 190
5 178
145 164
2 117
7 184
118 179
50 115
104 145
70 172
34 114
54 187
58 172
40 133
52 192
135 152
46 130
77 108
22 51
72 121
31 176
105 155
21 150
54 157
118 130
77 153
131 196
6 140
55 132
60 91
43 76
6 147
24 41
45 67
139 198
166 174
71 171
73 81
38 44
127 163
120 156
69 116
8 39
47 75
119 140
16 107
6 114
156 175
30 42
1 28
133 167
56 154
38 187
83 129
9 177
98 198
114 165
119 157
74 194
4 14
180 182
109 117
99 136
137 151
37 79
56 185
45 94
129 149
127 136
53 199
118 193
10 67
14 65
33 130
77 168
110 146
77 198
181 197
76 135
18 143
13 15
185 190
119 190
78 87
86 199
132 144
5 142
22 164
109 149
15 117
85 147
13 82
128 149
98 159
44 124
34 113
56 110
149 154
86 105
18 35
1 192
113 117
14 174
67 119
136 160
45 134
35 147
80 163
39 48
13 93
79 115
25 127
33 87
126 173
90 162
92 144
9 106
121 161
28 183
95 192
117 126
93 152
25 173
68 74
33 164
79 119
46 112
57 151
32 183
122 125
69 97
4 166
30 128
13 77
69 108
108 177
1 147
82 172
126 150
90 198
117 135
48 170
116 179
148 151
76 162
22 60
97 141
64 127
21 93
92 129
1 162
59 61
141 154
81 185
43 184
123 178
45 53
169 178
24 130
69 187
6 44
56 199
15 185
6 135
28 108
22 87
29 98
35 135
20 39
82 168
4 92
13 58
137 191
162 179
1 121
80 101
52 197
134 136
23 67
127 140
51 179
32 101
30 136
21 168
88 156
104 113
69 180
118 123
54 60
32 182
7 85
4 62
137 150
4 138
30 173
83 177
136 162
9 192
72 129
13 180
45 198
138 168
68 199
100 175
133 182
185 195
74 187
77 97
22 30
108 113
70 199
1 9
14 25
27 90
6 108
3 49
59 187
79 172
99 138
71 132
69 81
18 20
67 144
6 90
40 89
28 41
42 50
67 141
1 70
12 28
10 152
24 51
93 142
37 153
3 10
100 164
4 9
141 189
45 192
31 64
5 85
38 89
70 75
37 51
22 143
74 138
62 119
12 159
64 156
2 166
68 166
18 29
122 160
19 167
2 104
141 184
7 25
35 179
95 182
77 162
144 196
103 176
133 161
119 163
51 139
22 129
3 169
140 182
38 122
106 142
102 131
62 132
27 137
45 161
97 122
41 76
52 71
32 96
137 168
189 195
76 107
11 28
79 145
1 168
63 135
60 66
165 192
54 128
125 171
15 69
48 91
33 103
79 98
174 186
126 137
157 167
34 87
158 169
150 170
67 187
68 162
41 193
132 169
112 180
80 167
159 166
17 140
98 143
65 78
64 100
11 152
34 55
173 181
74 96
41 148
35 134
28 73
10 93
43 54
60 172
78 154
52 112
142 173
26 69
7 22
189 193
29 122
103 118
18 160
3 104
147 192
145 175
18 108
20 24
33 151
57 196
60 63
36 62
3 131
62 162
3 105
107 134
25 126
96 190
185 193
1 132
138 146
60 108
6 32
109 132
65 80
128 167
29 140
95 117
112 131
18 57
116 135
94 142
79 157
40 158
130 164
57 176
38 63
8 122
74 173
2 92
142 154
23 121
33 38
47 155
3 90
108 116
10 103
12 154
89 146
5 123
76 180
114 181
190 195
120 188
16 190
12 122
85 146
71 75
53 122
134 190
0 198
10 41
90 187
47 133
64 65
29 130
13 171
119 133
109 139
13 98
135 194
21 159
6 164
33 144
59 86
57 119
87 160
20 129
148 153
164 176
5 171
94 184
13 128
19 117
75 167
21 33
103 144
43 61
94 168
25 166
64 178
78 198
26 193
103 170
74 190
37 127
8 58
2 128
27 77
47 60
51 150
46 157
12 66
58 185
162 186
24 164
27 55
20 162
18 81
24 142
22 92
61 103
57 183
30 93
70 96
179 181
142 145
79 197
3 183
41 180
20 100
14 35
68 193
32 135
44 125
57 157
139 180
73 163
149 166
19 145
14 126
156 198
23 147
27 35
28 130
30 159
49 146
42 45
14 77
59 129
39 154
116 134
178 189
49 127
107 195
98 121
48 73
29 49
64 195
76 126
93 187
94 108
105 133
65 135
27 104
83 128
168 177
28 162
61 124
149 150
109 131
105 199
27 195
40 183
14 43
99 134
22 149
36 198
88 109
77 144
5 88
56 179
135 142
59 84
3 186
64 161
117 160
64 121
56 187
57 153
100 143
1 52
3 166
6 189
64 66
104 150
24 82
112 159
170 179
87 132
156 195
20 32
29 125
25 137
125 142
43 178
97 167
49 161
151 186
10 17
33 129
9 121
43 78
140 165
121 172
5 94
130 156
75 93
108 152
86 187
84 195
6 196
14 148
106 133
144 179
95 174
22 35
92 102
165 171
26 128
27 167
15 39
5 187
99 163
97 183
83 107
13 111
7 169
64 192
134 167
26 51
23 69
95 143
103 155
29 162
56 194
129 185
23 87
50 156
158 172
35 39
8 171
116 195
24 129
76 83
107 152
50 51
47 154
5 76
117 199
84 198
108 185
85 109
88 183
65 107
46 57
142 169
17 137
37 42
18 120
118 125
24 169
23 176
123 133
51 192
133 136
70 191
28 196
38 197
54 114
36 180
70 71
73 113
88 194
14 183
18 152
42 190
28 75
93 172
8 181
30 163
129 144
10 60
98 127
36 149
102 189
85 182
3 153
145 190
18 195
21 40
142 181
106 174
2 174
14 164
93 98
8 93
134 194
36 45
179 184
64 132
85 127
34 58
120 176
39 46
3 34
65 177
3 62
80 96
160 173
102 168
35 152
81 109
14 91
128 173
7 93
165 186
26 184
11 18
29 113
7 159
10 178
10 21
58 134
104 181
17 168
51 56
78 99
17 51
28 110
11 14
28 195
39 192
104 124
35 133
134 154
45 145
29 88
21 60
30 133
141 190
33 68
50 193
71 173
82 112
139 140
29 132
147 180
36 106
39 71
71 158
117 193
67 98
97 197
82 125
17 70
43 197
75 183
57 137
67 69
4 173
27 106
12 177
40 94
108 151
157 177
54 100
70 192
111 120
73 186
11 55
43 122
80 199
47 138
27 59
116 164
162 169
64 157
17 107
15 84
68 126
91 118
49 195
40 68
48 187
79 183
112 170
18 182
9 50
29 118
81 83
15 188
30 100
50 68
97 188
92 188
28 189
112 177
76 144
160 199
56 142
58 169
30 129
10 101
65 116
117 150
95 149
192 195
89 183
36 79
149 164
56 192
16 93
101 191
110 112
111 166
40 63
148 164
2 13
32 153
28 31
159 163
0 127
8 108
120 153
24 63
6 86
117 128
53 191
110 153
107 112
1 17
21 50
53 179
78 102
41 126
61 126
86 121
8 110
32 148
101 136
127 153
11 107
124 186
27 93
143 147
7 152
61 173
78 167
74 156
40 147
33 42
104 173
5 41
4 130
58 158
9 70
17 196
43 146
39 121
20 70
29 135
108 172
2 42
27 116
67 110
63 152
8 46
13 193
4 176
123 185
20 133
55 183
5 11
27 146
0 187
7 29
154 186
65 146
54 161
106 169
150 178
95 104
80 143
18 99
18 173
151 158
93 145
157 158
98 186
37 55
14 138
67 92
1 165
55 109
76 113
9 18
152 172
50 71
20 170
80 197
142 172
82 173
23 51
61 158
73 128
3 74
64 93
19 81
48 152
20 117
56 119
40 140
58 112
135 183
7 167
20 197
23 77
49 193
83 97
164 192
12 182
99 145
153 184
18 180
132 158
20 142
121 126
85 198
88 147
105 117
5 170
150 172
47 198
55 114
37 39
79 136
15 88
42 58
126 195
168 169
68 191
75 146
73 112
152 183
21 88
70 143
20 45
115 195
19 122
10 110
111 141
99 199
141 156
58 152
27 67
87 120
147 170
35 186
21 169
187 194
9 58
55 89
29 157
0 51
79 161
163 191
14 102
10 142
152 155
162 174
34 131
13 102
182 199
137 155
76 169
101 179
86 190
34 67
20 179
183 198
100 122
16 197
63 104
25 169
43 60
154 194
43 91
12 149
50 120
6 143
177 192
73 92
63 93
13 23
28 145
113 129
81 82
63 154
135 166
89 107
150 160
61 181
53 114
9 63
56 59
84 186
1 100
123 130
15 158
20 81
88 133
10 169
116 168
103 185
35 92
125 194
9 60
72 178
37 69
55 80
74 180
24 55
75 114
2 57
19 161
124 129
87 109
32 122
1 24
70 195
31 150
7 128
55 76
118 136
83 192
68 92
124 148
62 68
77 151
65 112
96 189
136 193
25 98
50 80
152 198
5 111
32 167
81 102
55 116
94 123
29 199
57 103
107 122
155 167
63 161
91 113
150 186
164 188
30 162
92 94
119 125
77 191
20 143
77 107
46 166
13 151
14 121
13 174
113 127
43 115
97 101
146 157
76 191
4 71
28 50
72 97
64 76
97 126
159 185
5 126
78 151
73 170
44 97
86 172
1 10
63 167
98 125
9 42
1 32
30 46
35 119
79 111
5 135
94 160
87 191
51 94
117 173
161 167
5 70
80 85
53 158
9 96
105 178
51 131
49 90
113 125
120 192
7 36
53 93
104 188
105 187
78 155
18 100
104 112
71 133
29 109
32 39
83 86
170 176
53 84
5 28
12 90
130 191
23 66
122 179
53 54
158 182
5 186
37 58
53 120
29 182
65 157
35 162
45 77
126 176
68 192
151 199
67 114
19 35
42 184
72 167
124 172
162 177
30 31
11 34
165 191
0 28
74 153
30 80
2 50
24 153
50 91
20 37
4 111
31 135
123 184
48 146
123 156
10 138
106 196
71 150
178 188
24 93
4 54
6 173
56 150
132 193
96 104
63 138
110 120
60 122
110 191
38 167
4 43
129 173
1 30
31 113
25 88
136 197
16 73
2 79
163 166
3 177
97 166
40 173
77 163
8 33
158 181
114 160
146 163
25 52
171 175
4 140
13 156
41 188
133 191
18 177
67 104
29 95
108 124
109 151
63 165
88 122
45 169
63 109
28 49
66 79
6 195
80 121
91 197
9 53
105 159
19 82
26 29
87 139
88 177
115 192
37 53
22 33
48 82
84 131
77 150
72 163
84 156
105 127
114 158
38 171
1 18
92 96
148 185
140 159
190 196
165 173
30 174
49 113
51 151
75 76
164 180
30 74
40 66
19 36
63 88
73 136
77 174
16 170
2 181
152 176
66 182
133 179
55 142
55 192
35 156
29 30
48 101
21 72
36 110
110 135
2 151
33 156
84 137
66 133
3 64
98 199
119 143
105 107
99 104
81 141
42 85
81 107
67 118
91 104
65 93
8 50
49 92
134 188
111 143
62 199
70 193
6 98
57 129
2 71
88 139
20 65
132 147
90 116
87 181
105 172
26 180
25 47
88 162
113 191
108 184
35 65
118 189
9 88
29 154
176 181
38 72
44 78
17 53
42 197
108 174
22 90
33 62
136 165
120 169
25 156
143 185
74 146
104 175
86 180
104 170
148 158
48 163
165 183
55 178
20 41
56 78
5 14
86 198
23 83
94 181
49 198
108 181
12 36
152 194
113 152
30 110
57 88
66 145
113 139
38 143
43 195
109 168
121 147
118 156
12 170
20 137
46 163
1 151
10 105
51 65
2 190
86 197
105 118
24 33
4 75
129 162
55 173
35 153
45 48
113 154
6 107
61 148
38 109
86 106
125 143
158 176
90 168
130 163
170 172
55 159
75 104
4 188
10 147
16 119
54 132
117 163
155 170
21 47
98 149
6 18
72 153
30 121
115 193
3 87
46 143
125 132
3 197
3 94
87 163
9 166
118 139
57 168
138 193
87 168
114 118
87 129
125 196
9 137
164 167
51 89
7 82
0 61
98 118
121 139
59 85
132 172
180 199
94 127
16 117
76 198
56 153
145 194
67 163
127 184
73 187
69 179
33 192
22 83
62 95
22 147
107 154
71 134
106 198
175 180
8 167
23 173
119 162
138 152
4 77
135 178
121 127
122 136
80 160
9 186
141 158
38 150
64 148
69 157
47 141
145 173
125 151
66 160
97 113
65 102
148 150
104 109
34 192
8 164
4 149
163 177
46 88
79 81
112 147
9 40
12 142
50 74
14 132
83 168
24 114
144 156
178 193
100 152
60 65
21 116
9 32
56 151
32 120
127 131
96 194
21 69
106 146
35 67
101 141
85 91
10 37
15 62
81 189
58 123
5 90
10 140
73 195
107 190
129 169
11 115
46 187
128 182
26 147
157 165
63 180
4 20
13 95
25 120
115 167
100 110
9 52
27 76
11 109
9 155
37 120
52 118
53 90
8 18
71 185
64 175
31 137
23 105
144 157
184 185
60 173
12 82
71 120
162 192
64 197
4 73
54 96
23 107
118 144
66 101
81 123
76 177
32 60
5 162
40 144
47 83
157 191
173 197
154 189
5 46
142 144
3 59
147 184
59 60
5 91
72 120
97 145
89 199
124 199
122 189
172 178
28 171
65 147
127 183
74 77
12 119
102 178
24 59
70 97
119 131
42 130
84 160
84 128
70 83
8 158
0 186
136 179
44 110
37 83
28 112
111 147
76 165
78 101
148 177
108 150
19 144
131 191
29 71
15 64
141 174
3 160
30 71
0 113
28 60
172 177
53 127
5 89
66 106
56 105
76 127
118 153
7 182
23 141
35 198
23 149
109 129
132 178
24 145
1 158
38 69
6 158
101 177
104 121
74 177
137 174
8 115
61 102
31 134
64 122
7 190
166 195
152 153
21 119
139 179
156 191
40 64
12 169
138 139
58 99
54 170
58 108
31 144
140 154
4 161
49 65
53 86
17 46
37 192
126 184
77 164
44 83
55 134
118 191
83 199
72 160
166 185
15 164
88 135
79 182
31 171
151 170
167 180
67 186
174 177
125 185
9 13
86 179
50 146
194 196
84 155
63 141
35 178
125 137
2 183
134 198
102 136
1 76
65 186
78 153
39 147
57 93
3 42
41 118
77 133
26 196
4 19
144 183
44 94
48 143
93 179
33 182
29 184
94 109
62 122
22 173
30 54
96 115
34 157
119 166
186 192
5 67
51 149
101 195
44 47
11 166
72 161
13 36
134 186
58 140
168 173
36 154
82 155
69 73
93 99
26 48
128 144
143 195
38 172
62 121
16 132
177 180
156 193
71 179
100 183
171 197
31 54
80 126
26 52
79 125
22 159
83 164
37 60
78 121
6 77
3 167
102 195
0 175
141 180
66 178
87 170
5 191
88 103
9 20
26 181
52 86
6 149
55 144
108 110
88 182
16 20
135 161
113 196
7 28
70 115
49 129
119 134
7 41
37 61
18 169
7 39
23 140
13 30
141 173
8 113
95 189
26 185
6 9
79 144
73 122
81 193
8 74
152 197
121 135
81 191
66 94
103 173
114 120
29 81
18 179
6 176
137 156
12 100
17 86
50 126
79 86
124 184
11 83
51 57
89 138
155 194
168 185
11 105
34 40
10 115
166 172
52 184
19 21
23 145
54 71
183 195
38 66
6 96
70 95
16 34
166 184
77 171
6 15
16 185
109 130
93 135
154 156
51 116
34 175
52 161
57 134
74 181
91 92
63 136
27 102
140 198
108 156
77 135
12 173
90 118
130 158
110 169
81 155
159 171
34 100
144 153
77 89
8 104
148 192
52 55
95 129
93 139
29 68
11 150
132 139
12 21
39 98
64 199
174 185
61 62
64 69
8 118
169 173
12 26
94 116
7 121
151 188
75 148
106 164
81 163
54 142
25 70
143 163
43 69
137 158
169 179
15 59
160 177
36 42
20 76
170 183
51 160
14 41
55 71
124 147
57 114
3 13
89 157
14 80
11 41
26 112
68 165
23 199
28 135
17 191
99 164
67 166
62 169
1 142
76 184
13 163
37 191
2 76
12 176
52 195
193 194
28 180
163 197
8 14
59 106
130 174
25 103
7 147
42 100
6 74
34 57
28 69
24 162
73 107
101 170
87 167
17 47
63 107
31 133
110 132
127 195
85 197
22 54
34 75
26 101
93 197
87 95
144 161
80 172
10 85
32 178
36 61
58 174
62 175
41 73
130 186
102 137
19 90
32 58
116 125
30 56
106 135
94 193
13 197
7 81
11 126
64 146
66 165
76 106
21 27
4 80
83 180
78 141
68 71
17 35
10 84
23 24
7 48
129 157
35 166
93 112
99 111
27 139
6 50
89 116
182 194
50 182
65 169
19 101
44 179
77 180
61 169
21 106
82 121
17 111
108 127
90 97
69 96
99 185
81 137
119 132
84 197
20 51
99 128
0 102
13 114
72 135
120 154
8 89
108 198
19 184
4 142
117 136
13 153
54 86
56 89
26 156
10 35
82 191
111 170
131 188
66 151
3 114
118 170
38 126
12 155
15 178
101 108
32 117
58 142
25 111
35 188
146 179
68 118
196 199
18 64
99 178
11 49
61 147
162 167
27 39
15 23
33 169
20 21
118 157
1 75
187 196
133 138
192 198
91 156
128 129
59 141
60 191
87 189
39 99
71 105
14 190
89 129
10 175
67 154
125 176
53 197
57 109
120 174
10 94
36 162
34 135
139 154
6 167
148 154
43 181
77 143
18 145
97 143
73 94
130 149
132 155
27 81
91 106
110 141
127 177
45 131
3 67
98 173
79 152
16 181
174 187
23 126
82 151
31 69
51 115
6 21
36 125
35 100
13 27
32 144
46 188
19 42
73 188
47 127
22 152
9 103
91 193
67 137
52 108
70 130
11 148
111 118
131 183
75 89
69 156
48 60
48 142
73 141
25 175
115 137
6 81
18 130
25 38
47 71
82 120
38 195
131 145
121 187
99 196
7 76
55 111
4 65
2 139
77 84
122 180
14 97
33 159
28 155
79 147
103 175
2 184
174 189
19 32
123 138
32 57
131 144
13 46
126 179
112 144
91 124
19 38
42 165
30 147
84 136
3 25
46 85
128 169
175 185
1 120
147 166
62 146
11 37
30 139
27 95
4 137
25 174
39 65
85 113
41 150
8 178
72 146
157 179
61 118
88 187
165 195
