300 500
23
36
91
36
91
108
105
69
108
41
36
75
37
36
36
52
74
77
30
64
87
25
101
119
38
60
80
118
40
71
52
43
40
23
59
63
64
96
112
52
69
28
59
38
96
75
70
103
33
33
47
52
38
81
104
56
21
116
107
41
68
91
65
88
46
56
31
90
85
76
74
34
36
66
53
113
21
55
96
86
20
75
71
39
36
55
27
37
51
66
111
51
89
108
71
116
44
35
38
61
91
45
28
107
91
113
52
44
48
28
111
49
84
62
20
52
49
79
70
80
78
113
112
47
101
63
95
77
30
114
119
101
91
27
41
62
72
73
86
100
82
29
81
98
23
33
30
52
93
32
65
103
25
57
30
106
52
106
64
63
52
115
96
75
74
117
117
26
71
35
58
85
45
72
115
100
85
77
33
110
90
78
93
47
67
56
86
51
42
30
94
26
77
23
81
31
20
30
89
23
97
27
40
74
79
35
55
97
93
68
87
115
26
61
42
25
97
108
56
71
70
83
29
79
86
42
90
38
52
111
42
81
119
114
36
30
82
71
107
55
71
75
102
29
68
76
34
97
65
70
100
67
33
109
27
99
31
49
70
115
41
92
76
92
38
92
102
100
95
42
87
46
49
69
55
97
26
69
26
23
20
106
22
85
47
81
117
58
111
67
105
84
91
113
108
109
38
42
90
113
183 189
99 127
179 190
98 165
167 284
233 258
146 190
19 233
21 156
99 229
95 296
79 278
24 157
16 230
60 134
2 76
17 227
129 248
117 294
98 101
56 214
87 104
106 202
37 276
14 188
63 205
183 283
142 193
72 259
71 209
258 285
27 73
202 212
27 82
125 249
163 235
74 181
19 136
56 232
112 247
17 297
62 280
204 252
173 263
28 82
34 286
108 119
13 84
40 62
63 166
101 217
98 278
228 297
160 286
98 106
103 159
167 221
135 171
61 125
134 153
195 221
15 191
81 256
99 143
17 48
259 265
170 237
98 116
102 235
11 93
170 201
120 196
31 92
269 292
92 178
175 288
66 99
55 180
23 206
71 76
35 223
89 93
24 205
244 259
7 255
104 260
0 177
81 269
84 125
228 291
3 166
155 268
23 284
59 87
163 229
152 183
250 272
275 298
177 294
184 286
91 249
126 197
143 278
148 227
155 191
158 208
109 176
65 93
153 200
129 205
68 88
34 71
60 84
98 237
78 84
79 173
70 227
123 257
100 105
102 255
10 48
157 166
187 231
3 87
136 208
257 268
54 296
28 56
126 138
45 268
218 262
99 242
41 57
65 141
167 214
149 263
15 230
117 120
123 298
187 204
31 224
27 144
224 279
135 169
102 180
64 138
151 237
58 244
46 175
137 261
95 286
25 224
44 53
52 142
98 220
239 251
22 135
1 31
59 218
161 223
113 151
2 277
36 102
149 298
135 263
58 110
34 122
83 227
130 277
50 279
75 270
54 98
137 157
151 216
55 126
129 206
107 239
42 260
195 258
158 191
53 146
217 268
52 87
195 269
30 227
72 105
126 249
107 255
15 159
70 75
205 285
29 277
41 64
19 259
0 262
117 146
15 86
154 166
113 191
123 221
92 247
78 94
73 86
140 201
28 297
34 211
233 292
11 297
30 33
8 33
44 178
59 231
16 149
207 213
15 89
159 180
11 36
162 253
97 154
54 146
183 265
168 180
192 257
218 291
226 274
19 76
60 104
121 130
96 261
28 276
185 261
136 273
89 272
121 187
242 296
231 267
147 259
151 269
69 91
12 66
88 296
137 152
200 267
162 273
54 63
0 190
67 78
26 39
220 265
160 268
127 207
199 219
26 50
118 188
172 200
220 236
40 73
72 293
40 98
155 156
97 204
156 271
176 182
10 148
148 222
107 116
67 101
26 127
169 266
41 297
218 233
259 261
6 86
99 252
159 184
88 255
8 163
111 184
46 173
84 246
95 200
105 248
184 267
75 189
73 150
121 230
65 132
30 136
164 266
171 295
3 106
34 217
132 240
24 90
78 237
236 277
237 296
12 120
22 185
137 168
143 196
164 275
13 246
111 229
158 212
18 100
134 214
154 287
19 129
97 230
118 259
55 85
205 256
119 193
257 280
113 123
205 277
151 218
14 275
147 187
173 299
87 257
185 244
204 293
73 275
54 191
139 235
243 246
66 97
77 188
54 75
32 200
83 103
59 250
118 149
43 246
200 204
85 182
148 175
274 290
44 202
189 217
164 183
184 280
73 282
57 109
10 127
141 210
113 143
269 283
44 268
26 244
172 208
29 72
19 135
38 98
16 115
279 299
164 232
31 214
89 237
75 116
16 78
100 111
52 155
68 78
99 292
39 180
116 174
215 252
67 264
231 244
66 163
150 160
97 129
256 291
142 265
95 224
35 210
195 262
15 190
41 59
132 273
58 228
143 225
75 293
71 126
41 111
231 261
80 222
178 252
97 146
102 192
57 137
19 88
79 155
112 172
267 296
145 195
55 123
38 130
168 216
201 279
184 257
231 293
264 297
61 109
196 263
5 253
93 152
24 283
1 189
52 185
163 292
175 253
95 174
127 169
75 178
11 120
109 275
169 270
65 88
94 285
70 137
120 240
27 88
25 208
79 123
7 18
76 192
102 297
20 229
36 101
59 271
58 199
88 95
211 293
232 233
58 104
173 198
131 134
223 263
9 241
22 86
176 186
135 258
63 158
41 259
151 152
210 282
52 123
45 57
34 290
30 92
146 256
30 290
90 265
99 293
67 259
145 237
73 243
101 155
136 196
113 287
49 95
153 249
7 270
4 250
49 281
148 195
190 237
79 277
156 270
115 178
89 168
33 260
167 293
129 186
63 299
164 168
147 170
17 117
229 268
122 278
1 22
225 238
203 213
17 69
225 247
15 184
167 196
100 160
63 286
178 289
38 210
43 237
80 112
61 106
80 280
39 81
