100 100
40
38
81
81
38
40
36
103
100
56
38
26
53
113
98
73
46
36
119
88
51
93
42
92
41
101
25
23
73
51
84
93
22
97
54
40
117
22
75
98
58
93
56
43
38
34
48
117
102
100
85
85
73
107
109
94
41
114
49
94
46
113
67
100
42
54
20
40
56
75
70
47
100
58
22
118
73
51
115
107
31
81
25
84
68
114
110
89
61
39
63
39
84
63
119
106
49
119
78
37
19 23
68 82
56 98
9 89
36 62
48 77
14 72
25 82
29 51
52 93
65 91
14 58
20 50
7 28
53 58
29 30
35 99
44 79
60 68
22 80
9 68
82 95
44 72
64 95
65 68
38 57
33 53
15 83
25 44
35 90
49 72
16 84
23 96
80 83
13 64
58 85
5 22
66 67
77 83
13 43
4 51
0 84
9 67
19 86
61 63
12 22
34 38
49 57
29 86
3 93
42 51
65 88
7 56
83 85
49 91
28 42
53 80
62 79
48 98
11 48
22 60
76 94
13 25
3 51
54 96
49 54
42 99
7 66
49 50
93 98
35 73
3 54
14 17
2 65
18 65
25 40
41 71
5 18
26 57
25 75
11 74
6 74
34 92
8 93
1 27
0 92
47 88
6 55
60 65
20 83
26 97
19 75
68 81
38 46
63 90
21 53
48 89
59 81
19 82
9 74
