200 3000
26
76
49
41
107
37
65
63
64
30
67
21
41
42
70
70
27
25
97
114
58
35
106
101
65
95
74
89
59
55
38
118
111
67
39
50
37
36
46
81
98
45
35
119
20
37
69
27
42
99
21
32
114
108
66
59
83
20
80
75
55
98
73
99
98
44
29
115
112
107
28
90
33
43
42
33
112
91
92
34
70
94
99
117
34
45
56
49
45
69
104
32
99
109
111
77
85
73
24
29
112
33
52
25
108
74
90
101
97
63
67
48
89
46
97
103
71
85
32
48
34
69
61
114
58
104
23
76
109
28
85
102
93
69
107
33
23
30
66
101
73
114
81
42
92
58
77
44
23
89
24
90
90
65
36
81
102
39
37
91
99
54
73
24
104
113
38
107
23
36
40
28
30
101
102
103
91
59
79
47
80
35
117
51
33
33
112
115
104
29
38
36
115
44
40
99
37
110
39
92
183 189
127 199
90 179
165 198
67 184
58 133
46 190
33 119
21 56
29 99
195 196
178 179
24 157
30 116
34 160
76 102
17 27
29 148
117 194
98 101
14 156
4 187
2 106
37 176
88 114
5 63
83 183
42 193
72 159
71 109
58 185
27 173
2 12
82 127
25 149
135 163
74 181
119 136
132 156
47 112
117 197
62 80
52 104
73 163
128 182
34 186
8 119
13 84
140 162
63 166
101 117
98 178
97 128
60 186
6 98
3 59
121 167
35 171
25 61
134 153
121 195
91 115
56 81
43 199
117 148
59 65
37 170
98 116
102 135
93 111
1 170
96 120
92 131
69 92
178 192
175 188
66 99
55 180
6 123
71 176
35 123
89 93
5 24
144 159
55 107
4 60
100 177
69 181
25 184
91 128
3 66
55 68
84 123
159 187
129 163
52 183
72 150
98 175
77 194
86 184
49 91
26 197
143 178
48 127
91 155
8 158
76 109
165 193
0 153
105 129
68 88
134 171
160 184
37 98
178 184
173 179
27 170
123 157
5 100
2 55
10 48
157 166
87 131
87 103
8 36
57 168
54 96
28 56
38 126
45 168
18 62
42 99
57 141
41 165
14 167
49 63
15 130
17 20
98 123
87 104
24 131
27 144
79 124
35 69
2 80
38 64
51 137
58 144
146 175
137 161
95 186
24 25
44 153
42 52
98 120
51 139
35 122
1 31
18 159
23 161
13 51
102 177
36 102
49 198
10 58
34 122
27 83
30 77
79 150
170 175
98 154
137 157
51 116
26 155
6 29
7 39
60 142
58 195
158 191
146 153
17 68
52 187
95 169
127 130
72 105
26 49
7 155
115 159
70 75
105 185
29 177
41 64
59 119
62 100
17 46
15 186
66 154
113 191
121 123
147 192
178 194
86 173
1 40
28 197
111 134
92 133
111 197
30 133
8 33
44 178
31 59
49 116
13 107
89 115
59 180
36 111
53 162
54 197
146 154
65 83
80 168
157 192
91 118
126 174
19 76
60 104
21 30
61 196
128 176
61 85
36 73
89 172
121 187
96 142
67 131
147 159
51 69
91 169
66 112
96 188
37 152
0 67
62 173
54 63
100 190
67 178
39 126
20 65
68 160
7 27
119 199
50 126
18 188
100 172
20 36
40 73
172 193
98 140
55 156
104 197
56 171
176 182
10 148
48 122
7 16
101 167
27 126
66 169
141 197
33 118
159 161
86 106
152 199
159 184
88 155
108 163
11 84
146 173
146 184
0 95
105 148
167 184
89 175
50 173
30 121
144 158
32 65
30 136
64 166
95 171
3 6
17 134
32 40
24 190
37 178
36 177
96 137
20 112
22 185
37 168
143 196
64 175
13 46
29 111
12 158
0 18
114 134
154 187
119 129
97 130
59 118
55 85
105 156
93 119
80 157
13 23
77 105
118 151
14 75
87 147
99 173
57 87
44 185
104 193
75 173
91 154
39 135
43 146
66 97
88 177
54 175
0 32
83 103
150 159
49 118
43 46
100 104
82 85
75 148
74 190
102 144
117 189
64 183
80 184
73 82
9 57
10 127
10 41
113 143
169 183
144 168
26 44
72 108
129 172
119 135
38 198
15 116
179 199
132 164
14 31
37 89
116 175
16 51
78 116
0 111
52 55
78 168
99 192
139 180
74 116
52 115
64 67
31 44
66 163
50 160
129 197
56 91
65 142
24 95
10 135
62 95
15 190
41 141
32 159
28 173
25 58
75 143
93 126
71 111
31 41
122 161
52 180
178 197
2 146
92 157
137 188
19 79
112 155
67 72
45 96
95 155
23 38
30 68
101 116
157 179
84 93
31 64
9 97
153 163
52 105
93 124
1 83
155 189
68 85
152 163
175 192
153 174
69 195
27 175
111 178
9 20
69 175
170 188
65 85
94 170
137 187
20 47
140 188
8 127
25 79
18 123
7 76
2 192
20 97
27 129
83 101
36 59
158 171
188 199
93 195
111 132
33 158
104 173
31 98
123 134
9 63
22 141
86 176
58 135
58 163
141 159
151 152
82 110
23 152
45 57
134 190
30 92
46 156
30 190
65 90
93 99
67 159
45 137
43 73
55 101
36 196
13 187
95 149
49 53
70 107
4 50
49 81
48 95
37 190
77 79
56 170
15 178
68 189
33 60
67 93
86 129
63 99
68 164
70 147
17 129
22 68
101 178
22 25
13 138
17 103
25 69
84 147
15 167
0 96
60 163
86 189
138 178
10 143
37 80
6 112
161 180
3 81
116 171
16 171
85 188
88 149
116 121
17 55
116 132
57 154
44 110
5 67
81 99
40 118
60 98
20 151
23 132
20 103
39 143
44 76
92 132
8 149
118 139
55 76
50 183
27 113
118 132
61 184
36 101
87 196
121 148
145 171
26 168
111 136
70 165
154 156
114 116
33 46
101 193
35 176
100 166
51 155
16 19
7 35
31 117
46 191
131 169
51 88
24 196
18 115
71 141
8 125
171 187
132 193
24 28
108 191
64 129
42 100
29 32
59 150
58 60
93 192
27 181
43 175
110 157
99 194
71 181
107 121
53 66
80 162
9 161
3 178
10 13
32 73
45 112
5 83
37 110
32 186
86 144
32 143
76 195
54 55
97 197
51 106
115 138
125 165
52 95
65 80
57 113
90 170
158 173
127 147
36 66
122 131
10 74
106 157
103 161
11 100
10 69
77 103
7 20
59 154
35 115
77 173
148 167
95 106
5 177
88 136
50 51
109 163
66 159
22 170
32 118
22 191
61 199
16 194
10 62
51 87
35 151
55 82
9 148
14 56
77 145
80 150
113 147
107 189
11 179
29 50
21 195
56 72
18 172
72 182
75 80
22 67
26 29
35 149
6 177
6 49
0 103
2 86
27 65
61 197
38 91
47 185
64 71
188 193
18 89
122 170
93 144
37 120
139 173
102 107
145 157
0 108
109 194
2 126
21 64
11 123
107 170
148 171
41 142
83 111
33 160
5 178
103 133
6 185
30 94
66 182
13 155
81 185
1 186
157 198
108 127
40 121
142 156
152 175
110 161
105 155
161 187
41 124
23 119
170 185
6 125
143 150
137 159
116 144
52 87
43 185
35 116
177 178
72 82
104 185
162 192
93 132
86 123
56 194
109 179
67 179
82 104
10 63
19 154
106 131
127 158
43 193
21 43
68 122
27 104
5 48
98 141
16 180
184 189
10 46
120 141
24 113
23 76
40 42
30 171
100 189
98 144
94 134
57 165
21 162
36 119
70 177
2 18
145 154
143 155
63 152
66 96
40 120
80 142
114 124
3 15
65 102
0 159
124 148
9 110
45 98
168 181
174 199
119 122
18 106
58 74
33 122
73 76
170 194
105 109
95 109
124 160
83 163
111 112
121 159
57 173
154 166
92 177
52 106
11 12
37 70
55 70
99 112
106 129
69 186
15 164
47 139
77 162
174 189
73 86
111 198
29 143
73 105
11 122
85 125
147 175
75 197
2 187
83 96
93 166
22 109
69 130
0 7
32 127
57 149
13 60
56 108
41 113
115 181
58 76
1 51
28 157
48 160
15 145
60 195
17 63
121 193
39 74
71 153
1 102
128 166
114 136
74 155
8 49
71 125
24 66
24 128
52 177
19 136
74 83
79 137
1 101
82 140
75 187
28 163
41 91
155 194
20 180
63 181
28 134
47 59
110 187
23 162
111 116
142 181
12 194
31 47
66 165
40 139
53 102
20 95
146 166
2 78
65 187
59 167
61 166
58 141
23 126
52 156
69 199
52 169
46 134
118 138
124 127
40 99
171 186
66 173
16 53
76 191
142 172
139 146
4 156
80 179
83 85
88 104
57 84
82 156
20 22
140 199
16 95
86 145
44 117
181 190
56 185
89 99
116 182
4 174
58 86
13 42
140 157
69 161
20 131
5 174
142 173
38 145
90 141
76 185
8 57
16 128
27 194
105 111
31 161
47 115
41 129
41 182
38 111
95 121
21 83
26 127
72 146
16 88
92 115
25 123
102 153
91 96
132 149
93 159
75 180
22 92
134 156
146 156
3 197
67 80
24 194
58 170
19 74
58 134
36 167
9 69
100 141
74 117
49 77
119 182
12 104
98 112
47 158
25 115
79 139
138 172
109 191
12 120
125 131
86 156
97 152
70 186
123 188
147 195
3 122
7 78
15 57
173 190
104 105
183 198
170 196
86 113
177 190
17 85
76 170
15 135
58 192
53 77
12 94
109 155
21 145
77 82
2 32
13 198
86 155
20 55
33 124
11 142
39 70
5 64
54 56
9 64
69 147
86 193
34 193
7 102
136 138
85 140
75 90
136 146
61 96
59 131
1 155
19 98
7 105
23 27
114 126
30 119
37 38
109 123
129 181
20 173
57 61
105 166
49 122
77 116
14 50
9 48
75 119
1 29
91 120
59 189
45 97
26 106
156 172
88 97
97 176
94 159
2 33
118 143
63 145
84 111
155 156
139 187
140 142
168 185
13 180
58 174
1 77
2 165
53 109
37 51
150 162
104 131
26 148
11 174
58 171
78 122
109 166
18 60
2 138
15 45
20 118
73 148
38 173
82 102
43 153
119 145
2 68
16 49
28 175
27 151
149 186
30 152
11 48
13 186
28 58
30 57
5 53
3 44
37 107
60 87
108 185
80 110
96 186
90 162
123 194
25 148
24 100
24 36
1 113
124 162
19 181
34 154
24 110
78 83
118 147
56 96
55 176
41 118
73 161
3 148
103 107
131 173
4 161
69 107
69 162
95 193
41 100
17 130
10 160
101 109
30 197
85 117
173 188
79 198
82 149
56 147
72 186
139 142
34 46
148 163
67 109
44 60
9 126
78 171
38 131
69 80
128 198
53 106
185 186
143 158
23 34
52 57
15 32
6 99
2 124
85 112
128 190
56 166
89 121
1 187
46 87
6 73
31 58
3 160
55 161
161 185
42 73
0 181
57 124
36 154
34 95
103 178
51 153
140 192
4 79
11 186
104 170
16 21
173 183
23 87
64 168
4 162
89 185
115 166
2 42
104 133
57 145
90 136
141 149
88 169
26 152
58 173
183 194
18 156
22 76
27 34
39 76
154 164
42 111
175 196
31 153
51 129
40 66
141 190
7 62
30 111
36 88
23 35
53 145
21 46
25 39
60 115
141 166
53 157
94 154
125 158
9 35
53 118
60 102
12 165
90 123
40 160
105 153
45 151
78 85
91 176
70 152
9 62
103 123
33 168
3 181
99 195
57 97
69 159
49 62
68 145
57 179
108 132
106 114
84 192
12 191
83 95
82 93
148 157
125 143
129 138
138 180
35 139
50 159
104 140
70 119
113 178
4 27
40 84
27 172
7 52
87 123
80 100
1 44
139 158
87 130
77 111
65 177
2 136
67 143
137 193
14 58
18 67
86 104
63 131
6 17
70 150
39 146
71 197
1 86
36 115
13 64
67 132
101 199
46 162
136 176
4 105
147 191
5 108
153 191
68 170
150 170
40 189
63 117
3 138
17 174
70 81
3 139
40 100
2 14
87 139
191 192
95 138
3 135
40 95
116 146
10 96
3 86
3 85
66 175
35 158
29 149
40 69
32 169
81 186
120 184
125 127
20 64
17 151
112 175
74 191
153 180
67 170
8 108
70 127
181 183
85 162
10 31
125 194
153 158
89 180
30 58
16 94
30 185
158 197
49 140
30 32
2 97
119 162
81 146
44 100
62 183
75 108
8 180
19 141
49 69
37 199
96 181
22 93
72 91
34 75
80 102
30 151
34 192
70 116
73 160
185 187
134 194
153 168
135 189
86 154
27 50
19 49
63 144
73 130
127 138
10 168
44 78
101 161
24 72
9 29
155 180
42 68
22 169
80 148
25 52
150 169
23 115
51 53
13 151
22 29
57 135
130 170
90 154
42 119
54 116
102 186
18 108
77 98
56 102
6 150
17 23
26 182
71 133
39 45
48 162
45 132
18 22
19 142
19 176
43 158
13 31
60 66
74 111
14 114
33 137
15 31
102 163
148 154
62 99
2 31
21 59
6 11
148 186
5 182
76 177
59 163
71 102
68 89
99 122
37 56
4 154
5 191
18 194
37 78
43 167
41 153
23 143
110 171
74 153
143 183
63 197
40 65
104 114
117 160
95 116
28 135
41 65
8 165
60 158
155 161
72 133
79 86
62 98
30 105
27 116
108 121
25 45
127 186
102 185
13 22
64 189
31 154
24 43
112 138
46 199
78 162
60 132
92 114
38 94
69 139
44 64
2 53
171 190
56 145
46 155
9 138
0 186
65 182
124 133
63 86
147 163
7 98
15 62
108 167
6 36
22 199
52 80
3 24
80 194
101 149
110 126
79 192
96 174
20 96
59 159
106 156
120 181
148 172
28 178
27 137
0 169
31 176
173 177
56 74
79 135
71 184
14 33
62 197
5 8
79 182
20 115
0 144
63 180
74 152
26 160
122 191
2 47
11 169
0 121
57 146
23 112
90 172
147 180
114 160
26 132
29 178
44 77
151 159
119 197
71 178
62 180
70 183
143 191
89 135
152 158
62 91
3 74
53 128
109 135
31 164
142 154
103 116
61 94
76 126
26 196
59 170
139 195
11 91
105 165
86 188
44 129
2 71
83 84
124 172
107 192
98 136
1 63
50 127
77 139
75 199
14 199
10 146
51 58
96 127
172 191
26 146
43 62
29 119
21 34
26 123
76 120
73 127
140 178
28 55
6 30
43 128
53 168
96 132
101 123
68 79
63 69
50 142
134 176
24 160
99 144
179 189
81 169
122 157
112 164
95 151
146 170
23 138
155 199
34 52
31 54
52 132
69 74
3 103
2 127
23 57
33 192
138 190
2 115
76 97
12 73
14 163
1 180
11 15
7 99
64 77
119 173
32 128
148 198
21 182
5 15
95 165
63 98
98 147
62 139
105 172
153 177
58 145
66 116
44 132
95 170
51 127
49 98
76 80
22 33
47 188
4 129
20 179
19 71
78 110
51 133
15 63
26 156
8 72
4 92
5 187
8 174
66 72
10 142
32 104
128 151
9 172
107 145
126 140
16 18
4 21
164 177
30 124
2 74
129 159
13 55
79 167
128 129
32 174
102 162
86 136
43 63
3 31
47 122
21 110
101 195
65 114
96 124
126 142
71 122
85 87
5 78
6 167
93 134
48 191
118 170
13 92
34 166
3 67
29 69
84 106
26 118
32 192
49 70
80 128
86 161
77 92
10 39
4 145
49 127
14 15
133 171
48 174
37 196
66 136
15 120
10 17
42 190
17 145
41 183
85 179
61 189
17 76
77 86
101 144
91 116
35 92
42 187
122 190
10 176
8 144
19 82
58 61
42 55
21 41
54 140
48 72
16 46
102 138
84 89
30 127
76 104
5 69
78 114
149 196
49 110
21 62
64 120
117 161
10 37
0 16
88 179
25 48
56 150
93 163
39 145
68 172
41 49
25 163
71 174
112 120
36 85
135 156
52 101
62 85
139 193
125 139
19 134
42 134
27 33
80 151
101 129
126 192
16 45
52 109
40 88
23 146
48 148
18 76
90 139
30 55
84 181
55 169
11 67
46 141
21 45
98 197
103 141
148 177
157 181
46 57
22 155
21 170
3 97
140 196
124 176
94 129
148 183
54 194
143 146
1 105
82 84
149 194
63 158
37 192
13 113
69 160
63 100
155 163
48 88
131 177
66 134
125 191
71 190
88 198
14 103
51 89
185 190
0 45
148 189
14 190
2 150
17 83
2 198
51 172
55 86
20 28
106 121
64 164
162 177
152 192
17 194
2 43
40 184
85 154
29 144
51 183
49 153
125 132
100 171
80 133
6 143
59 186
173 175
60 190
105 144
95 99
76 142
193 195
42 59
12 79
43 164
90 143
23 135
30 175
29 114
52 90
30 63
27 90
54 148
145 198
5 192
49 148
45 68
79 141
21 39
44 82
134 185
72 177
109 152
90 102
18 192
48 142
8 121
62 90
21 187
12 27
62 179
175 199
59 68
50 79
41 123
84 178
9 13
50 70
112 136
7 49
57 184
75 128
71 150
36 62
129 194
56 98
109 193
72 124
118 159
96 108
8 99
125 178
91 156
5 61
46 50
38 73
80 87
9 74
81 124
33 142
60 199
108 139
107 147
7 38
73 115
81 86
121 131
84 88
61 157
78 94
153 197
30 103
77 121
57 63
15 109
60 99
87 167
95 198
23 157
10 190
83 110
73 194
123 135
2 104
29 101
84 155
83 184
141 157
47 124
2 7
62 151
39 106
104 181
86 91
48 128
38 81
7 184
88 90
9 71
116 141
25 155
65 101
120 189
93 107
165 182
132 163
70 170
54 150
18 88
102 140
43 124
71 165
106 108
15 140
41 131
49 80
70 93
1 169
151 163
47 166
67 188
17 73
138 187
78 161
90 156
104 155
41 120
149 175
26 67
110 165
108 197
2 159
19 81
155 182
73 184
62 198
0 77
31 180
138 147
84 140
10 11
42 188
79 159
98 187
10 156
141 176
48 91
27 110
44 122
31 184
42 108
136 180
50 119
112 197
9 196
19 90
8 84
8 87
43 58
26 151
20 120
63 79
142 168
90 91
122 186
26 180
115 182
32 113
25 34
182 196
22 24
15 30
108 175
69 103
6 15
70 86
180 184
26 161
35 166
53 98
17 168
1 11
37 154
135 150
11 111
118 193
19 93
62 74
31 157
108 109
21 99
65 135
56 140
60 127
26 167
114 164
69 127
25 187
45 120
33 182
64 119
139 152
64 102
71 162
170 173
61 183
39 187
103 153
14 64
30 43
133 146
2 157
73 182
142 193
175 179
66 191
3 46
75 83
8 56
192 197
69 185
23 183
40 48
70 189
43 122
0 168
114 186
113 193
165 185
131 168
14 183
191 195
23 193
92 135
119 130
130 160
7 162
96 153
25 91
10 171
127 156
87 108
43 54
34 77
118 121
40 112
32 149
32 74
144 188
97 191
36 168
96 139
47 126
174 184
90 190
125 170
19 110
47 92
40 181
21 33
135 152
6 178
150 167
110 166
0 154
78 140
18 105
32 37
17 173
80 115
134 137
184 191
26 172
24 60
145 176
147 151
54 72
6 176
54 178
84 146
24 135
68 194
60 178
11 191
2 109
88 127
103 126
23 100
127 137
113 181
89 161
85 95
120 175
173 195
33 66
120 174
22 63
17 110
10 45
40 76
57 167
122 165
100 126
11 39
65 107
77 193
50 179
45 188
35 114
117 196
51 132
74 129
71 159
140 152
147 149
71 112
35 190
7 163
94 192
0 73
42 141
70 78
55 187
26 59
45 119
1 145
113 127
65 115
88 168
179 192
12 169
28 128
74 177
120 177
115 148
126 145
29 185
138 169
96 175
51 143
68 115
59 83
38 157
28 169
82 137
66 122
37 182
137 153
15 134
0 44
26 138
122 171
115 142
73 174
164 167
53 89
61 172
61 90
12 143
78 128
1 17
31 135
32 46
184 193
90 171
62 122
83 177
27 103
108 194
67 161
35 192
133 138
92 148
150 179
27 182
25 172
67 166
41 144
129 190
9 58
113 182
18 95
70 125
96 130
140 187
79 166
19 58
101 196
19 31
63 127
12 145
22 117
155 190
124 193
2 172
127 164
12 42
9 134
25 199
22 30
45 89
37 72
16 52
29 199
116 197
3 153
13 58
135 174
159 176
75 107
64 87
35 87
9 42
117 186
2 158
183 191
30 199
43 181
180 193
97 135
108 146
72 101
0 54
55 135
22 107
71 94
61 65
103 131
51 57
34 89
91 186
53 166
84 103
102 182
3 163
6 158
150 164
61 71
85 124
138 165
20 150
2 69
77 110
77 188
174 182
36 120
93 157
139 147
102 139
102 146
12 117
152 176
19 166
47 95
3 164
33 153
54 136
107 165
48 165
42 147
22 162
67 135
74 119
11 14
68 128
109 140
13 137
68 108
4 134
31 189
88 119
44 147
9 84
126 195
108 170
41 44
37 112
4 118
72 184
91 162
150 160
26 27
11 168
8 16
12 130
15 155
21 103
93 129
62 125
196 199
26 66
91 195
11 86
5 113
46 75
102 114
122 167
30 82
55 134
133 180
6 136
20 169
58 87
5 196
130 159
91 135
72 90
18 162
16 116
85 153
7 86
72 120
37 159
122 127
64 91
109 128
78 149
31 136
27 188
70 141
184 186
10 157
180 190
17 136
95 174
25 120
14 47
31 174
122 137
17 38
116 183
14 118
4 58
97 193
128 131
93 108
74 157
91 146
19 68
18 66
35 49
31 123
107 141
12 100
56 73
67 70
151 154
36 198
36 92
144 193
118 195
38 161
10 94
112 182
69 114
37 93
53 186
170 198
37 115
172 187
8 151
31 48
149 154
144 195
41 111
45 154
154 183
14 20
52 107
57 105
93 154
10 92
20 124
113 135
52 85
39 84
33 151
48 186
28 96
2 141
107 154
95 163
108 117
106 152
78 193
58 65
102 165
111 156
51 195
134 180
51 77
96 170
78 191
2 181
92 165
28 152
35 86
28 104
121 164
39 82
150 175
38 75
145 186
77 78
120 129
82 154
77 134
77 130
58 199
1 39
36 104
17 42
56 82
57 76
6 114
52 114
172 180
87 195
6 130
88 164
7 71
22 126
86 162
87 179
128 169
156 187
178 193
15 71
48 75
48 125
6 20
7 136
95 166
7 19
181 184
145 193
80 108
39 195
160 164
27 117
94 172
15 173
14 123
89 117
21 88
2 26
34 171
62 94
3 57
85 164
64 173
33 68
37 125
129 162
92 168
36 146
82 159
151 160
1 133
27 39
25 87
150 198
157 159
118 133
10 153
82 180
72 172
3 192
39 132
14 90
50 199
0 165
5 135
23 179
129 182
54 125
1 163
136 169
56 122
36 147
5 71
61 160
16 193
106 199
125 157
92 102
81 82
65 67
11 192
94 119
29 82
48 198
18 56
117 121
45 78
106 141
51 189
11 63
140 172
42 89
17 171
84 124
36 87
29 107
141 181
56 112
38 129
29 83
159 170
95 139
31 156
45 67
149 168
5 121
64 170
6 160
103 168
93 118
98 99
9 176
22 69
101 159
16 81
154 167
52 135
104 125
27 92
14 157
115 139
108 118
11 33
84 158
119 140
9 106
78 160
128 175
97 108
9 124
64 116
129 152
54 172
16 196
34 153
31 125
68 101
53 185
64 95
138 156
15 196
93 156
135 191
7 93
3 22
111 175
29 108
15 144
61 127
28 126
44 135
21 25
1 36
22 71
82 130
8 164
41 95
67 99
38 170
11 52
51 122
47 75
21 40
74 146
34 99
122 129
92 189
107 180
7 119
110 152
115 129
162 179
67 96
56 97
55 89
41 119
118 153
92 192
34 184
15 133
52 91
174 195
55 162
76 111
34 130
43 172
180 194
33 173
62 83
126 152
138 197
102 189
0 136
133 173
16 103
29 138
75 85
71 177
5 101
114 137
40 47
110 170
48 123
14 61
45 111
70 100
139 156
89 94
53 121
6 194
80 123
29 38
144 177
24 175
59 86
100 146
72 144
11 94
79 117
73 136
171 178
92 167
113 183
50 64
37 79
54 166
29 175
111 190
29 127
26 122
81 195
93 170
13 41
108 158
31 45
168 175
60 198
64 110
101 141
19 180
10 117
28 161
89 190
115 151
72 98
37 117
25 98
22 48
28 60
90 96
31 167
148 168
18 129
32 72
82 123
13 21
38 78
71 126
13 153
94 162
122 185
9 164
150 176
96 105
31 177
75 103
9 113
91 199
12 189
3 88
16 146
40 41
115 178
27 145
5 127
22 182
15 136
58 182
75 192
164 197
90 165
83 157
88 144
145 150
51 181
107 197
9 197
37 92
171 192
14 42
88 102
20 27
34 47
172 184
121 149
9 47
29 49
57 190
46 102
27 190
131 157
3 171
39 158
50 163
14 94
177 195
75 135
122 183
151 156
31 93
68 120
94 179
77 177
148 190
29 80
58 82
104 192
100 183
93 197
119 127
76 84
23 61
50 116
67 189
140 198
112 188
41 192
99 170
26 114
4 123
56 84
81 106
22 128
24 39
44 84
142 185
103 105
20 101
132 198
39 41
11 76
90 103
46 126
162 178
3 196
101 174
133 196
29 172
20 73
8 114
31 172
164 170
5 116
9 192
51 169
47 98
9 25
62 152
156 157
58 188
13 87
113 157
72 173
36 124
44 107
0 14
16 175
26 78
15 125
41 76
29 135
44 55
43 137
138 191
55 116
10 179
6 152
39 104
62 172
61 147
30 140
46 125
2 65
39 152
31 94
168 197
52 89
70 146
89 194
5 122
109 181
20 128
13 52
35 74
65 199
76 166
63 184
78 102
61 88
85 148
79 89
12 84
168 172
125 134
67 94
34 174
88 199
26 177
4 53
84 176
145 159
102 127
144 149
6 161
28 127
85 114
4 131
181 191
69 105
83 190
16 144
60 85
65 161
41 89
99 149
47 106
58 161
126 159
105 132
85 120
5 11
16 199
88 132
7 193
28 98
106 128
7 120
27 180
6 190
132 188
45 150
17 22
28 130
81 180
68 196
62 167
42 105
18 23
83 153
54 141
82 174
1 107
52 141
154 191
8 138
68 177
157 189
101 137
39 93
82 198
82 100
117 173
6 27
40 58
65 106
0 9
61 139
17 190
158 159
176 189
10 164
139 198
64 111
69 115
43 173
109 196
11 83
101 103
69 104
43 79
2 72
38 171
96 191
12 75
65 162
73 134
69 85
27 186
62 176
130 166
58 146
80 93
123 156
42 109
111 148
17 37
43 196
94 135
23 75
85 183
51 111
29 77
80 129
135 169
61 101
37 169
98 176
12 124
9 49
94 158
45 140
16 28
19 153
124 140
153 169
106 185
99 193
59 155
16 151
113 188
39 197
48 166
44 158
0 3
17 184
45 93
93 151
31 144
96 156
36 139
27 158
89 124
76 88
136 186
142 148
149 165
10 50
95 195
59 192
148 164
107 118
17 95
9 127
4 151
92 138
22 137
31 181
143 170
87 157
92 159
39 98
7 12
17 199
23 133
82 99
3 68
13 177
52 195
111 199
3 50
92 93
25 72
124 195
34 168
13 82
0 4
119 151
50 107
118 131
66 76
139 183
65 139
109 141
166 184
43 94
20 88
25 128
24 88
151 192
58 96
42 49
73 113
149 180
116 179
41 196
7 182
58 191
145 148
51 109
146 152
105 125
34 185
74 150
9 101
57 66
109 111
107 185
39 174
86 105
79 107
101 114
62 159
10 105
56 157
9 72
103 129
89 134
36 114
75 163
30 89
133 152
91 192
17 89
128 183
91 122
7 23
69 157
56 124
51 68
26 31
67 126
13 59
20 56
3 109
73 187
37 195
30 45
139 171
58 66
50 154
1 78
57 106
43 96
77 94
75 109
21 142
131 162
156 175
13 152
75 96
77 133
3 127
33 134
40 186
29 43
89 120
124 164
97 181
