100 250
108
38
92
20
56
40
60
93
92
113
60
118
75
76
24
117
76
91
96
102
30
68
68
42
36
27
21
87
46
47
89
86
117
61
38
53
81
79
26
106
72
119
104
79
75
108
28
83
31
104
66
93
104
66
115
20
25
68
87
104
95
109
70
93
50
41
78
64
52
85
50
56
84
86
115
91
26
23
54
37
60
52
110
44
98
57
97
56
57
116
40
32
105
42
57
88
63
116
84
95
83 89
27 99
79 90
65 98
67 84
33 58
46 90
19 33
21 56
29 99
95 96
78 79
24 57
16 30
34 60
2 76
17 27
29 48
17 94
1 98
14 56
4 87
2 6
37 76
14 88
5 63
42 83
59 93
9 72
58 71
73 85
12 27
2 27
49 82
25 35
63 81
19 74
32 36
12 56
47 97
17 62
52 80
4 73
28 63
34 82
19 86
8 13
62 84
40 66
17 63
1 78
28 98
86 97
6 60
59 98
3 67
21 35
25 71
34 61
53 95
21 91
15 81
56 99
43 48
17 59
65 70
16 37
35 98
2 11
1 93
70 96
20 92
31 92
69 92
75 78
88 99
55 66
23 80
6 76
23 71
35 89
24 93
5 44
7 59
4 55
60 77
0 81
69 84
25 91
3 28
66 68
55 84
23 87
29 59
63 83
50 52
72 98
75 77
86 94
49 84
91 97
26 43
48 78
27 55
8 91
9 58
65 76
0 93
5 53
29 68
34 88
60 71
84 98
37 78
73 84
27 79
57 70
0 23
2 5
48 55
10 66
57 87
3 31
36 87
8 68
57 96
28 54
38 56
26 45
62 68
18 99
41 42
57 65
14 41
49 67
30 63
15 20
17 98
4 23
31 87
24 44
24 35
2 69
38 80
51 64
37 58
44 46
37 75
61 95
24 86
25 53
42 44
20 52
39 98
22 51
31 35
1 59
18 23
51 61
13 77
2 36
49 98
35 63
10 58
22 34
27 83
30 77
50 79
70 75
54 98
37 57
16 51
26 55
6 29
7 39
42 60
58 95
58 91
46 53
17 68
52 87
69 95
27 30
5 72
26 49
7 55
15 59
5 85
29 77
41 64
19 59
0 62
17 46
15 86
54 66
13 91
21 23
47 92
78 94
73 86
1 40
28 97
11 34
33 92
11 97
30 33
8 33
44 78
31 59
16 49
7 13
15 89
59 80
11 36
53 62
54 97
46 54
65 83
68 80
57 92
18 91
26 74
19 76
4 60
21 30
61 96
28 76
61 85
36 73
72 89
21 87
42 96
31 67
47 59
51 69
69 91
12 66
88 96
37 52
0 67
62 73
54 63
0 90
67 78
26 39
20 65
60 68
7 27
19 99
26 50
