100 2000
59
30
34
46
78
88
81
38
25
64
118
101
114
85
104
100
85
83
48
105
103
82
58
28
27
25
35
106
27
50
107
66
60
74
44
118
94
105
89
100
101
39
81
96
104
117
28
21
81
56
107
116
71
45
25
78
50
92
117
109
22
56
55
62
62
32
113
37
69
34
117
51
53
78
27
89
76
87
90
89
24
77
85
27
54
42
37
36
115
86
25
117
75
113
112
117
25
105
34
74
67 95
28 45
20 36
61 98
57 76
5 44
65 86
37 67
90 94
17 76
37 39
22 58
16 39
12 90
18 83
2 3
0 13
49 83
44 72
1 48
39 70
6 81
12 76
23 89
60 67
26 63
2 28
68 93
85 86
39 96
48 99
1 22
18 20
1 20
19 58
17 59
29 98
17 41
26 93
30 46
5 45
24 34
47 92
27 84
31 75
76 82
23 98
83 95
17 36
67 88
84 95
76 99
35 69
13 17
0 62
59 67
45 83
45 53
28 32
29 59
5 7
41 82
56 77
25 77
45 65
13 60
65 81
16 36
6 34
30 48
6 41
3 67
21 77
0 5
30 53
13 16
9 87
86 95
20 25
22 52
64 86
1 3
72 89
7 54
37 65
4 95
20 24
29 83
3 45
42 96
43 55
90 93
20 62
42 97
3 98
63 70
22 92
29 76
23 39
11 86
15 48
32 77
87 98
46 75
42 82
27 72
34 62
25 57
35 87
55 90
2 77
24 83
5 64
15 28
2 26
18 76
11 54
68 98
67 81
15 32
4 9
23 42
67 91
78 80
6 87
8 68
16 51
21 84
68 99
22 50
26 78
40 89
32 61
39 65
28 72
37 80
23 28
12 19
42 93
49 97
66 80
9 49
69 94
70 89
20 45
12 23
4 47
31 64
56 65
45 97
77 80
8 34
47 52
47 80
29 40
48 72
47 57
69 73
3 44
49 58
22 64
24 63
41 79
47 96
44 97
42 77
73 76
37 78
69 75
25 67
73 99
46 92
65 82
67 86
9 78
26 35
0 11
31 41
52 88
28 49
22 32
58 78
50 68
26 36
13 37
88 93
37 38
20 35
3 54
6 12
32 41
33 90
32 53
57 64
20 44
5 59
37 66
17 63
5 51
43 95
64 88
2 83
26 70
29 74
25 81
57 93
74 84
42 79
59 68
37 40
3 96
45 70
60 85
87 91
30 63
38 79
21 70
81 96
44 56
25 69
71 89
63 78
7 21
43 75
15 80
28 83
13 53
13 73
56 92
37 74
68 94
45 68
2 41
12 58
19 33
90 99
11 62
84 97
24 57
37 64
39 48
17 52
31 53
46 78
67 87
20 34
35 65
2 37
59 66
47 78
46 51
62 68
17 61
18 47
41 63
8 32
25 63
17 37
15 56
15 96
34 87
69 82
5 36
16 59
2 58
5 94
5 14
18 67
66 83
24 36
30 96
8 45
22 45
14 30
29 60
78 94
60 69
16 26
27 96
42 50
36 85
42 55
2 23
41 49
23 61
45 69
67 69
15 83
27 50
28 65
22 86
89 90
12 85
17 54
36 54
42 91
57 66
60 81
42 58
4 83
4 11
23 78
40 73
5 6
2 80
22 91
3 28
9 39
16 93
51 60
42 47
0 78
38 80
14 74
78 85
16 38
11 18
22 75
54 65
8 66
21 76
15 37
5 82
33 60
3 65
32 44
12 55
34 65
8 86
24 80
18 39
9 40
14 81
47 85
3 68
44 55
77 92
11 59
50 71
15 45
26 77
11 81
42 46
80 99
54 79
4 93
49 96
30 55
10 40
29 78
85 95
72 74
29 85
32 79
57 77
35 95
6 54
48 69
4 68
85 99
0 4
59 82
30 44
12 51
47 75
19 26
35 51
44 58
5 80
79 87
48 63
35 68
16 68
27 67
19 36
2 95
32 46
7 14
11 45
57 65
89 92
47 68
36 49
15 52
36 68
16 23
36 40
94 98
75 82
45 77
14 92
23 44
75 91
59 76
26 96
64 94
52 87
31 79
17 25
7 62
63 92
7 74
83 96
38 96
3 27
50 82
25 78
6 61
73 87
57 82
41 65
60 89
4 14
30 66
74 93
10 48
52 94
0 44
23 84
3 66
33 73
34 91
17 39
61 73
6 7
48 71
60 72
8 76
26 38
0 95
5 83
48 87
44 51
35 40
43 67
53 92
29 97
20 78
14 52
20 82
68 84
29 65
12 91
19 59
55 92
65 92
34 37
30 56
6 59
27 31
20 31
43 70
61 79
42 87
31 91
14 51
21 75
67 68
15 88
50 56
13 44
32 54
14 43
12 93
33 74
25 92
20 26
14 39
2 99
34 90
33 48
8 93
21 61
27 36
50 84
38 46
70 97
0 63
13 56
40 98
32 33
53 76
15 46
0 52
1 95
49 85
45 88
2 70
59 73
50 97
20 58
21 51
16 33
11 14
42 57
56 64
57 69
8 59
46 64
52 60
83 91
16 54
10 94
77 91
35 61
63 64
56 97
80 86
22 46
32 97
13 88
40 97
0 82
8 46
21 46
51 90
4 57
6 98
29 41
5 71
25 54
14 28
23 63
12 63
52 76
11 60
21 53
9 51
42 60
41 46
0 70
90 96
36 89
7 71
16 46
0 87
53 93
16 81
45 79
91 98
3 56
12 65
48 78
0 48
84 90
61 90
36 43
29 31
22 89
36 70
5 90
15 21
50 65
68 77
75 83
5 23
5 88
40 71
7 47
8 82
33 89
11 12
34 70
53 75
49 74
67 77
39 87
16 35
10 62
51 68
85 91
56 73
15 18
66 81
51 53
73 86
40 87
0 89
14 77
53 56
64 91
21 79
47 91
68 72
23 79
12 81
2 85
18 88
5 58
28 59
43 94
50 88
53 96
70 94
0 32
31 95
63 91
3 91
1 68
59 91
40 80
55 82
73 77
31 51
25 95
83 94
28 42
74 88
64 72
59 74
3 17
59 75
61 95
20 60
38 92
12 45
74 90
19 96
2 78
47 73
27 93
7 8
88 97
52 81
7 69
25 64
36 90
48 86
10 76
40 74
14 21
16 92
62 94
19 74
28 55
81 95
15 77
0 98
75 99
7 11
45 89
51 59
42 78
17 46
35 80
81 93
12 42
49 55
21 97
4 97
13 95
7 19
18 65
23 86
53 70
80 87
67 99
19 92
13 49
56 57
1 63
45 60
23 49
43 57
22 28
6 90
42 49
7 77
0 68
53 73
5 29
6 14
77 98
44 60
83 89
45 98
73 78
20 68
31 62
9 18
21 38
61 66
28 67
9 92
33 72
10 21
25 27
25 80
54 92
21 44
67 75
53 94
15 92
24 73
29 91
33 51
29 46
9 17
9 13
71 85
81 94
6 91
51 61
72 83
57 58
51 91
63 84
48 60
45 80
20 91
82 94
42 76
1 75
2 34
4 77
69 85
0 55
5 74
65 89
21 74
25 62
34 53
57 97
10 79
3 53
8 31
10 54
65 99
12 68
61 75
12 18
49 53
45 74
9 52
50 51
18 61
14 89
5 21
22 99
14 20
46 86
10 20
23 81
39 83
3 58
11 20
23 64
13 82
84 94
51 56
13 84
24 35
87 96
2 73
9 42
5 79
13 29
28 68
8 96
43 54
11 15
17 75
38 82
10 74
18 77
13 77
1 32
0 71
2 49
45 92
63 76
93 97
77 89
13 85
8 85
49 92
13 76
44 86
41 86
12 72
41 57
4 16
27 49
42 63
65 80
57 71
47 81
18 57
12 14
52 96
53 87
25 74
94 97
53 69
16 86
2 9
46 81
45 78
3 59
44 74
57 68
40 64
28 61
53 63
17 84
6 22
22 38
92 95
73 91
65 93
20 23
62 75
7 34
16 42
19 29
65 75
1 4
26 45
7 67
8 51
94 99
34 44
22 68
33 54
81 87
26 29
3 18
30 43
74 97
8 69
41 59
3 64
23 26
55 78
7 42
56 87
26 83
78 86
57 61
75 84
14 32
79 83
40 78
13 99
29 71
23 54
51 78
7 50
8 57
14 25
12 49
27 60
11 55
25 97
76 87
9 79
6 74
30 77
4 84
1 55
62 74
60 64
34 41
27 44
7 84
57 96
54 62
1 21
30 82
80 89
57 62
67 98
16 65
31 70
9 47
9 88
89 95
80 84
41 96
58 76
49 95
11 78
32 91
67 89
5 33
68 75
8 53
0 58
20 69
17 40
61 77
18 25
15 66
26 74
63 69
26 99
29 53
24 50
29 77
10 39
30 31
11 22
97 99
29 70
22 96
74 80
7 95
21 43
3 60
53 78
14 63
69 96
18 95
5 70
44 87
40 67
35 76
10 68
8 27
3 5
79 86
47 98
47 82
35 83
25 49
47 50
45 96
64 80
34 36
24 26
55 60
2 75
10 70
2 27
6 63
40 88
11 75
23 88
25 73
35 70
15 70
13 86
53 72
1 77
8 98
0 37
35 59
38 62
27 87
31 45
43 71
9 46
23 46
82 83
32 49
54 70
5 24
3 84
21 32
56 68
33 70
58 72
41 98
17 93
10 99
61 97
34 96
31 80
53 81
12 75
17 87
71 99
73 84
45 81
4 78
1 50
55 67
19 46
45 71
29 32
15 43
33 95
60 95
60 77
2 18
63 96
35 52
41 87
43 66
63 87
34 92
18 79
89 98
6 84
13 83
44 95
60 74
31 55
55 88
3 73
31 43
46 94
30 90
67 80
64 98
5 46
48 52
18 38
27 30
12 34
40 61
8 90
4 45
59 96
27 71
74 85
8 54
24 52
3 22
37 73
16 60
4 72
2 17
21 25
73 90
61 81
53 84
21 90
14 38
77 95
44 80
70 81
6 30
62 97
55 99
20 79
57 92
34 93
30 74
10 25
62 84
48 68
10 82
38 87
0 67
12 82
37 87
9 56
3 76
58 90
29 37
92 94
8 62
30 76
56 86
47 65
29 92
45 99
18 33
5 57
69 71
32 76
52 77
19 61
1 26
18 75
0 73
47 62
5 50
20 73
1 45
14 80
27 73
16 52
16 91
40 91
35 44
9 91
11 50
48 70
18 93
19 83
35 56
38 60
51 99
19 94
17 42
9 33
5 9
33 97
69 93
15 59
57 83
17 70
14 56
31 49
34 45
39 49
53 91
8 14
70 77
19 98
68 92
21 26
14 17
45 47
4 12
21 72
35 38
29 66
75 87
0 88
5 66
27 80
9 20
49 91
59 93
11 80
19 80
25 75
81 85
3 75
47 84
87 93
30 75
9 22
16 58
14 75
51 77
23 55
53 58
29 79
65 69
20 89
88 96
4 89
34 51
36 98
7 58
27 59
2 68
2 10
43 60
44 96
61 69
10 65
13 33
54 74
57 88
55 77
77 87
62 88
14 31
13 69
46 80
76 85
16 22
14 26
69 88
17 21
76 98
5 91
38 71
22 51
74 92
23 70
50 70
7 22
17 78
13 67
36 53
1 57
41 58
30 45
16 48
22 90
18 98
21 60
19 20
37 99
19 32
10 41
19 91
42 94
26 53
35 71
19 57
89 94
6 55
10 27
26 62
10 16
33 35
24 45
9 81
11 71
2 74
20 90
16 96
8 87
58 87
53 66
69 72
2 13
33 65
20 74
42 53
29 52
32 87
25 87
10 97
21 83
12 80
78 84
50 98
37 61
3 34
39 43
57 85
41 60
11 98
26 60
9 61
41 81
25 59
77 90
27 40
38 40
14 97
4 27
87 90
19 81
39 64
7 25
3 30
39 68
49 64
32 90
10 61
39 55
21 95
19 90
81 88
32 83
60 61
12 83
13 80
74 78
54 75
66 75
9 60
2 22
67 84
51 57
18 45
43 89
7 81
25 61
21 93
55 79
27 58
29 57
76 80
13 89
11 28
52 89
77 79
2 52
27 70
88 95
9 12
14 67
2 98
6 51
26 55
33 49
9 55
8 39
53 67
79 93
14 91
10 43
39 73
41 47
48 67
0 56
3 46
39 78
57 63
77 84
10 57
1 23
30 49
17 90
0 64
8 56
54 64
60 73
17 85
22 61
63 77
31 47
6 32
16 94
96 98
28 39
82 97
97 98
6 46
60 66
36 45
68 96
54 83
80 83
12 46
29 75
11 61
11 25
10 31
17 73
43 83
18 41
44 47
85 92
72 79
6 48
20 22
18 86
0 45
70 79
11 89
1 28
62 96
36 81
65 97
91 93
2 72
8 63
35 72
59 83
21 54
27 51
6 21
48 75
10 12
72 75
34 60
8 52
15 26
79 99
14 50
10 56
36 37
8 9
82 95
94 95
6 57
82 92
42 90
51 96
50 54
36 80
65 68
31 67
70 76
36 78
26 80
18 26
21 27
9 66
24 51
2 59
26 41
42 72
25 94
14 70
6 79
3 38
56 99
63 65
25 58
26 86
32 67
13 75
7 92
6 52
77 99
35 50
73 79
11 36
14 69
26 44
42 44
12 25
26 39
2 33
32 85
8 61
11 37
36 59
4 5
25 31
66 97
66 99
11 65
91 92
2 4
13 50
35 81
13 15
26 58
39 74
26 75
82 85
32 62
65 85
19 31
70 83
81 90
36 92
16 29
2 92
70 92
12 31
58 81
42 73
38 95
20 84
18 63
6 8
1 7
83 87
23 31
68 85
1 98
51 97
30 61
4 25
52 84
28 47
63 94
46 56
4 70
16 24
7 35
86 92
6 42
36 83
18 68
25 44
43 96
57 70
16 64
14 72
19 88
17 81
18 72
51 95
78 92
74 76
19 27
44 52
61 63
36 93
5 11
35 42
66 88
2 35
18 81
27 46
55 68
31 98
10 50
42 62
5 12
43 50
6 49
65 67
0 61
85 94
0 49
68 69
0 83
67 93
9 50
63 66
58 69
58 60
22 82
83 85
29 50
42 51
2 88
36 82
37 72
6 17
11 95
19 35
23 92
57 80
41 95
19 44
22 37
32 73
10 91
50 69
8 43
71 95
82 90
42 52
36 76
11 73
5 20
69 87
23 62
6 72
38 64
45 73
8 47
16 97
24 77
24 92
35 48
43 87
19 60
78 89
0 85
30 86
67 83
27 65
13 91
50 62
27 45
51 62
28 70
49 79
5 62
47 64
2 5
18 19
39 84
83 98
50 60
33 58
10 78
53 60
8 75
80 97
15 34
34 71
3 70
45 72
15 30
30 78
3 42
27 56
35 54
15 58
52 83
30 67
18 53
16 76
13 30
48 97
31 44
4 75
50 78
17 22
40 75
25 38
8 37
63 90
20 40
16 85
23 60
72 73
71 91
72 76
42 99
5 41
42 95
38 58
50 91
10 42
31 65
4 23
66 90
75 97
43 61
26 76
15 68
47 71
5 81
37 97
63 83
12 77
0 94
37 48
4 26
45 63
6 24
34 73
23 57
28 73
10 90
25 90
3 86
3 50
86 87
61 70
39 77
84 99
54 57
56 95
0 79
43 56
27 33
13 74
40 51
13 62
35 64
12 98
18 40
35 55
54 55
1 99
9 48
27 88
14 71
28 44
15 31
12 79
4 81
37 98
47 88
0 42
9 82
90 97
51 69
52 62
7 53
16 47
70 80
26 51
24 85
40 76
28 97
23 77
2 19
9 84
88 99
30 37
22 93
41 76
66 68
20 88
46 48
33 92
32 71
16 61
35 97
77 86
60 75
1 16
53 88
54 89
9 21
43 69
19 69
54 97
17 67
52 65
17 43
54 91
51 66
4 66
6 83
57 72
13 78
34 56
6 43
82 99
16 21
1 87
12 30
25 33
46 50
38 63
14 66
35 86
13 32
7 31
21 68
19 50
85 96
40 72
42 81
19 70
46 57
80 91
11 46
25 51
62 72
21 52
35 93
37 89
39 81
20 61
32 39
29 82
7 12
51 87
16 71
78 82
5 63
29 84
13 81
1 30
1 40
20 37
63 81
76 84
31 99
49 73
22 41
37 51
4 64
65 66
58 80
24 79
25 36
12 52
8 79
56 66
39 88
49 76
35 82
15 53
27 99
57 73
71 73
40 50
20 29
0 86
38 39
5 73
48 88
48 58
16 84
6 18
71 79
82 98
11 70
56 63
82 93
23 99
37 63
13 38
57 95
75 93
15 25
28 95
79 92
3 32
37 47
22 77
88 92
13 59
27 43
60 87
9 83
18 94
11 85
28 98
57 86
17 45
0 1
37 79
22 26
33 71
36 91
40 79
12 60
61 93
11 99
2 56
21 57
0 25
10 24
12 16
86 93
43 64
66 69
22 60
31 35
24 46
26 54
81 92
13 63
10 84
34 42
54 81
2 32
7 73
4 62
87 94
80 92
6 11
55 98
39 62
23 69
72 87
36 58
61 83
9 32
33 69
13 66
60 71
10 33
85 98
41 73
56 70
17 33
5 61
23 72
5 87
1 81
13 35
31 50
48 64
46 76
48 93
41 56
41 88
9 11
14 65
63 95
2 46
2 47
38 74
40 54
40 77
48 81
57 98
48 53
2 61
5 65
31 68
22 55
27 35
31 36
18 70
18 66
51 76
11 38
58 97
43 52
81 83
61 99
1 86
22 23
26 48
1 29
7 55
13 45
10 19
14 37
49 65
21 39
13 18
5 42
45 91
41 92
26 49
40 99
2 50
34 86
86 88
73 80
7 91
3 93
15 99
45 64
36 66
27 55
2 30
93 99
33 77
17 79
5 19
78 97
43 48
16 82
79 94
60 80
41 68
28 81
56 80
35 37
26 37
72 94
22 25
17 58
11 41
23 58
29 39
18 99
13 52
0 7
31 74
24 74
66 77
61 87
2 25
38 93
22 81
60 76
1 73
2 44
65 70
31 87
25 30
34 55
3 9
20 85
70 88
17 89
49 67
9 63
25 47
4 15
52 63
38 89
55 85
14 53
2 36
33 34
82 96
56 81
8 13
12 96
38 77
15 64
21 96
31 85
12 62
46 73
38 88
19 66
13 71
20 81
5 10
43 91
12 87
2 86
38 94
76 93
64 68
2 14
26 32
13 27
46 62
3 77
17 50
4 80
48 51
46 85
41 61
1 13
79 96
7 82
62 80
21 91
35 45
52 64
56 90
45 51
42 54
8 67
16 87
16 98
21 65
77 82
16 75
6 40
43 45
31 48
19 39
35 67
73 85
14 58
82 86
34 48
50 76
2 15
0 34
27 47
73 93
50 79
49 62
