300 500
97
116
35
60
48
78
30
88
57
86
52
107
32
51
70
46
77
56
56
99
86
41
104
67
117
56
30
96
66
86
97
43
34
64
35
114
23
45
83
60
111
115
100
75
98
50
102
108
86
38
87
53
111
23
52
108
59
62
36
57
80
65
32
46
110
48
41
65
25
104
57
69
51
37
24
29
67
58
117
34
28
36
119
119
39
51
60
30
45
28
119
57
26
32
83
116
112
104
113
117
40
50
66
23
68
23
33
115
113
82
81
22
99
80
73
70
63
65
33
88
74
32
25
80
44
89
28
36
25
21
86
98
103
32
101
51
87
114
99
81
29
60
35
108
21
88
110
64
34
23
85
40
88
90
100
112
111
60
81
69
113
47
47
96
111
28
28
79
75
107
92
84
47
107
24
48
75
114
45
41
70
110
61
38
32
41
82
76
33
95
25
26
74
104
103
66
112
111
77
67
50
49
31
77
36
87
58
43
82
35
65
84
25
106
54
89
80
68
45
93
44
102
100
50
86
35
96
79
26
53
78
56
34
90
65
50
109
103
26
71
118
71
87
75
109
73
45
69
22
70
95
98
53
27
28
71
42
57
30
100
90
89
88
57
111
33
39
100
69
45
104
67
48
23
75
38
77
100
39
79
102
66
109
87
25
117
39
47
106
101
79
77
22
47
66
113
61
85
46
110
123 222
18 83
244 267
102 184
35 181
180 289
154 224
101 124
172 183
11 71
27 215
75 285
121 209
26 297
229 249
223 240
11 104
49 58
161 278
65 285
26 94
0 297
3 122
101 186
164 294
74 257
79 294
201 252
203 228
2 204
209 242
66 179
237 253
167 283
150 204
101 296
98 230
233 296
149 272
171 267
13 128
93 144
46 174
77 97
26 99
33 288
93 212
54 99
202 273
104 134
177 235
107 153
86 149
58 93
51 264
64 77
145 170
19 209
58 217
149 295
157 182
250 283
37 147
49 101
10 236
205 239
58 171
99 257
244 260
11 16
93 208
105 127
16 36
177 285
26 146
3 280
260 264
6 107
53 159
116 208
95 166
55 267
206 224
236 276
44 150
111 299
127 190
206 216
93 215
62 243
119 223
117 132
175 239
45 239
35 200
161 182
66 268
149 290
175 178
77 279
222 278
112 188
105 157
70 125
13 250
122 187
56 289
254 280
193 284
25 71
93 238
211 253
155 207
134 202
85 233
7 211
100 263
121 172
257 294
207 298
60 237
29 49
35 293
29 81
107 281
126 152
45 106
4 38
13 292
98 138
50 225
157 240
29 202
113 159
24 111
84 118
48 200
94 185
18 235
123 216
125 276
43 223
81 134
147 227
66 73
50 297
154 168
70 290
104 184
260 281
99 215
96 264
33 299
110 235
51 233
151 229
246 261
147 152
27 79
46 152
43 197
65 202
198 245
134 187
49 168
16 94
242 268
32 267
142 275
26 254
128 158
141 255
104 159
184 289
35 239
36 188
131 291
6 29
193 288
37 163
9 62
82 105
138 251
101 226
32 56
4 160
12 214
18 54
43 171
162 254
130 291
13 51
34 57
42 74
2 257
64 163
266 268
198 269
0 158
191 195
56 252
103 270
157 264
40 187
252 295
50 135
38 101
124 148
210 243
198 212
61 200
29 219
81 227
188 240
136 279
35 131
140 286
57 104
144 150
43 96
93 197
235 283
132 246
111 156
9 127
79 121
122 202
203 298
181 239
143 161
26 127
248 267
13 58
123 209
166 208
5 157
12 41
92 258
225 255
52 167
16 288
131 138
182 242
93 123
121 289
0 36
15 285
80 267
43 142
3 289
47 60
72 160
4 88
13 31
11 250
27 65
248 290
217 232
10 130
3 55
51 144
3 119
22 129
199 224
216 241
277 279
139 288
49 128
132 195
141 206
82 258
72 285
202 258
4 141
112 264
16 144
200 256
137 187
86 274
61 191
27 92
67 168
231 269
178 195
88 102
84 236
69 98
9 57
23 65
198 287
94 229
55 185
242 294
74 269
81 187
160 212
132 279
228 262
101 175
140 255
264 276
62 192
97 201
120 171
18 121
160 248
216 267
185 262
210 260
43 283
147 247
179 203
79 183
141 181
59 282
23 136
28 258
108 137
61 281
52 228
140 182
0 150
108 185
70 165
197 200
97 113
68 148
227 276
169 252
11 160
151 297
86 162
77 223
111 270
36 250
163 219
91 215
121 251
38 152
21 50
186 239
139 199
227 254
66 258
96 227
0 269
55 276
53 214
31 184
67 216
131 186
38 277
46 212
199 228
1 250
1 241
187 252
80 194
147 179
27 152
126 174
27 102
281 293
12 207
124 177
116 132
7 170
54 93
74 82
85 253
6 75
15 26
159 258
189 209
58 113
184 216
287 296
38 269
245 289
219 281
121 165
35 129
36 180
170 183
188 254
7 82
86 194
149 204
58 245
3 93
9 171
187 211
57 277
99 180
213 222
18 96
53 79
167 225
160 285
37 240
97 100
46 74
183 223
128 250
33 43
131 256
70 104
167 214
13 99
21 65
31 169
136 144
63 94
6 121
100 113
106 249
204 239
132 162
154 260
247 249
143 204
106 265
72 123
64 223
85 138
168 288
7 184
56 102
177 247
99 160
19 43
49 282
181 223
130 197
144 194
37 79
100 237
3 224
9 119
94 199
187 257
14 265
70 123
70 119
0 279
43 221
50 270
77 274
26 204
98 104
171 235
187 271
173 190
182 247
62 146
19 29
43 85
36 208
155 166
30 166
237 261
38 274
178 263
67 117
28 288
55 216
11 280
11 158
214 220
157 243
292 295
28 39
255 257
184 286
71 123
136 290
60 264
24 226
43 195
143 275
83 198
95 191
50 230
145 158
22 67
14 140
62 231
18 43
188 227
56 63
46 50
110 199
62 126
9 186
30 169
253 285
176 280
100 211
10 278
1 56
