100 1000
102
105
86
118
91
103
77
32
114
21
81
48
110
39
61
68
111
34
85
33
66
71
73
71
58
54
30
65
102
55
40
36
40
106
35
112
41
92
76
87
45
37
115
35
56
108
36
47
23
53
112
21
104
117
24
42
104
34
39
86
70
59
55
90
97
22
34
119
46
90
86
72
107
34
39
95
74
107
75
77
40
119
79
24
117
83
99
101
98
118
119
100
110
54
22
87
108
37
38
35
19 23
68 82
56 98
9 89
36 62
48 77
14 72
25 82
29 51
52 93
65 91
14 58
20 50
7 28
53 58
29 30
35 99
44 79
60 68
22 80
9 68
82 95
44 72
64 95
65 68
38 57
33 53
15 83
25 44
35 90
49 72
16 84
23 96
80 83
13 64
58 85
5 22
66 67
77 83
13 43
4 51
0 84
9 67
19 86
61 63
12 22
34 38
49 57
29 86
3 93
42 51
65 88
7 56
83 85
49 91
28 42
53 80
62 79
48 98
11 48
22 60
76 94
13 25
3 51
54 96
49 54
42 99
7 66
49 50
93 98
35 73
3 54
14 17
2 65
18 65
25 40
41 71
5 18
26 57
25 75
11 74
6 74
34 92
8 93
1 27
0 92
47 88
6 55
60 65
20 83
26 97
19 75
68 81
38 46
63 90
21 53
48 89
59 81
19 82
9 74
18 20
18 61
16 20
18 36
6 33
78 93
26 53
16 99
31 68
22 73
21 72
5 81
3 53
31 64
2 73
34 77
20 97
2 55
38 78
36 73
18 23
14 28
82 97
65 80
53 65
87 89
21 74
29 94
26 74
47 93
0 34
20 36
50 55
27 80
2 38
53 98
31 95
11 87
5 61
48 64
90 94
41 69
19 43
19 64
43 99
58 99
6 17
44 60
86 99
47 84
4 78
32 91
41 93
48 57
43 93
15 47
55 58
34 53
6 72
57 82
0 31
63 91
49 96
42 95
46 85
17 25
66 90
38 62
8 23
22 33
23 69
33 40
74 76
34 87
21 99
30 91
54 73
70 73
16 55
17 93
14 43
4 62
9 25
43 85
28 33
7 8
0 50
26 41
26 28
4 50
7 75
11 33
18 45
49 63
11 15
58 74
20 67
15 51
4 36
43 64
93 96
37 64
42 72
18 37
41 68
27 95
52 60
71 93
56 61
60 66
33 97
63 64
51 90
7 54
47 53
18 85
12 77
3 66
23 80
12 18
11 68
30 35
19 69
59 85
56 82
45 71
13 72
31 49
67 96
36 37
13 33
49 88
31 82
39 63
34 42
51 62
38 97
17 44
3 7
41 54
11 77
39 83
88 90
9 15
51 84
70 98
17 48
48 58
22 82
24 39
8 42
5 86
40 74
81 86
50 81
20 58
1 33
0 8
45 62
4 61
21 67
61 77
21 43
51 61
19 59
55 57
36 65
39 40
76 79
9 20
29 31
14 30
84 90
15 46
19 87
6 59
20 92
65 84
15 35
34 78
34 95
60 92
32 70
46 51
11 72
7 92
37 55
7 39
19 37
49 93
26 37
10 69
2 85
45 81
19 92
15 63
52 85
48 56
11 83
80 90
4 35
11 80
12 26
15 85
30 31
57 64
34 67
17 71
42 50
9 65
6 14
2 54
70 85
17 50
21 28
8 37
63 84
20 69
3 78
13 66
77 84
0 88
1 38
11 42
0 56
58 77
6 47
24 96
24 49
45 86
82 84
49 56
51 79
3 59
22 24
21 51
9 51
0 10
46 73
46 56
14 50
49 53
10 29
50 86
26 36
8 70
12 17
15 38
39 62
43 88
71 98
34 94
40 98
20 44
63 83
14 73
69 99
50 92
8 88
5 56
87 96
27 71
39 94
77 86
27 28
78 88
17 33
2 6
61 65
86 89
10 79
30 86
2 46
21 70
18 27
29 57
0 23
15 84
62 95
1 75
79 89
15 23
17 49
35 70
14 49
80 87
35 96
33 66
3 8
37 45
12 69
48 90
10 37
52 64
16 32
27 65
8 49
28 84
30 77
16 47
1 97
5 66
4 11
68 95
37 80
16 74
5 79
31 90
22 74
10 39
18 24
19 60
10 64
59 60
25 65
21 65
36 60
69 89
49 58
23 37
37 43
66 68
69 88
30 60
12 48
25 80
48 80
10 36
95 97
62 70
72 88
36 61
0 77
50 82
19 35
24 25
14 91
44 83
32 74
44 96
56 58
5 85
5 7
20 30
47 56
48 91
73 85
50 73
44 75
11 97
19 42
3 46
16 90
91 99
18 73
2 31
32 88
52 62
9 70
60 61
9 46
59 86
19 83
68 87
6 94
10 92
9 79
35 60
22 53
33 39
16 80
42 65
56 57
17 27
17 30
27 41
27 76
47 86
25 62
8 15
31 78
1 92
36 57
53 79
38 41
18 74
12 55
12 39
8 20
38 39
38 80
65 66
3 60
13 74
29 83
7 12
16 72
0 65
39 65
7 30
19 78
2 39
11 40
43 77
44 57
3 61
9 78
42 90
6 13
49 97
63 65
25 73
12 38
26 78
33 78
8 60
5 62
3 77
12 59
15 73
73 82
67 93
58 73
7 37
80 88
0 63
41 70
30 48
26 42
9 31
60 99
58 72
26 98
29 39
40 88
29 80
33 90
11 91
0 58
15 95
56 94
27 94
5 51
31 52
2 67
15 31
39 88
21 31
37 73
47 80
27 73
62 81
21 89
27 75
80 92
58 94
61 93
44 71
1 16
11 89
55 94
35 47
9 22
43 69
44 50
22 42
76 81
36 54
49 94
38 99
0 73
6 84
14 89
52 78
3 41
52 66
51 88
10 53
54 62
19 76
57 95
9 45
1 55
0 47
20 94
0 52
4 42
66 82
70 94
76 99
64 88
41 50
15 27
16 81
77 87
9 86
34 71
36 84
26 31
41 51
25 55
83 91
29 89
13 17
1 28
9 95
11 98
27 42
3 50
14 84
74 98
53 72
13 29
37 87
59 66
47 94
28 61
30 56
28 89
7 69
21 86
5 13
30 71
43 84
46 97
51 52
26 64
20 33
13 15
39 98
21 60
36 42
1 66
48 66
18 19
15 91
3 88
26 61
5 74
8 78
24 30
15 45
17 29
67 85
50 97
44 56
15 57
62 63
77 81
54 92
36 94
5 14
62 68
93 99
22 69
47 81
72 96
9 27
24 43
38 74
3 6
13 71
7 47
4 7
28 74
19 66
41 79
40 60
12 88
56 81
6 34
11 67
13 91
84 89
10 34
28 92
14 99
13 57
59 65
36 45
4 24
44 77
66 84
9 92
15 99
63 78
44 82
18 54
40 85
13 28
32 42
8 76
7 26
17 62
61 64
10 22
8 9
39 89
23 24
78 83
20 41
18 22
3 34
16 51
24 45
4 79
40 50
40 57
57 70
19 56
45 64
34 80
5 55
10 90
35 51
6 11
45 73
42 61
6 48
27 66
19 74
28 34
42 86
30 94
92 99
35 84
43 95
69 93
12 29
32 48
14 66
17 75
12 74
32 94
68 83
53 86
70 82
48 63
17 66
29 33
53 95
42 55
43 55
62 74
2 21
57 79
43 91
23 32
38 52
59 76
5 29
6 58
62 99
27 32
23 44
37 99
7 43
28 95
45 74
37 86
69 70
22 71
80 84
42 53
86 98
56 85
56 69
58 59
27 56
63 92
71 87
43 68
5 82
51 70
42 74
26 93
54 98
28 96
9 77
64 98
65 74
57 73
2 49
73 88
1 93
13 51
21 30
66 91
56 97
28 65
13 89
9 18
16 40
47 74
13 49
2 23
68 86
65 99
53 71
16 92
7 83
10 91
4 75
45 72
41 81
54 63
3 32
6 53
55 69
23 81
29 93
9 49
11 60
64 77
27 91
2 41
38 63
43 44
54 59
4 14
35 92
59 73
40 58
19 67
42 82
57 98
79 98
6 93
57 60
25 56
2 79
4 67
33 65
27 34
5 60
2 47
27 39
16 38
77 88
18 64
40 41
26 94
20 93
37 98
59 78
47 98
32 78
27 38
74 90
29 92
1 61
8 66
30 84
71 82
62 76
32 75
34 85
30 33
15 64
57 86
8 39
6 76
66 69
35 94
8 25
71 91
33 48
19 44
40 94
76 77
7 80
10 45
8 47
56 75
27 77
22 93
2 12
83 99
45 47
64 68
60 91
11 20
48 79
53 88
22 40
36 83
5 40
48 82
10 81
25 26
32 37
31 80
25 72
30 40
52 53
89 94
25 96
37 89
12 78
14 77
47 69
29 71
4 17
42 91
31 75
11 31
3 58
89 95
32 86
69 78
42 64
30 99
68 89
58 86
62 80
38 89
12 52
15 48
37 41
63 72
10 52
8 13
41 99
10 15
61 72
14 97
51 82
20 85
9 47
12 37
2 86
80 96
75 95
68 80
70 97
32 39
46 62
28 77
62 65
26 48
0 62
28 51
30 65
89 97
17 78
58 98
91 97
70 90
35 56
53 56
13 67
41 57
60 71
2 71
63 77
1 74
23 68
60 79
20 61
16 33
76 98
73 81
7 86
38 50
52 55
24 53
29 36
34 50
13 59
10 32
27 78
17 69
16 93
19 89
74 78
27 74
54 94
32 93
4 71
9 93
27 69
8 14
6 49
10 17
14 20
19 50
14 18
64 86
7 91
17 59
10 40
43 97
82 89
6 61
21 64
21 32
34 88
7 81
6 96
23 25
