300 1000
109
115
51
35
67
104
29
109
52
106
98
89
84
62
119
50
109
88
73
91
106
78
82
100
109
58
32
72
68
35
61
57
83
92
72
30
28
33
119
61
119
50
30
35
92
81
117
34
102
71
105
40
29
67
20
70
57
32
22
106
100
116
95
115
88
100
77
49
65
29
90
117
59
52
84
83
66
82
97
48
85
82
68
46
82
20
48
71
85
50
109
117
98
37
112
119
117
69
48
62
78
118
111
117
102
76
33
48
90
110
76
55
73
76
33
87
77
61
38
42
91
80
91
22
97
83
21
94
32
49
88
43
99
80
40
81
36
53
62
106
96
118
93
101
27
106
68
84
47
38
58
70
98
29
72
75
44
73
49
56
54
70
79
33
30
52
47
98
37
89
36
113
39
109
94
98
47
94
114
74
113
52
24
91
113
29
47
89
34
28
26
69
30
37
34
40
21
113
70
39
34
38
84
106
27
111
84
106
37
79
60
30
63
117
102
109
26
81
78
92
41
84
41
52
54
108
24
55
101
27
26
116
45
43
102
105
86
118
91
103
77
32
114
21
81
48
110
39
61
68
111
34
85
33
66
71
73
71
58
54
30
65
102
55
40
36
40
106
35
112
41
92
76
87
45
37
115
35
56
108
36
47
23
53
112
21
104
117
24
42
104
34
39
86
70
59
55
90
97
22
219 223
82 168
156 298
9 289
136 162
48 177
14 72
125 282
51 229
52 93
91 191
65 114
150 158
20 228
107 158
30 53
129 135
179 199
44 260
168 180
122 268
109 195
144 282
72 264
165 195
38 68
57 133
153 215
225 283
90 144
135 249
16 172
84 123
180 196
64 83
113 258
85 222
67 205
66 277
13 83
143 151
104 200
9 284
19 167
63 286
122 161
12 34
138 149
86 157
29 293
142 203
251 288
65 156
107 183
185 191
28 249
42 53
79 280
62 148
48 98
211 260
222 276
113 294
125 203
154 251
154 196
49 199
142 166
107 250
49 293
193 298
73 235
54 103
14 217
165 202
18 165
125 240
141 171
18 105
57 126
75 225
211 274
106 274
134 192
108 293
1 127
200 292
147 288
6 55
65 260
83 220
97 126
19 75
181 268
38 146
263 290
221 253
248 289
59 181
82 219
174 209
218 220
161 261
118 220
16 183
180 236
6 18
33 93
53 78
26 116
68 199
131 173
22 172
81 121
105 203
31 53
164 273
2 77
120 234
2 297
55 178
73 238
23 236
14 218
128 297
80 182
65 253
87 289
74 221
29 94
126 274
193 247
22 180
0 234
20 236
55 250
180 227
2 238
98 253
95 131
187 211
5 161
164 248
290 294
141 169
19 143
19 264
143 199
129 286
58 199
6 117
44 60
186 299
47 284
4 178
132 191
141 293
57 248
243 293
47 215
118 136
58 155
134 253
106 172
57 82
200 231
63 291
249 296
42 95
46 285
25 117
166 290
162 238
208 223
22 233
69 123
140 233
274 276
134 187
21 199
130 191
254 273
173 270
216 255
117 293
14 143
4 162
9 25
243 285
228 233
7 108
50 200
26 41
226 228
125 213
104 250
7 275
111 233
118 245
63 149
111 215
258 274
220 267
51 215
4 36
64 143
193 196
237 264
242 272
218 237
68 168
41 127
152 195
60 193
261 271
134 256
177 266
97 160
233 263
64 290
51 207
54 247
18 153
177 185
12 103
80 166
23 207
208 218
112 268
111 135
119 230
159 269
85 182
71 256
72 145
113 249
31 167
196 236
133 237
31 288
63 82
42 239
34 51
62 197
44 238
17 207
154 203
141 211
39 277
90 283
15 288
9 184
251 298
70 117
58 248
82 148
122 139
124 208
186 242
105 180
174 283
140 186
81 281
58 150
20 133
8 201
200 262
204 245
67 261
21 261
177 221
43 51
61 219
55 259
65 157
140 236
76 239
20 79
109 229
130 131
84 114
15 190
46 187
59 219
6 292
20 184
115 265
78 235
34 195
70 260
32 251
111 146
7 272
92 155
137 207
80 239
37 222
19 193
26 149
169 237
202 210
145 285
19 281
92 115
52 263
48 185
56 83
80 211
4 90
235 280
211 226
112 185
15 131
130 164
67 157
34 119
71 269
17 250
109 142
65 106
2 214
154 270
85 117
50 228
37 121
84 208
20 263
269 278
99 203
113 143
166 177
188 284
0 1
138 142
111 256
0 77
206 258
47 96
24 149
24 145
186 284
149 282
56 251
179 259
22 103
21 124
109 251
209 251
100 110
146 273
56 146
14 50
53 149
110 129
50 186
26 236
8 170
137 226
12 17
115 238
39 62
43 188
98 171
34 294
140 198
6 59
39 162
20 144
63 183
114 273
69 299
50 292
8 188
20 218
156 205
187 296
127 271
39 194
86 277
227 228
278 288
17 233
6 202
161 265
186 189
10 79
130 186
2 246
70 221
18 27
129 257
23 100
84 115
62 295
201 275
179 289
15 223
217 249
110 229
170 235
14 49
180 287
196 235
233 266
3 208
37 45
12 69
148 190
236 237
137 210
252 264
16 32
227 265
208 249
128 184
130 177
62 251
147 216
201 297
166 205
204 211
268 295
237 280
116 216
79 174
105 190
31 174
10 222
139 224
19 218
48 160
111 248
110 164
160 259
65 125
21 65
36 60
69 289
49 158
37 223
143 237
166 268
69 88
30 260
12 248
225 280
48 280
36 210
197 295
70 262
172 188
36 261
50 82
119 235
25 224
14 191
83 244
32 274
44 96
76 274
21 74
56 58
5 285
105 107
20 30
47 56
48 291
73 185
150 173
175 244
11 97
42 119
146 203
16 190
291 299
18 73
65 127
102 131
132 288
152 262
9 70
61 260
109 146
186 259
19 183
168 187
6 194
92 210
209 279
35 260
22 53
33 139
180 216
65 242
256 257
27 217
17 230
127 141
27 76
86 147
25 262
15 208
31 278
1 292
36 257
253 279
38 141
74 118
112 255
139 212
108 120
138 239
38 80
166 265
103 160
13 174
29 129
83 212
7 136
16 257
172 262
65 295
0 165
7 139
30 278
202 219
139 211
40 177
43 57
44 203
109 161
42 78
190 213
6 197
49 263
265 273
12 225
38 226
178 233
208 260
162 205
47 116
203 277
12 159
73 115
173 182
193 267
73 158
22 274
207 237
180 288
0 163
141 270
148 230
126 242
31 109
105 156
60 199
59 185
72 258
226 298
171 193
265 266
29 239
40 288
80 229
92 220
133 190
115 285
91 111
58 200
195 215
56 94
27 294
151 205
131 252
149 197
2 167
31 215
158 256
19 87
88 239
221 231
182 268
37 273
80 147
27 173
62 281
89 121
27 275
280 292
158 194
161 177
61 93
244 271
16 101
111 189
94 255
63 200
162 195
35 47
109 222
43 69
44 250
122 242
76 281
136 254
194 249
99 138
200 273
84 206
89 214
178 252
103 241
152 266
188 251
53 110
112 122
62 154
219 276
57 295
9 245
1 255
100 247
94 220
0 52
4 142
182 266
70 94
176 299
64 88
141 250
115 227
16 81
177 287
109 286
34 171
36 284
126 231
188 272
151 241
25 155
83 291
89 229
17 113
201 228
82 231
9 95
98 111
27 142
3 150
14 184
174 298
53 272
213 229
25 80
102 154
237 287
76 94
166 259
94 147
161 228
130 256
228 289
119 183
7 269
21 186
113 205
71 230
52 166
143 243
184 297
46 171
192 234
0 152
146 151
51 64
126 233
20 115
139 213
221 298
160 236
66 242
66 101
19 48
118 191
3 15
61 188
174 226
5 278
78 208
124 130
2 273
45 115
29 117
167 185
97 250
156 244
215 257
62 263
181 277
154 292
94 236
105 214
162 268
99 193
69 122
147 281
72 96
193 241
109 127
17 227
124 143
238 274
3 106
13 171
47 107
107 204
74 128
19 66
241 279
140 260
88 212
56 281
206 234
67 111
91 113
84 289
110 234
92 228
99 114
157 213
259 265
85 118
145 236
104 124
177 244
84 266
192 209
115 299
163 178
44 182
18 254
85 240
13 128
32 242
165 242
176 208
26 207
104 261
117 262
192 280
61 64
22 210
8 209
189 239
123 124
78 283
120 141
18 22
103 134
16 51
45 224
4 279
240 250
160 265
57 140
157 170
119 256
245 264
80 134
205 255
10 290
35 151
106 111
173 245
242 261
6 48
27 166
62 117
19 274
128 134
43 114
70 298
162 295
86 242
94 130
192 199
84 235
43 195
93 269
54 192
211 240
112 129
19 174
38 246
132 148
14 166
175 217
37 136
212 274
32 94
68 283
153 286
82 270
48 63
66 117
229 233
195 253
142 155
43 55
262 274
121 202
179 257
143 291
23 232
52 238
59 276
29 205
6 58
93 161
262 299
227 232
123 244
99 237
17 33
43 207
28 295
174 245
237 286
69 270
7 12
22 71
280 284
42 153
286 298
256 285
235 260
256 269
58 259
56 127
263 292
171 287
43 168
29 213
105 282
51 170
42 74
26 293
54 198
92 120
128 196
77 209
64 98
165 174
57 273
2 49
173 288
32 88
1 93
113 251
36 165
121 130
166 291
97 156
28 65
13 189
18 209
222 273
116 140
147 174
113 149
102 223
12 74
168 186
65 299
153 171
216 292
207 283
191 210
4 275
245 272
41 181
154 263
103 132
6 53
255 269
123 281
9 249
60 111
16 120
164 277
0 184
127 191
102 241
163 238
44 143
159 254
86 250
4 14
35 92
73 259
40 158
119 167
42 282
214 228
257 298
79 298
193 206
134 242
60 157
125 256
79 202
167 204
165 233
9 208
219 269
127 134
5 260
2 47
27 39
38 216
88 177
5 82
64 118
240 241
126 194
20 293
98 237
59 278
247 298
132 278
127 238
174 190
229 292
201 261
19 237
8 108
66 166
190 230
182 184
62 171
76 243
107 175
85 232
230 234
33 264
115 160
57 203
86 247
39 286
6 208
269 276
166 194
35 108
125 271
33 119
44 140
276 294
277 280
10 207
74 245
200 222
8 131
147 169
56 99
127 175
77 93
22 112
199 202
83 245
168 247
64 291
20 37
143 279
48 88
40 236
83 240
105 182
48 281
10 125
32 126
80 237
72 231
25 230
142 240
52 274
253 294
89 96
25 189
78 237
212 277
14 47
171 269
17 229
204 291
31 142
75 131
58 111
189 203
