250 750
20
36
111
86
61
63
28
116
23
54
84
58
22
37
28
91
99
108
47
111
72
34
85
66
85
78
110
50
102
37
72
103
106
63
21
47
59
81
44
62
67
60
100
69
29
60
92
109
100
119
100
105
85
117
51
50
75
93
32
57
111
84
92
49
80
93
76
119
106
52
113
53
93
93
54
102
85
26
43
65
77
23
102
42
20
33
24
27
59
37
117
102
101
89
31
113
115
39
64
101
72
57
35
97
82
21
31
47
28
55
45
37
110
27
60
111
93
64
118
32
81
115
114
115
37
77
60
32
96
105
65
100
94
32
77
57
34
41
36
94
76
113
111
66
21
51
109
46
48
60
58
109
107
104
56
24
61
49
88
89
34
34
70
60
98
79
49
112
100
66
86
108
111
78
107
112
61
96
38
89
36
28
31
24
112
119
80
105
48
49
75
114
115
25
55
93
36
84
86
117
82
104
105
74
114
44
118
56
21
89
77
89
97
88
45
42
40
106
27
68
87
82
63
82
39
50
107
56
66
25
105
29
110
42
35
56
67
85
92
20
54
102
89
32
70
67
54
90
105
113
32 94
82 211
163 176
82 237
225 229
71 187
39 80
36 138
111 154
198 231
20 235
9 108
89 139
87 155
143 144
27 60
90 142
90 118
78 158
201 235
124 159
172 198
57 208
86 168
68 112
199 218
80 190
58 79
21 65
18 164
61 79
44 152
73 134
20 83
64 73
68 223
92 198
5 172
50 110
14 25
30 95
214 221
124 175
152 197
171 189
1 213
7 102
5 27
25 244
58 213
133 201
1 32
56 226
26 108
166 235
143 197
80 107
20 108
172 231
22 157
93 120
47 125
130 230
177 224
8 140
32 209
23 166
62 249
170 222
128 139
21 155
87 188
208 230
63 195
102 130
76 85
75 211
55 225
91 152
131 201
144 163
12 168
74 80
19 52
244 249
43 149
83 122
89 102
34 41
17 24
103 239
64 202
166 177
109 119
102 182
61 76
15 73
96 197
148 218
102 244
217 247
90 246
81 85
44 122
62 119
108 248
17 200
24 183
128 143
42 60
97 205
113 238
29 85
29 162
53 116
23 122
114 121
195 212
109 206
169 178
23 168
40 138
118 163
75 98
117 158
6 158
175 249
56 221
84 133
85 239
0 210
111 114
82 176
140 161
80 137
68 160
59 248
200 219
127 222
67 130
78 96
21 136
77 107
13 77
14 93
2 93
77 215
11 59
220 243
130 151
72 152
40 151
92 131
103 222
39 219
66 85
74 117
189 194
17 33
126 207
31 61
71 108
129 232
119 122
54 123
3 207
43 195
76 210
182 238
31 207
218 221
125 191
42 65
76 135
184 195
54 215
108 126
176 237
147 210
15 110
20 113
67 222
8 182
98 143
26 216
39 158
33 245
139 230
200 218
134 215
15 20
123 202
128 248
208 213
73 127
148 223
38 47
148 215
81 211
47 247
89 155
84 87
40 169
224 241
41 137
152 227
163 179
26 161
159 239
37 222
47 164
37 202
2 95
176 202
65 199
76 155
163 206
91 247
82 167
72 90
67 209
122 224
0 247
8 136
91 108
45 107
82 155
102 161
114 187
2 29
165 207
122 157
101 120
54 119
18 209
227 228
128 203
125 202
55 88
147 236
48 133
55 106
18 216
5 158
39 132
47 109
17 246
169 218
118 140
124 238
103 201
80 216
20 56
57 213
43 210
8 212
29 69
97 165
73 87
102 219
211 214
62 118
80 140
30 50
7 132
39 84
107 110
16 18
127 175
87 231
46 71
100 197
112 115
197 202
38 49
2 23
112 141
45 167
31 197
95 164
56 236
100 166
93 218
36 72
120 143
66 159
166 208
31 166
71 113
85 211
14 108
65 229
232 249
24 133
32 221
88 149
101 208
51 107
69 245
64 124
115 135
131 133
149 196
16 119
101 115
80 231
209 247
61 210
86 230
46 114
47 58
16 202
148 161
69 169
145 157
124 235
116 133
8 79
16 24
131 198
130 228
39 112
202 209
11 248
69 73
26 147
147 187
39 209
196 216
104 202
71 237
170 181
38 168
116 205
35 169
134 246
75 226
27 161
172 185
9 128
25 94
133 137
173 176
92 241
49 225
45 46
138 216
57 79
4 34
25 26
124 172
12 247
100 173
126 137
4 197
143 146
33 132
27 157
62 221
0 37
20 46
11 185
12 14
68 118
150 195
72 144
8 69
21 171
48 181
129 159
52 157
36 124
43 151
105 193
46 225
244 245
92 179
6 104
45 176
74 195
71 224
18 145
79 189
11 167
89 178
242 244
116 187
30 230
76 120
95 187
122 181
192 214
51 212
7 170
79 96
53 203
73 167
199 247
114 218
110 204
102 248
50 185
70 80
42 166
8 103
232 239
137 182
99 196
85 218
107 164
162 167
70 84
87 121
53 81
7 191
145 189
159 226
68 240
110 244
98 100
83 100
87 134
38 131
71 100
87 247
119 159
9 203
98 130
35 152
71 78
11 112
76 171
89 144
13 83
106 113
33 58
120 196
78 192
11 115
8 30
149 203
20 212
102 118
195 239
16 20
134 170
231 246
55 70
68 140
5 246
141 181
55 230
99 113
58 124
190 215
20 133
89 153
43 84
21 29
33 144
148 203
28 129
185 199
51 191
105 158
138 187
49 94
28 46
11 37
170 218
57 133
175 217
101 197
236 247
193 247
41 73
92 228
8 29
33 215
72 187
89 103
19 222
2 65
0 39
178 219
61 62
128 237
130 229
36 229
67 229
108 226
154 204
52 162
85 187
125 127
83 112
131 214
55 216
48 157
107 226
126 169
5 37
19 157
45 86
6 249
25 225
179 216
19 32
117 194
58 173
170 242
6 58
51 163
99 126
71 234
49 177
66 153
156 162
86 243
85 208
85 101
67 162
116 194
162 188
62 247
86 156
19 194
67 173
108 193
22 31
52 177
80 183
118 237
197 204
141 183
54 92
61 102
143 248
162 223
161 242
11 171
208 238
66 184
59 181
97 211
29 111
81 144
16 91
36 98
29 99
43 133
83 236
104 184
180 231
96 223
17 91
49 234
21 107
141 217
80 166
43 102
98 196
12 41
15 140
42 148
36 125
236 242
59 217
8 172
42 116
27 127
17 87
150 235
228 230
3 182
23 51
30 147
71 218
160 233
100 131
118 179
91 92
117 187
201 230
78 233
0 109
9 165
87 245
91 177
114 244
113 207
131 212
23 195
77 195
147 179
109 149
52 91
60 86
3 168
43 183
27 44
138 201
196 233
176 229
124 195
171 183
59 235
64 184
111 181
110 114
75 110
9 54
127 197
114 232
116 158
165 245
54 116
37 236
165 215
141 214
13 237
72 74
222 241
5 108
74 102
65 217
78 149
119 128
26 233
128 243
149 239
96 225
11 187
3 43
152 158
92 227
64 82
70 190
70 172
117 139
16 89
208 218
244 247
44 107
37 90
87 181
184 187
9 226
52 195
81 98
62 173
144 177
99 237
84 159
53 123
49 213
17 70
169 171
67 113
55 128
105 216
144 236
150 245
95 120
149 201
45 211
74 124
105 213
42 173
47 123
24 95
10 17
33 143
108 186
65 101
58 163
31 149
181 202
174 247
128 146
26 227
101 108
65 100
126 166
107 141
25 55
137 165
72 160
22 111
18 225
33 176
33 59
87 183
92 180
11 220
90 178
98 138
204 210
163 177
54 101
70 119
143 191
29 213
106 150
32 189
74 183
193 218
14 35
0 25
107 179
116 206
159 169
7 225
36 221
73 241
61 192
44 133
175 204
60 198
75 239
111 194
137 166
79 180
24 182
57 234
25 213
132 190
49 185
8 108
99 187
81 129
160 227
114 217
62 153
129 228
154 176
70 191
123 165
0 42
55 57
18 26
83 216
120 150
110 117
156 230
35 74
1 141
41 44
22 165
69 125
