300 1000
90
88
81
33
78
40
55
72
95
69
108
100
39
76
98
85
119
44
27
61
102
44
38
27
45
88
21
61
114
88
31
84
56
44
49
66
64
36
71
91
85
59
71
56
67
101
73
67
26
81
108
60
57
78
67
82
98
20
75
92
88
38
56
77
62
37
23
106
53
74
29
71
66
81
59
113
114
113
60
20
74
101
60
63
111
59
77
90
60
84
62
80
103
51
89
45
20
93
84
106
99
93
57
97
106
96
91
101
41
83
101
47
116
94
90
108
33
99
30
25
64
72
38
47
55
107
72
56
32
88
42
112
62
31
89
100
59
112
81
81
28
115
108
24
41
79
64
54
58
74
60
54
79
30
81
114
117
86
102
30
54
76
74
48
87
43
29
79
88
42
40
96
89
28
52
110
39
97
45
30
51
37
64
110
47
26
57
96
44
39
106
78
48
60
107
67
36
68
26
56
42
46
32
112
55
64
102
74
93
79
84
25
48
81
67
27
87
104
104
63
76
42
21
56
35
60
103
51
60
110
87
83
88
51
75
23
47
109
30
21
69
46
78
49
107
77
57
26
114
93
69
22
115
23
58
30
115
41
113
56
83
32
71
52
63
26
107
43
67
69
44
68
48
54
98
87
111
87
46
57
60
47
59
107
50
97
70
98
71
63
34
34
28
85
118
71
43
58
94
90
173 205
130 291
214 288
50 252
73 297
4 117
37 233
18 68
6 68
21 86
32 168
10 275
21 212
176 187
41 272
133 214
15 264
3 181
66 133
53 191
2 57
39 228
49 291
109 111
107 130
191 197
51 259
124 166
54 172
1 213
78 134
146 179
60 150
201 216
193 254
107 248
12 88
55 287
97 189
166 296
115 279
82 240
75 106
207 299
212 260
43 264
143 146
241 297
142 204
149 265
97 125
97 109
137 265
154 216
82 286
17 202
142 197
100 272
1 59
265 271
19 287
8 165
1 131
87 214
144 180
236 293
57 86
22 154
70 223
228 261
130 152
101 278
130 273
74 274
208 291
52 137
126 268
40 53
55 249
43 272
29 242
96 129
103 104
31 166
65 70
96 162
172 187
226 298
116 213
147 204
76 284
202 256
4 10
59 243
215 259
155 254
284 297
50 100
89 269
132 206
46 91
2 15
229 233
65 198
97 213
102 173
111 249
76 254
71 173
65 184
38 220
35 138
205 241
46 136
20 262
4 53
7 118
51 121
186 236
1 85
151 155
101 258
86 266
107 139
172 209
76 248
145 214
35 102
207 223
148 169
152 243
61 275
96 211
164 199
34 217
186 284
73 295
39 287
81 146
231 291
7 18
163 291
26 273
181 265
165 250
102 245
70 129
33 59
275 277
12 233
193 217
250 266
237 264
46 57
83 288
89 153
47 132
21 69
86 158
160 254
4 108
74 106
165 238
159 215
92 140
85 279
62 229
26 51
109 218
53 72
149 213
197 207
28 45
256 270
114 224
116 118
32 274
244 270
104 139
32 238
217 248
10 117
147 221
37 65
30 161
171 231
78 127
128 224
98 158
180 272
22 49
107 143
23 139
129 215
67 295
244 247
116 285
6 184
37 43
1 119
172 257
51 84
2 231
8 160
30 241
104 185
80 290
13 211
41 219
228 267
160 227
197 263
96 269
81 185
65 135
22 57
59 108
114 158
91 218
121 274
159 211
201 278
189 291
263 267
247 282
143 282
175 245
23 40
174 214
208 279
61 265
53 120
125 211
217 286
13 182
41 90
68 224
268 295
10 262
44 283
209 265
136 187
210 280
124 159
120 206
156 267
85 209
139 263
126 173
55 232
22 139
96 115
83 143
105 153
118 249
15 83
137 203
169 293
63 170
75 183
26 94
20 235
283 285
108 111
163 215
2 290
12 170
155 185
90 253
13 124
39 80
207 228
201 283
97 98
71 224
149 281
54 70
56 84
89 245
5 167
160 222
47 224
92 232
80 97
22 145
61 221
129 225
260 290
82 139
59 205
92 116
54 186
146 190
236 242
162 187
48 293
84 92
228 272
24 104
77 98
249 299
211 226
180 253
14 187
93 246
219 261
25 90
147 237
90 215
103 225
4 218
88 203
10 175
68 86
32 145
33 184
147 196
128 260
101 199
142 246
113 145
207 235
54 138
106 224
149 196
200 261
119 164
40 129
91 108
175 267
6 203
209 254
51 221
83 152
120 277
17 150
57 91
4 281
163 229
60 139
250 260
53 68
131 160
99 213
87 219
2 296
53 174
9 269
89 257
107 286
106 129
111 216
80 163
2 40
140 222
152 155
172 223
4 205
135 171
103 223
90 157
16 271
211 241
77 220
82 116
28 189
244 245
52 108
76 144
163 216
18 66
121 239
78 293
181 243
98 249
92 156
127 255
160 218
120 238
139 255
54 219
51 144
215 248
212 292
75 92
210 260
81 145
149 190
144 212
71 161
227 242
5 250
107 166
168 279
7 156
234 262
130 278
65 194
78 277
222 238
104 198
1 133
32 282
192 244
15 127
121 157
215 243
71 102
133 240
41 81
16 299
3 30
120 146
276 277
98 214
199 254
32 164
196 256
15 200
192 194
102 215
67 210
17 139
12 202
131 146
182 243
162 298
60 212
118 188
37 216
154 237
19 223
179 269
36 215
79 160
46 230
50 262
9 31
73 241
72 285
219 228
6 133
226 271
44 246
211 283
13 66
236 272
85 294
52 167
30 298
13 212
44 226
53 63
9 56
179 294
98 128
186 274
200 284
157 230
121 297
10 265
187 290
24 298
165 284
66 128
93 163
131 259
71 246
65 81
2 244
127 182
94 102
69 78
54 278
51 60
78 151
90 113
111 120
104 114
28 295
191 222
88 106
151 159
52 216
107 292
120 212
6 289
110 274
28 137
141 197
80 292
27 245
83 147
57 249
3 85
244 278
29 84
84 232
188 244
148 288
60 295
37 108
118 134
147 255
40 163
205 295
85 284
220 240
49 132
135 221
135 218
165 216
2 249
148 298
48 138
185 287
147 160
222 278
122 282
145 286
191 214
192 299
132 175
59 271
182 193
69 247
111 112
165 285
62 185
164 252
203 233
93 137
50 112
32 71
109 234
148 229
0 173
200 228
6 171
240 287
64 234
9 227
46 99
93 161
231 257
54 160
9 262
132 166
47 152
28 242
53 294
5 202
208 222
176 262
148 293
209 248
47 220
7 13
208 290
22 125
182 206
180 215
98 145
99 244
3 93
108 272
88 174
62 113
82 289
24 282
34 273
243 255
72 250
33 268
43 240
146 158
90 277
113 122
241 265
118 296
58 91
217 265
100 261
37 258
82 293
26 62
135 248
268 276
168 269
63 78
41 115
169 281
162 215
34 246
4 158
125 262
90 255
216 231
189 190
5 25
120 182
51 182
79 255
175 203
100 266
216 253
7 174
223 249
36 195
194 257
82 251
206 208
139 224
115 174
29 232
140 263
52 243
7 198
74 153
175 234
119 187
143 179
92 114
102 150
39 111
42 97
5 245
169 249
175 197
36 278
107 228
159 241
191 223
218 298
44 152
216 225
40 68
95 206
212 249
56 251
112 205
45 57
211 294
108 278
67 222
29 138
131 295
219 241
23 159
119 217
12 194
35 104
182 262
10 226
118 183
47 229
24 274
104 287
21 135
147 243
202 285
24 197
116 265
139 168
125 137
11 189
31 98
45 281
55 271
200 264
227 249
120 236
248 255
135 243
120 209
159 267
237 285
27 128
162 165
51 139
196 238
96 242
203 271
187 265
128 218
130 203
24 145
66 93
31 202
88 241
55 74
11 100
92 179
192 254
83 96
5 293
21 153
44 287
237 284
187 222
67 211
185 212
139 243
0 184
108 214
36 277
200 215
155 169
12 253
57 212
26 118
96 123
152 226
107 163
75 294
194 282
206 220
159 201
59 211
137 273
19 173
3 272
140 224
179 204
143 229
13 256
161 261
79 188
14 238
103 141
138 232
35 190
58 194
91 117
158 228
143 177
153 198
46 201
80 122
52 250
16 224
60 237
177 191
33 129
61 84
120 171
66 95
98 224
76 293
154 229
55 243
66 275
188 278
118 164
178 294
153 223
31 121
115 250
64 199
63 235
67 71
190 216
66 215
166 291
20 112
55 272
0 128
68 173
30 291
24 284
137 221
42 247
114 168
44 284
66 108
189 219
175 187
79 90
6 246
133 170
18 158
198 277
151 158
188 266
194 250
168 264
88 263
8 262
7 130
248 293
115 264
42 137
204 269
185 262
18 267
132 285
161 228
86 184
26 259
42 153
127 293
58 89
1 188
96 294
136 263
11 25
6 215
191 294
177 261
61 261
190 299
222 235
28 235
107 137
246 290
73 149
35 207
37 214
11 147
35 83
94 274
32 61
61 107
223 238
121 237
120 299
127 222
55 155
209 244
155 262
164 287
22 280
123 194
23 111
205 247
58 232
93 171
16 155
240 279
93 152
145 177
56 272
79 119
28 263
23 226
10 235
142 215
17 85
109 196
40 67
99 143
51 289
67 270
1 144
59 289
153 236
134 177
44 253
8 33
32 286
94 268
128 235
145 231
45 128
164 238
23 37
12 215
59 282
113 208
42 198
18 30
84 196
75 90
135 204
123 288
121 144
1 135
66 131
176 198
136 246
22 40
7 225
37 86
290 295
32 150
168 193
29 62
116 189
21 119
24 295
61 197
191 196
22 198
15 149
251 261
43 285
35 263
51 122
0 41
117 150
62 125
70 239
91 187
181 263
205 260
10 21
155 201
105 270
275 285
254 278
292 298
22 34
125 255
208 255
25 166
43 157
139 279
166 282
215 245
7 148
28 208
155 236
88 214
80 205
236 291
61 87
94 199
276 279
3 74
167 282
109 150
24 149
27 147
155 197
175 225
97 115
103 111
199 252
18 210
6 31
170 253
120 205
151 264
19 181
101 226
1 35
3 202
111 150
9 230
57 157
225 286
97 255
28 259
48 98
131 221
105 175
1 225
17 80
13 76
36 54
90 114
117 141
253 292
20 274
14 129
52 132
54 139
135 202
150 250
72 233
38 82
135 247
15 27
144 153
40 189
155 250
31 92
24 97
44 298
163 174
182 215
73 280
117 167
120 224
101 296
191 254
89 243
259 270
103 242
62 184
53 269
197 215
291 294
90 294
42 157
16 276
49 125
50 242
216 274
17 114
