300 300
53
116
119
86
89
85
21
50
101
29
117
80
31
100
56
116
84
78
67
22
86
68
81
89
39
27
115
105
44
53
86
78
49
86
44
118
51
98
100
32
59
97
45
22
29
81
118
93
39
117
96
57
117
109
79
36
116
74
22
41
107
40
51
88
58
75
86
89
105
66
54
45
96
31
47
105
92
98
79
64
95
107
53
93
96
112
61
45
119
115
66
58
36
49
27
74
104
45
96
42
44
82
67
20
93
46
57
117
24
116
113
52
103
47
77
32
91
70
57
90
66
55
81
82
84
88
88
20
65
64
42
89
78
41
41
51
68
79
49
72
27
94
56
63
21
113
75
45
116
64
115
62
99
76
24
115
96
44
115
94
41
38
115
99
59
37
31
59
48
112
64
107
86
100
50
40
46
57
65
42
101
112
84
32
21
40
27
49
116
23
23
37
93
119
117
84
88
80
24
68
72
20
55
90
100
86
62
78
23
59
52
57
52
116
69
105
88
77
34
37
32
90
54
57
41
51
73
61
111
77
109
115
29
96
38
110
114
80
20
118
20
53
107
104
101
108
41
70
117
107
39
29
29
73
118
50
105
72
91
48
81
32
96
91
109
114
33
103
26
33
53
78
66
40
62
48
81
35
50
78
23
69
40
32
22
38
115
59
90
86
40
104
51
116
75
40
110
88
75
116
82 194
32 161
76 263
82 287
125 129
171 237
39 180
188 236
54 61
31 148
70 235
59 258
39 89
37 255
44 143
110 277
142 290
118 190
158 178
35 201
59 124
98 272
57 208
118 286
18 262
18 249
130 140
208 229
215 221
18 64
11 129
2 94
23 284
120 233
73 214
268 273
198 292
72 255
110 200
125 214
180 195
21 164
25 124
2 247
21 39
51 63
157 202
105 277
194 225
108 263
51 283
1 82
206 276
8 176
16 185
143 197
7 80
158 270
131 272
157 222
220 293
25 247
130 277
24 108
132 240
159 223
212 266
172 199
128 220
105 189
138 271
30 237
95 108
80 213
135 252
126 225
125 161
55 291
102 131
94 151
62 263
18 230
269 274
102 194
43 149
172 299
233 289
41 202
84 167
89 174
3 52
14 216
69 177
32 259
111 252
126 215
173 196
148 197
52 218
67 94
146 147
81 240
135 194
122 219
48 62
8 117
74 100
33 278
143 292
10 147
155 188
29 63
12 85
3 229
23 116
122 264
62 221
45 56
9 219
28 123
88 268
68 240
25 163
58 98
17 108
206 225
21 49
6 134
33 235
150 189
10 11
114 232
126 211
40 187
68 130
10 98
209 250
72 219
17 27
96 130
36 178
21 227
27 57
113 143
2 14
77 293
65 159
61 243
70 101
130 252
140 222
51 131
22 142
169 203
39 85
217 266
39 174
144 283
67 257
81 126
11 171
129 158
82 219
72 204
73 203
157 295
43 260
126 238
81 282
21 107
125 218
92 291
135 165
76 284
145 254
65 208
126 276
37 260
110 247
20 165
13 22
67 108
193 282
16 98
26 258
89 245
80 83
0 89
165 268
165 284
102 120
73 298
78 163
77 258
123 273
38 98
165 197
198 231
111 297
189 247
90 134
169 224
91 137
127 141
2 13
76 229
11 59
22 239
137 264
197 287
2 95
152 252
15 26
26 249
205 256
63 91
47 232
67 190
122 209
17 124
222 247
200 286
58 191
8 195
205 207
182 261
52 87
79 214
102 215
7 157
172 220
151 219
204 218
78 109
127 178
102 203
125 155
88 236
47 148
6 183
66 105
158 268
182 205
59 289
97 146
67 269
118 218
74 240
101 188
16 153
56 280
157 170
10 263
62 93
29 158
15 69
37 147
52 173
214 219
68 111
112 230
90 230
82 200
57 89
184 210
157 216
18 27
125 281
37 271
96 247
0 165
147 262
188 202
173 199
62 102
241 267
31 45
197 245
6 114
50 86
216 243
18 286
22 143
20 59
116 166
58 166
21 281
13 235
261 264
108 115
49 79
82 124
32 133
121 299
38 208
7 101
119 151
45 174
14 65
181 285
