300 2000
53
98
114
86
108
100
64
98
31
45
75
70
97
29
76
34
84
91
27
62
91
36
96
34
66
82
24
44
118
26
92
51
104
38
70
44
119
114
22
82
91
29
32
69
38
40
83
103
111
42
97
34
110
73
101
56
87
105
32
37
111
105
20
47
75
70
71
74
116
25
36
88
34
100
37
53
20
52
88
112
26
65
78
117
70
59
105
89
44
70
106
35
107
106
62
62
109
113
69
105
70
37
73
85
118
42
70
70
26
90
114
85
35
73
34
37
112
119
106
37
21
92
104
108
30
47
103
119
92
52
105
43
21
110
60
119
33
62
70
39
32
64
56
99
117
70
116
62
70
102
79
23
26
63
112
36
42
47
36
115
31
73
90
32
63
82
84
76
24
34
48
88
30
84
67
80
35
115
22
37
97
33
40
55
28
84
71
51
63
39
98
74
92
68
39
88
30
103
44
86
69
24
54
31
41
53
91
56
48
45
25
77
58
97
112
67
114
63
98
57
35
76
64
59
76
83
27
38
118
104
56
67
108
90
78
29
75
102
117
103
27
74
60
66
52
104
113
46
99
43
35
114
51
79
54
59
94
113
77
92
97
113
91
38
35
50
99
90
32
97
25
91
103
117
37
35
101
82
113
80
57
29
27
88
40
113
27
115
106
36
87
36
29
59
54
96
41
33
118
105
42 71
43 281
224 226
7 153
77 255
256 285
216 243
0 149
50 104
13 264
64 107
103 222
100 200
44 61
249 297
72 121
43 115
102 270
91 255
29 98
66 84
28 54
204 282
80 84
8 45
98 124
20 204
5 227
23 273
22 118
25 190
68 143
57 297
90 201
5 119
89 299
54 186
169 220
10 250
5 70
155 295
194 251
174 175
148 256
127 249
171 274
66 69
95 127
64 185
28 121
57 79
210 295
80 185
195 215
30 272
17 77
127 264
3 80
37 138
139 203
126 216
166 285
193 261
9 112
192 198
130 255
40 272
209 250
172 218
157 254
174 190
70 83
138 164
28 73
28 253
168 169
34 155
100 154
19 47
109 245
263 291
253 287
83 255
197 256
54 225
116 210
46 228
119 238
63 210
147 215
15 91
84 246
101 290
46 148
9 207
25 146
151 198
12 282
106 209
32 290
252 263
200 244
138 298
63 260
201 262
44 175
11 30
131 291
2 89
32 63
49 178
88 299
29 101
33 187
10 23
26 271
28 171
22 78
61 137
14 39
99 214
59 129
102 278
261 280
45 243
43 292
132 223
4 292
25 233
243 295
101 215
73 129
95 138
207 252
232 298
84 266
77 265
213 243
226 231
175 223
18 271
219 246
150 263
2 135
41 246
183 194
213 256
51 75
104 282
3 36
22 33
172 298
86 151
83 241
64 216
10 36
234 281
34 137
37 297
24 38
35 207
248 284
59 164
51 268
93 107
56 126
129 229
32 124
67 117
167 183
85 177
20 219
6 211
208 209
95 233
130 298
141 282
57 78
41 129
77 134
185 236
13 117
137 166
202 285
7 69
92 169
140 299
164 210
125 146
170 241
59 168
71 252
201 202
61 295
83 138
19 129
75 142
189 242
32 91
91 227
148 160
211 235
152 289
121 135
43 277
88 129
211 252
40 165
101 154
160 237
42 291
8 67
197 236
9 20
40 288
111 253
99 137
164 178
38 251
13 280
81 194
45 69
147 161
53 210
15 123
6 42
50 165
73 101
0 134
92 122
175 285
45 64
84 210
87 242
0 7
68 81
137 202
101 126
50 89
65 154
196 212
72 77
197 298
230 298
84 104
11 143
90 188
75 226
69 150
14 150
76 82
30 284
110 271
21 131
37 251
87 163
211 285
36 292
108 275
86 192
79 229
221 255
30 118
20 148
99 162
171 228
155 296
258 267
17 142
269 288
75 231
184 269
38 229
5 147
91 256
35 91
21 47
9 191
129 157
211 229
71 134
67 157
167 289
34 59
9 74
80 293
16 202
240 262
245 267
87 253
58 231
131 289
50 278
22 159
259 286
30 88
120 297
149 162
217 235
221 278
1 9
211 271
69 233
15 152
252 291
63 268
9 222
194 252
111 269
70 112
252 255
127 152
1 2
219 289
236 262
15 221
85 209
113 154
107 152
105 120
79 222
116 182
45 84
137 248
92 116
20 200
254 272
22 261
10 173
123 224
60 291
44 270
76 250
135 228
109 292
31 101
35 124
148 208
37 80
156 248
108 130
154 269
115 291
40 115
53 91
114 163
83 259
136 211
210 271
19 140
16 241
51 140
251 276
100 108
8 288
57 170
26 116
76 283
69 192
24 122
35 187
170 288
124 147
82 109
148 274
180 216
215 283
56 243
156 286
51 275
108 164
32 197
134 274
16 203
92 218
5 78
66 279
178 228
10 243
39 143
220 284
111 251
167 203
190 194
75 297
217 291
106 166
75 292
143 192
110 248
26 235
168 267
96 144
139 197
158 237
34 194
145 157
112 145
12 91
54 139
88 271
182 246
10 138
30 239
153 187
141 193
113 265
108 109
5 209
1 119
35 294
13 203
158 181
16 245
1 70
85 89
19 94
36 232
27 29
14 235
214 259
76 231
124 236
33 40
93 293
204 288
129 217
10 191
127 259
128 255
30 92
176 218
6 112
108 193
33 174
180 299
186 256
10 230
22 244
96 238
0 116
226 245
169 218
7 45
181 262
211 226
55 144
87 219
202 247
164 235
45 173
111 286
53 268
122 298
270 290
158 236
214 270
155 240
135 162
16 38
177 264
279 284
118 160
62 255
117 119
49 291
35 216
154 270
3 28
45 268
256 298
21 256
163 222
13 57
51 78
126 255
67 105
239 279
246 276
65 93
136 142
229 282
4 291
19 284
82 272
70 280
38 91
202 253
11 104
31 208
137 286
27 295
7 277
271 275
100 116
41 295
75 253
224 296
131 209
67 103
43 137
81 135
37 280
100 118
45 290
104 124
134 285
8 183
109 284
124 202
31 129
29 255
125 160
216 245
15 259
134 150
92 115
179 239
92 252
49 297
82 153
67 225
109 287
127 149
145 251
103 176
133 185
10 131
45 100
113 255
59 90
15 204
255 257
83 209
47 80
10 181
233 235
248 273
44 75
174 241
29 78
117 211
1 214
12 222
101 229
125 212
116 276
147 251
194 237
83 299
69 75
75 235
31 94
202 268
33 273
49 142
244 264
143 218
276 296
101 148
209 219
77 293
141 248
29 185
87 112
163 237
224 233
27 290
245 255
280 295
45 278
175 222
18 61
89 193
15 41
190 276
235 260
105 208
76 134
146 164
79 232
12 14
7 14
47 292
104 222
217 267
160 292
6 59
248 253
35 265
141 184
226 260
27 72
78 176
207 255
63 266
25 75
91 280
79 134
136 291
53 155
98 208
67 267
20 157
151 285
138 263
164 165
35 40
294 296
111 296
73 260
186 293
72 216
115 178
76 259
26 276
43 185
10 98
130 136
214 268
78 99
186 187
170 234
166 181
45 194
283 291
187 260
11 55
64 223
24 241
269 299
42 102
201 207
37 104
18 37
58 188
96 296
19 75
230 257
27 185
151 229
10 90
117 189
153 253
40 95
29 39
116 132
23 133
85 238
113 174
171 256
62 105
138 219
124 149
61 147
50 176
42 238
140 231
107 293
148 237
18 140
239 257
73 150
280 287
63 93
71 161
16 276
228 235
52 114
13 136
64 166
2 255
162 244
181 248
10 141
1 251
98 102
126 130
141 189
55 276
13 44
31 241
32 145
46 168
210 212
273 285
39 172
116 228
201 228
49 263
1 69
219 265
91 155
48 102
33 130
46 103
134 174
206 287
31 33
127 241
164 297
222 266
203 246
90 105
192 227
48 68
85 193
100 268
122 229
148 262
4 252
60 178
47 138
137 170
16 133
163 182
130 180
83 104
76 195
3 240
61 139
72 146
75 184
89 198
88 149
128 279
249 265
82 149
12 281
161 264
121 194
23 297
68 237
78 207
182 298
197 291
6 227
24 252
63 114
202 204
15 31
183 264
84 296
30 98
96 115
43 243
236 240
56 66
144 178
228 263
6 27
33 125
150 285
48 286
16 240
31 252
187 271
20 48
198 271
50 68
13 293
1 111
229 234
57 164
72 73
100 144
130 270
115 186
172 224
216 240
164 168
23 188
56 71
27 208
258 270
35 147
3 10
37 289
146 239
65 153
271 298
101 217
20 103
244 269
79 185
184 244
105 207
132 161
31 40
53 241
50 140
53 88
177 203
95 142
24 248
47 259
177 298
70 200
169 280
14 112
54 198
56 160
158 240
73 241
32 66
134 294
82 207
162 239
34 260
36 56
16 35
33 83
35 193
104 225
170 205
11 37
121 145
171 279
137 297
220 221
63 214
22 55
48 295
8 236
81 293
96 116
9 231
202 254
6 267
172 179
228 269
49 183
107 114
4 28
0 156
225 271
266 281
15 46
28 282
75 109
224 275
36 226
128 155
122 290
170 186
46 114
191 282
5 164
89 244
61 297
287 297
15 268
14 268
48 82
158 297
24 157
134 135
61 289
15 103
164 201
210 273
68 216
244 284
85 274
35 280
82 277
22 51
117 127
90 166
37 248
171 243
4 83
151 213
77 107
52 133
101 284
75 208
69 189
111 204
133 218
255 263
124 176
143 266
180 291
214 234
17 290
149 201
5 94
34 185
136 230
138 221
43 211
22 79
247 298
156 254
13 84
78 156
50 121
17 37
55 141
97 119
72 210
56 299
33 77
59 241
163 221
133 198
206 277
205 207
27 115
41 159
199 237
2 249
59 286
19 166
138 179
16 141
15 210
39 197
48 139
99 270
49 54
12 155
62 78
106 217
128 178
77 199
65 148
131 176
150 187
66 95
40 111
2 208
126 157
42 226
193 296
102 196
51 294
72 166
135 166
44 230
129 263
81 173
5 278
165 257
104 207
248 283
215 243
2 41
44 101
149 268
216 289
4 283
20 170
108 186
6 38
21 282
168 207
102 198
112 264
63 172
98 216
132 172
42 174
195 225
193 271
12 44
48 162
48 182
156 271
29 120
102 246
50 114
9 153
12 26
127 265
181 198
122 226
20 65
291 296
19 215
11 236
32 98
80 112
32 83
152 236
112 182
6 162
16 49
67 113
32 94
241 292
219 266
31 114
74 154
11 182
165 214
109 277
194 294
112 282
46 276
53 216
17 191
121 258
131 215
43 124
9 259
43 125
92 282
167 287
136 221
53 230
91 135
83 181
195 285
32 215
172 184
63 137
201 258
73 84
116 225
184 208
3 177
22 61
48 285
173 189
171 270
157 279
62 262
91 248
9 58
32 181
169 242
196 296
70 179
104 280
238 241
40 116
101 244
138 282
79 201
155 223
134 250
133 264
196 224
206 212
244 282
139 277
113 188
44 173
10 205
148 248
198 240
116 195
93 254
47 177
32 85
87 270
155 219
52 167
16 79
114 125
17 261
126 143
68 205
171 215
25 71
163 224
64 280
119 157
124 204
132 227
51 263
67 82
214 271
84 96
45 80
113 275
70 223
43 94
68 285
201 218
44 282
215 233
191 271
96 263
96 147
75 111
199 209
170 178
175 262
7 267
59 132
282 283
25 255
129 292
47 146
193 242
29 178
158 221
173 202
49 69
196 269
169 212
143 157
33 91
110 157
40 217
23 243
198 252
81 100
242 298
181 188
241 262
66 151
20 235
4 24
46 70
252 282
110 267
58 177
35 143
169 235
164 252
256 258
111 114
56 89
109 270
102 244
11 285
220 253
31 278
153 225
24 229
43 188
39 65
101 234
100 270
104 170
180 186
0 112
202 291
57 153
1 224
209 255
64 209
130 148
107 239
15 53
88 241
58 128
59 159
62 211
182 284
16 68
165 180
121 208
82 178
59 113
69 231
20 296
30 150
9 249
98 284
94 191
2 278
92 253
187 213
77 281
8 294
162 181
254 296
59 68
55 290
76 137
38 219
234 278
40 188
184 224
127 138
18 168
23 129
94 260
37 263
23 76
83 238
38 204
234 263
42 106
5 295
96 118
148 214
30 154
188 266
78 145
148 246
26 171
121 207
186 296
197 209
132 187
113 170
128 173
215 276
23 186
85 282
234 237
64 91
83 122
201 221
69 228
199 255
158 292
128 179
77 207
39 140
254 264
189 209
134 237
20 105
12 190
54 249
119 124
92 299
13 202
182 252
134 151
178 189
10 17
57 269
146 198
8 162
204 269
52 90
157 206
163 270
99 217
219 276
63 88
275 290
128 227
14 225
114 130
184 192
161 250
30 200
169 193
138 156
246 297
96 154
66 161
5 79
37 281
152 167
210 256
235 280
135 294
1 66
187 258
185 189
120 216
41 141
49 161
158 232
69 147
236 288
51 207
59 141
117 121
4 295
113 168
6 107
71 191
243 296
159 189
72 285
217 238
230 285
46 297
196 246
116 234
185 219
26 142
16 67
74 190
174 262
17 222
177 205
163 242
101 249
211 232
139 209
85 278
146 157
72 94
117 266
120 148
29 72
97 225
116 139
66 171
130 189
40 87
118 204
30 119
57 241
51 248
82 202
34 112
158 280
150 206
79 176
205 298
151 275
3 42
143 174
108 273
63 149
113 233
105 195
53 162
156 188
111 143
197 290
255 271
55 213
121 231
44 171
188 195
191 198
42 290
66 98
67 181
104 167
75 220
16 19
128 130
119 159
79 114
134 142
15 79
117 124
57 186
71 136
61 249
67 178
212 298
0 211
167 178
6 68
22 87
216 269
87 233
48 99
178 244
54 103
160 182
18 126
109 187
228 249
99 247
63 229
96 177
183 236
257 270
204 239
190 291
39 289
220 273
216 220
128 274
150 288
100 168
40 150
78 117
116 191
6 7
156 294
189 229
92 159
48 187
129 150
39 241
11 171
91 266
94 279
65 129
83 218
285 297
167 258
63 201
35 123
29 208
97 279
123 259
9 146
171 211
27 262
153 198
119 273
252 289
107 214
49 81
25 130
34 35
49 149
85 236
196 272
3 114
125 294
55 178
23 101
51 266
63 119
36 249
40 291
150 205
6 173
4 175
40 262
105 241
190 250
147 214
182 193
200 248
1 206
9 214
65 86
153 258
1 77
194 282
67 151
40 78
80 123
40 281
21 43
171 287
190 280
9 83
209 215
31 173
210 297
27 182
83 192
160 181
127 194
97 194
194 234
70 228
14 20
51 88
63 274
127 253
7 188
88 222
149 171
95 112
169 277
139 252
20 221
113 115
7 147
94 265
193 294
60 216
19 213
200 277
28 45
52 282
71 268
26 118
173 242
163 230
72 116
142 281
41 239
40 256
34 187
103 149
95 115
47 174
92 220
75 126
96 272
51 197
192 266
107 127
17 223
211 251
242 256
49 253
140 199
48 83
230 296
170 215
59 278
135 253
218 219
79 142
115 187
185 269
162 220
96 119
101 163
114 168
3 294
42 214
130 286
212 264
55 189
75 121
75 222
192 211
290 294
34 162
56 229
47 92
28 195
211 243
49 131
57 95
134 272
137 172
101 102
10 208
119 182
82 85
74 131
109 124
54 293
92 217
146 245
40 109
89 189
292 298
178 184
73 270
51 124
174 239
83 168
249 287
34 265
40 121
166 245
201 211
170 299
4 197
44 115
56 58
50 185
55 121
32 194
68 254
122 271
203 221
161 221
7 282
13 225
266 279
31 137
136 193
228 251
60 174
89 167
47 122
241 244
154 198
61 178
72 265
158 186
199 267
136 299
25 165
30 53
4 259
116 297
139 185
232 283
168 173
230 286
3 98
249 251
189 288
8 159
140 295
7 57
37 72
42 110
47 167
53 97
283 290
19 288
1 222
147 299
221 281
19 134
36 137
77 268
27 128
137 219
144 175
0 277
139 233
6 148
42 181
138 169
113 223
164 260
144 145
11 184
63 64
148 282
44 292
11 292
29 151
61 86
209 286
243 251
164 177
116 290
87 280
2 284
126 149
60 148
84 185
71 248
149 271
15 294
44 185
23 197
105 106
10 100
110 187
226 265
104 229
207 231
85 88
80 288
17 197
20 73
265 274
0 291
6 167
46 52
50 243
75 207
101 137
60 211
76 77
5 190
149 181
22 237
69 286
62 183
87 135
104 203
161 246
28 104
150 252
54 80
145 208
13 247
73 97
174 210
100 150
84 231
1 220
106 287
168 290
129 222
56 125
217 285
123 142
75 246
78 292
181 190
38 195
136 137
47 268
10 119
200 241
201 255
61 162
204 241
163 281
41 70
5 212
257 292
135 173
174 199
36 68
10 37
72 135
87 208
65 163
279 289
276 282
9 183
20 145
99 238
91 158
55 103
95 215
50 64
20 263
89 276
38 51
178 187
110 138
176 274
1 15
29 155
91 297
111 137
133 254
288 295
126 135
13 208
41 142
193 297
80 227
132 190
65 159
118 226
26 147
117 276
171 185
75 280
56 235
70 97
33 297
175 284
98 192
69 139
241 263
168 271
147 162
6 285
32 103
58 285
250 261
175 188
156 184
263 292
33 143
89 192
118 126
67 268
18 137
12 160
131 152
51 180
45 166
78 110
21 95
136 272
56 64
123 220
115 284
126 208
7 79
126 252
22 99
34 219
143 267
188 271
81 185
206 266
230 284
90 219
139 276
12 265
6 226
65 138
57 90
156 191
165 259
168 251
11 178
155 251
34 218
73 292
246 292
135 274
152 183
189 287
78 125
187 254
197 268
96 185
16 208
87 136
27 107
40 278
75 262
76 248
21 37
36 69
65 256
10 248
108 297
189 239
175 195
126 195
145 274
53 80
216 290
75 233
38 100
48 60
97 114
122 235
133 239
191 196
52 240
129 193
120 291
77 169
15 222
95 144
27 186
64 220
191 256
56 153
213 229
96 156
30 62
83 196
27 270
92 210
37 79
91 122
168 210
225 291
142 187
73 170
74 189
82 90
80 295
62 190
46 260
22 210
129 293
20 114
61 151
152 204
114 273
17 73
91 215
164 204
30 137
105 227
112 186
2 274
234 248
101 158
9 282
31 203
81 276
194 198
127 154
46 153
171 268
111 170
74 139
28 276
105 133
256 269
19 230
19 24
177 217
229 278
133 159
61 292
109 259
186 288
113 284
133 141
11 156
47 245
25 86
158 279
212 230
179 249
165 179
64 218
16 225
202 230
95 213
55 239
147 281
118 278
194 256
3 217
161 199
164 249
91 211
93 152
18 90
24 299
42 88
13 251
65 278
4 47
28 85
151 204
6 97
61 160
15 112
222 264
28 66
180 227
69 211
235 250
45 68
75 89
140 156
41 273
118 140
204 278
168 181
160 226
72 279
39 46
236 261
62 264
79 289
58 199
178 277
52 244
152 267
60 192
11 126
156 200
120 267
89 179
98 120
137 251
166 188
151 280
204 230
101 269
79 273
1 250
9 297
3 29
28 89
10 42
236 277
25 162
156 261
146 160
64 150
1 100
4 45
66 284
9 158
159 198
207 259
14 208
110 236
26 262
24 190
68 126
2 282
204 210
102 295
122 146
166 222
199 263
183 227
30 85
192 228
204 296
187 204
124 218
67 232
202 257
22 257
11 136
4 40
0 273
96 194
112 198
18 97
76 297
33 158
134 225
130 138
77 181
87 152
154 201
84 155
93 163
177 299
156 234
91 130
37 286
184 226
150 296
