150 500
37
79
107
106
57
41
58
99
90
55
85
24
55
38
86
45
94
82
41
116
94
76
23
64
108
83
41
100
88
83
68
58
95
107
44
84
28
34
63
51
69
80
107
56
98
73
81
25
35
54
73
62
110
76
58
50
91
31
30
112
47
30
50
22
117
26
86
78
40
81
109
41
41
48
77
72
102
90
77
69
24
82
111
66
90
102
96
62
113
59
54
40
69
36
42
119
42
108
77
114
69
118
35
43
46
44
47
80
66
104
30
70
118
73
68
88
107
44
82
101
35
68
21
85
84
44
84
58
84
93
52
86
91
119
61
117
95
88
78
41
24
40
43
22
45
91
42
33
68
105
83 103
113 147
106 146
52 54
35 128
81 135
28 31
27 101
43 84
48 76
31 32
109 131
6 146
112 133
65 71
119 120
75 81
18 135
127 146
14 72
6 129
42 58
9 126
102 109
36 105
9 140
88 99
43 94
5 147
120 130
99 123
54 90
10 76
91 105
13 58
38 120
64 71
80 148
41 100
39 146
30 39
57 127
31 100
81 124
8 104
51 131
44 105
31 87
54 80
113 136
8 145
53 67
51 73
16 147
37 54
12 93
119 121
52 122
96 124
132 133
87 102
15 109
4 131
35 140
29 84
50 131
5 37
12 48
46 57
13 28
92 135
6 106
64 130
38 58
94 129
72 81
31 139
45 135
99 129
14 52
104 110
57 61
16 116
9 145
29 144
37 87
52 53
18 110
91 147
54 65
130 137
54 73
51 99
1 59
125 130
105 143
12 79
46 54
63 81
93 110
82 109
11 50
68 136
23 77
117 130
45 97
99 117
19 73
101 132
72 133
27 107
89 126
82 91
22 37
47 130
35 58
85 114
69 100
55 93
74 80
21 125
92 126
13 94
128 129
85 113
14 138
129 141
106 126
16 30
23 48
82 117
12 104
53 113
9 48
43 83
23 70
7 18
3 46
26 31
19 34
22 41
32 33
1 41
8 69
84 124
91 117
16 31
46 69
107 144
20 89
41 43
9 100
61 108
93 103
36 39
14 77
47 61
109 114
20 141
33 115
52 104
56 120
84 102
91 130
60 111
3 122
57 131
5 118
10 141
27 113
50 127
13 104
77 116
68 128
63 136
85 90
43 116
102 112
48 105
82 108
54 119
13 26
18 88
131 144
10 28
61 130
15 137
116 144
33 122
71 86
21 87
11 105
25 65
57 113
42 131
100 123
38 148
126 138
22 108
19 72
13 98
34 38
37 125
105 124
19 48
113 132
44 91
77 128
3 133
27 34
22 51
44 130
12 142
11 127
84 128
25 76
15 64
0 19
41 48
23 90
37 64
94 115
0 114
0 44
34 93
99 109
47 131
39 55
85 144
102 130
80 115
5 29
5 95
100 136
41 106
10 72
27 78
16 94
16 27
114 138
12 140
59 73
30 121
0 17
102 115
3 32
11 29
61 112
15 69
25 55
35 141
52 59
129 132
20 76
96 140
10 19
33 101
51 101
105 119
49 101
39 104
68 113
67 127
83 136
11 84
29 119
63 89
0 45
20 67
43 109
82 114
60 116
11 66
17 35
18 118
57 136
1 72
27 42
110 128
80 114
110 121
87 135
101 136
34 70
58 130
29 141
89 94
10 107
2 26
20 97
84 144
118 129
6 85
10 116
91 116
132 140
103 118
54 129
65 104
64 124
3 45
55 140
64 144
52 146
0 90
16 136
136 145
105 123
1 115
19 89
72 108
61 92
17 40
8 98
12 141
46 53
95 120
34 40
36 148
27 50
36 99
9 118
2 136
1 22
94 125
6 83
26 67
15 23
34 67
27 139
15 147
108 137
37 84
46 111
1 87
26 123
2 47
34 57
33 35
29 79
10 64
35 129
111 142
78 144
71 107
57 105
2 144
18 133
3 97
8 57
42 144
79 114
78 95
108 140
46 62
54 120
7 114
35 139
5 90
12 136
14 92
60 69
94 140
43 149
51 139
35 56
21 93
73 114
18 72
64 80
20 86
37 79
72 102
43 68
55 129
107 143
78 147
68 148
109 142
48 101
44 144
108 121
20 140
103 122
9 72
24 33
67 112
24 110
7 107
103 112
2 73
12 144
79 95
60 118
90 132
10 75
118 133
28 40
113 142
28 64
129 140
50 110
115 139
64 141
39 77
38 124
92 133
54 105
14 36
4 120
49 51
44 93
85 121
97 112
57 65
64 106
75 128
16 97
55 135
42 50
20 147
76 104
95 141
90 117
139 145
18 92
82 137
5 54
102 124
68 91
61 132
47 136
110 145
54 68
32 96
105 118
72 94
31 39
115 121
12 129
105 146
110 116
90 102
72 114
32 77
106 131
116 119
20 126
37 61
57 117
16 113
31 47
54 147
18 112
10 82
17 91
57 78
29 83
50 143
5 134
112 122
88 115
81 144
11 20
55 128
71 77
10 91
47 118
38 59
9 69
101 120
100 138
17 60
85 110
62 91
35 146
105 112
25 36
36 106
63 108
14 87
7 134
4 97
7 54
42 64
64 128
67 117
66 127
2 134
47 140
100 134
0 9
38 106
46 146
19 60
55 83
82 120
59 76
3 89
68 140
