50 500
100
95
42
87
46
49
69
55
97
26
69
26
23
20
106
22
85
47
81
117
58
111
67
105
84
91
113
108
109
38
42
90
113
64
57
40
93
59
27
22
65
77
28
20
29
114
22
46
41
84
33 39
27 49
29 40
15 48
17 34
8 33
40 46
19 33
6 21
29 49
45 46
28 29
7 24
16 30
10 34
2 26
17 27
29 48
17 44
1 48
6 14
4 37
2 6
26 37
14 38
5 13
33 42
9 43
9 22
8 21
23 35
12 27
2 27
32 49
25 35
13 31
19 24
32 36
6 12
17 47
12 30
2 4
13 23
28 32
34 36
8 19
13 34
12 40
13 16
1 17
28 48
28 47
10 36
6 48
3 9
17 21
21 35
11 25
3 34
21 45
15 41
6 31
43 49
17 48
9 15
20 37
16 48
2 35
11 43
1 20
20 46
31 42
19 42
28 42
25 38
16 49
5 30
6 23
21 26
39 43
5 24
9 44
5 7
4 10
0 27
19 31
25 34
28 41
3 16
5 18
23 34
9 37
13 29
2 33
0 22
25 48
27 44
41 49
26 47
28 43
27 48
5 41
8 9
15 26
0 43
3 5
18 29
34 38
10 21
34 48
28 37
27 29
7 20
0 23
2 5
5 48
10 16
7 37
3 31
36 37
8 18
7 46
4 28
6 38
26 45
12 18
18 49
41 42
7 15
14 41
17 49
13 30
15 20
4 23
31 37
24 44
24 35
2 19
30 38
1 14
8 37
44 46
25 37
11 45
24 36
3 25
42 44
2 20
39 48
1 22
31 35
1 9
18 23
1 11
13 27
2 36
48 49
13 35
8 10
22 34
27 33
27 30
0 29
20 25
4 48
1 16
5 26
6 29
7 39
10 42
8 45
8 41
3 46
17 18
2 37
19 45
5 22
26 49
5 35
9 19
0 12
17 46
15 36
4 16
13 41
21 23
42 47
28 44
23 36
1 40
11 34
11 47
30 33
9 31
7 13
15 39
9 30
11 36
3 12
4 47
4 46
15 33
18 30
7 42
18 41
24 26
19 26
21 30
11 46
26 28
11 35
22 39
21 37
42 46
17 31
9 47
1 19
19 41
12 16
38 46
0 17
12 23
4 13
0 40
17 28
26 39
10 18
7 27
19 49
0 26
18 38
20 36
23 40
22 43
40 48
5 6
26 32
10 48
22 48
7 16
26 27
16 19
41 47
18 33
9 11
6 36
2 49
9 34
5 38
8 13
23 46
34 46
0 45
25 39
8 44
15 32
30 36
14 16
3 6
32 40
24 40
27 36
37 46
12 20
22 35
18 37
43 46
14 25
13 46
11 29
8 12
0 18
14 34
19 29
30 47
9 18
19 43
7 30
5 27
1 18
37 47
23 49
35 44
4 43
23 25
4 41
35 39
16 47
27 38
4 25
0 32
3 33
0 9
0 4
32 35
2 44
17 39
14 33
30 34
23 32
7 9
10 27
10 41
13 43
18 44
26 44
8 22
22 29
19 35
38 48
15 16
14 32
14 31
37 39
16 25
16 28
0 11
18 28
42 49
30 39
16 24
2 15
14 17
31 44
0 10
29 47
6 41
15 42
24 45
10 35
12 45
15 40
9 41
8 28
25 43
11 41
11 31
22 30
2 28
46 47
2 42
19 38
5 29
12 22
5 45
23 38
7 29
34 43
3 13
24 43
1 33
5 39
18 35
2 13
25 42
3 24
25 27
11 28
9 20
19 25
20 38
15 35
20 44
20 40
8 25
23 29
7 18
26 42
2 47
20 29
1 36
9 21
8 49
38 45
32 33
4 8
23 48
31 34
22 36
26 36
8 35
1 2
10 32
2 23
7 45
34 40
30 42
6 46
30 40
9 17
37 45
23 43
1 5
36 46
13 37
45 49
3 49
31 49
45 48
37 40
6 20
15 28
18 39
10 33
17 43
29 36
13 49
14 18
20 47
17 29
18 22
1 28
22 25
13 38
3 17
34 47
15 17
0 46
10 13
36 39
28 38
10 43
30 37
11 30
16 21
35 38
38 49
5 17
16 32
4 7
10 44
18 40
3 20
32 42
0 33
18 32
21 48
18 26
4 6
33 46
1 43
26 35
0 16
7 35
41 46
1 38
24 46
15 18
21 41
32 43
24 28
14 29
0 42
29 32
42 43
27 31
7 10
44 49
21 31
7 21
3 28
5 33
10 37
36 44
4 5
6 47
1 15
15 38
2 25
30 45
13 40
8 20
23 27
36 47
16 31
10 22
6 24
3 7
10 19
3 27
4 9
6 45
22 41
36 38
0 1
9 13
9 16
20 22
11 49
16 44
10 12
1 37
1 35
5 32
9 48
27 45
0 30
13 47
6 22
22 32
