50 100
95
64
50
31
111
51
22
109
52
83
69
98
108
119
49
21
53
107
30
43
91
46
48
91
42
98
81
57
59
34
119
34
79
49
98
22
81
100
63
65
63
112
43
52
112
24
53
45
63
115
21 42
31 43
24 26
3 7
5 27
6 35
16 43
0 49
0 4
13 14
7 14
3 22
0 44
11 47
22 49
21 43
2 15
20 41
5 29
34 48
4 16
28 32
4 30
8 34
45 48
4 24
20 27
5 23
18 23
22 25
40 43
7 18
40 47
1 5
19 49
36 39
4 19
10 20
0 5
20 45
5 44
1 25
6 24
48 49
21 27
19 24
16 45
14 27
28 35
7 21
10 29
35 45
15 30
30 45
17 22
3 30
37 38
3 39
16 26
16 35
11 43
9 12
42 48
5 30
22 40
0 9
18 22
4 7
24 40
20 33
14 38
23 28
3 28
18 19
5 34
19 47
9 45
13 41
3 37
5 33
6 47
4 25
10 16
28 46
19 38
10 13
15 47
15 41
34 46
1 40
46 48
7 9
25 46
1 48
12 32
6 9
32 40
2 13
38 48
1 12
