150 2000
69
116
41
36
51
21
114
74
88
109
69
114
104
49
27
78
31
118
76
27
118
54
100
43
57
64
119
94
98
23
44
100
71
117
116
103
119
110
57
87
100
107
33
84
36
40
94
100
39
50
107
37
85
39
112
74
35
111
101
66
67
25
46
118
23
42
101
22
84
91
41
64
78
55
80
46
27
54
26
46
37
66
116
54
37
108
108
105
52
89
51
99
95
77
49
98
51
83
52
115
54
25
112
112
112
24
90
20
59
97
98
28
95
94
62
64
83
50
49
67
72
80
98
47
89
27
77
72
90
61
20
24
118
112
68
63
116
39
115
107
68
93
115
95
68
109
39
83
40
69
69 73
18 82
6 148
9 139
12 136
27 48
14 72
125 132
51 79
52 93
41 91
65 114
0 8
20 78
8 107
30 53
129 135
29 49
44 110
18 30
118 122
45 109
132 144
72 114
15 45
38 68
57 133
3 65
75 133
90 144
99 135
16 22
84 123
30 46
64 83
108 113
72 85
55 67
66 127
13 83
1 143
50 104
9 134
17 19
63 136
11 122
12 34
138 149
7 86
29 143
53 142
101 138
6 65
33 107
35 41
28 99
42 53
79 130
62 148
48 98
61 110
72 126
113 144
53 125
4 101
4 46
49 142
16 107
49 100
43 143
73 148
85 103
14 54
52 67
15 18
15 125
90 141
21 105
18 126
57 75
61 75
106 124
42 134
108 143
1 127
50 142
138 147
6 55
65 110
70 83
97 126
19 75
31 118
38 146
113 140
71 103
98 139
31 59
69 82
24 59
68 70
11 111
70 118
16 33
30 86
6 18
33 93
53 78
26 116
49 68
23 131
22 121
81 105
31 53
14 123
2 77
84 120
2 147
28 55
73 88
23 86
14 68
128 147
32 80
65 103
87 139
71 74
29 94
124 126
43 97
22 30
0 84
20 86
55 100
30 77
2 88
98 103
95 131
37 61
5 11
14 98
140 144
19 141
19 143
19 114
49 143
129 136
49 58
6 117
44 60
36 149
47 134
4 28
41 132
141 143
57 98
93 143
47 65
118 136
5 58
103 134
22 106
57 82
50 81
63 141
99 146
42 95
46 135
25 117
16 140
12 88
58 73
22 83
69 123
83 140
37 134
21 49
41 130
104 123
23 120
66 105
117 143
14 143
4 12
9 25
93 135
78 83
7 108
41 50
26 76
63 78
100 125
7 104
111 125
83 95
118 149
63 111
65 108
70 124
51 117
4 65
36 143
46 64
43 114
87 122
68 92
68 87
18 41
45 127
2 60
43 121
106 111
27 134
10 116
83 97
64 113
51 140
54 57
3 97
18 35
12 27
16 103
23 80
57 58
68 112
111 118
80 135
9 119
32 85
71 106
72 145
99 113
17 31
46 86
87 133
31 138
63 82
42 89
34 51
47 62
44 88
17 57
4 53
61 141
39 127
90 133
15 138
9 34
101 148
70 117
58 98
82 148
122 139
58 124
36 92
30 105
24 133
36 140
81 131
0 58
20 133
8 51
50 112
54 95
67 111
21 111
27 71
43 51
61 69
55 109
7 65
86 140
76 89
20 79
79 109
130 131
84 114
15 40
37 46
59 69
6 142
20 34
85 115
34 78
45 134
42 110
32 70
101 146
111 122
7 92
5 137
57 89
72 80
19 37
43 149
26 87
19 60
52 135
131 145
19 92
113 115
35 52
48 56
61 83
80 90
4 85
61 130
76 112
15 35
7 14
34 67
71 119
17 100
109 142
65 106
2 64
4 120
85 117
50 78
37 121
58 84
20 113
119 128
53 99
113 143
16 27
38 134
0 1
138 142
0 77
56 108
47 96
24 149
24 145
36 134
132 149
56 101
29 109
22 103
21 124
101 109
59 101
100 110
123 146
56 146
14 50
53 149
110 129
36 50
26 86
8 20
76 137
12 17
88 115
39 62
38 43
21 98
34 144
48 140
6 59
12 39
20 144
33 63
114 123
69 149
8 38
20 68
37 146
121 127
39 44
86 127
77 78
128 138
17 83
6 52
11 115
36 39
10 79
36 130
2 96
70 71
18 27
107 129
23 100
84 115
62 145
51 125
29 139
15 73
67 99
79 110
20 85
14 49
30 137
46 85
83 116
3 58
37 45
12 69
40 148
86 87
60 137
102 114
16 32
77 115
58 99
34 128
27 130
62 101
66 147
51 147
16 55
54 61
118 145
87 130
66 116
24 79
40 105
24 31
10 72
74 139
19 68
10 48
98 111
14 110
10 109
65 125
21 65
36 60
69 139
8 49
37 73
87 143
16 118
69 88
30 110
12 98
75 130
48 130
47 145
70 112
22 38
36 111
50 82
85 119
25 74
14 41
83 94
32 124
44 96
76 124
21 74
56 58
5 135
105 107
20 30
47 56
48 141
35 73
0 23
25 94
11 97
42 119
53 146
16 40
141 149
18 73
65 127
102 131
132 138
2 112
9 70
109 146
36 109
19 33
18 37
6 44
60 92
59 129
35 110
22 53
33 139
30 66
65 92
106 107
27 67
17 80
127 141
27 76
86 147
25 112
15 58
31 128
1 142
36 107
103 129
38 141
74 118
105 112
62 139
108 120
89 138
38 80
16 115
10 103
13 24
29 129
62 83
7 136
22 112
65 145
0 15
7 139
30 128
52 69
61 139
27 40
43 57
44 53
11 109
42 78
40 63
6 47
49 113
115 123
12 75
38 76
28 83
58 110
12 55
47 116
53 127
9 12
73 115
23 32
43 117
8 73
22 124
57 87
30 138
0 13
120 141
80 148
92 126
31 109
6 105
49 60
35 59
72 108
76 148
21 43
115 116
29 89
40 138
79 80
70 92
40 133
115 135
91 111
50 58
45 65
56 94
27 144
1 55
47 149
2 17
31 65
8 106
19 87
88 89
71 81
32 118
37 123
80 147
23 27
62 131
89 121
27 125
130 142
8 44
11 27
61 93
94 121
16 101
39 111
94 105
50 63
12 45
35 47
72 109
43 69
44 100
92 122
76 131
104 136
44 99
99 138
50 123
56 84
64 89
28 102
91 103
2 116
38 101
53 110
112 122
4 62
69 126
57 145
9 95
1 105
97 100
70 94
0 52
4 142
32 116
26 149
64 88
100 141
16 81
27 137
109 136
21 34
81 126
38 122
1 91
5 25
83 141
79 89
17 113
51 78
81 82
27 142
0 3
14 34
24 148
53 122
63 79
25 80
4 102
87 137
76 94
16 109
94 147
11 78
106 130
78 139
33 119
7 119
21 36
55 113
71 80
16 52
34 147
21 46
42 84
0 2
1 146
51 64
83 126
20 115
63 139
71 148
10 86
66 92
66 101
19 48
41 118
3 15
38 61
24 76
5 128
58 78
124 130
2 123
45 115
29 117
17 35
6 94
65 107
62 113
31 127
86 94
64 105
12 118
43 99
69 122
131 147
72 96
43 91
109 127
17 77
124 143
88 124
3 106
13 21
47 107
54 107
74 128
19 66
91 129
110 140
62 88
56 131
91 113
84 139
84 110
78 92
99 114
7 63
109 115
85 118
86 145
104 124
27 94
84 116
42 59
115 149
13 28
32 44
18 104
85 90
13 128
32 92
15 92
26 58
26 57
104 111
112 117
42 130
61 64
22 60
8 59
39 89
123 124
78 133
18 22
16 51
45 74
4 129
90 100
10 115
57 140
7 20
106 119
95 114
80 134
55 105
10 140
1 35
23 95
92 111
6 48
62 117
19 124
128 134
70 148
12 145
86 92
94 130
42 49
84 85
43 45
93 119
42 54
61 90
112 129
19 24
38 96
132 148
14 16
25 67
37 136
62 124
32 94
68 133
3 136
82 120
48 63
66 117
79 83
45 103
5 142
43 55
112 124
52 121
29 107
23 82
52 88
59 126
29 55
6 58
11 93
112 149
77 82
94 123
87 99
17 33
28 145
24 95
87 136
69 120
7 12
22 71
130 134
3 42
136 148
106 135
85 110
58 109
56 127
113 142
21 137
18 43
29 63
105 132
20 51
42 74
26 143
48 54
92 120
46 128
59 77
64 98
15 24
57 123
2 49
23 138
32 88
1 93
101 113
15 36
121 130
16 141
6 97
28 65
13 39
18 59
72 123
116 140
24 147
113 149
73 102
12 74
18 36
65 149
3 21
66 142
41 60
4 125
95 122
31 41
4 113
103 132
6 53
105 119
123 131
9 99
60 111
16 120
14 127
0 34
41 127
91 102
13 88
44 143
9 104
86 100
4 14
35 92
73 109
8 40
17 119
42 132
64 78
107 148
79 148
43 56
92 134
7 60
106 125
52 79
17 54
15 83
9 58
69 119
127 134
5 110
2 47
27 39
38 66
27 88
5 82
64 118
90 91
44 126
20 143
87 98
59 128
97 148
128 132
88 127
24 40
79 142
51 111
8 108
16 66
40 80
32 34
21 62
76 93
25 107
82 85
80 84
33 114
53 57
86 97
39 136
119 126
16 44
35 108
121 125
44 140
126 144
127 130
10 57
74 95
50 72
8 131
19 147
56 99
25 127
77 93
49 52
18 97
64 141
20 37
129 143
48 88
40 86
83 90
32 105
48 131
10 125
32 126
80 87
72 81
90 142
52 124
103 144
89 96
25 39
78 87
62 127
14 47
21 119
17 79
54 141
31 142
75 131
58 111
39 53
45 139
15 31
97 134
9 89
86 132
69 128
14 92
80 99
68 139
3 121
58 86
112 130
38 89
102 112
15 148
137 141
22 113
58 63
41 149
30 149
51 82
70 135
97 109
50 100
12 37
36 52
80 96
75 95
118 130
57 79
95 109
120 147
132 139
13 114
12 146
27 78
12 115
126 148
12 100
101 128
15 30
39 147
17 28
49 92
147 149
92 128
98 108
97 141
106 132
20 40
56 135
53 106
13 117
57 141
68 72
10 21
102 121
27 63
1 24
62 129
10 129
20 111
33 116
136 142
48 126
23 81
36 57
48 114
88 100
28 59
52 55
24 53
79 86
9 63
10 82
28 77
17 69
66 143
19 89
24 27
54 144
43 82
4 71
43 109
119 127
64 108
56 149
10 117
20 114
93 101
100 119
64 68
14 136
7 141
86 114
67 109
47 93
32 39
6 61
8 122
64 71
82 121
84 138
4 35
7 81
75 123
132 135
16 148
71 83
62 107
44 51
11 128
69 90
91 98
41 64
13 65
51 146
1 53
134 138
45 60
32 135
66 70
86 120
42 65
6 17
17 125
86 138
33 53
42 101
84 147
4 72
34 64
50 89
20 35
114 149
76 120
64 137
19 125
104 137
5 7
20 99
104 109
97 113
79 131
28 98
99 130
90 134
17 52
17 38
68 115
85 137
27 69
2 5
13 148
9 24
5 106
87 119
36 84
76 99
2 73
111 146
58 128
51 99
4 137
42 90
10 68
75 101
110 118
1 123
40 66
10 96
11 92
67 74
65 70
80 136
37 111
88 97
60 84
0 93
5 126
68 130
37 80
81 90
59 62
23 74
20 108
94 97
12 77
8 67
104 149
119 148
82 89
82 111
0 94
76 91
83 89
2 7
9 76
116 148
19 63
97 144
61 128
7 29
67 126
57 109
3 139
98 122
42 115
24 131
49 84
35 93
111 115
102 133
11 24
25 121
37 106
6 133
63 101
104 144
105 117
104 147
129 134
33 128
14 63
29 80
27 131
39 63
12 57
28 97
66 89
45 58
5 64
28 106
30 75
113 135
67 94
78 132
11 112
26 141
106 143
24 57
134 145
92 121
12 61
60 123
66 106
37 89
74 119
37 112
6 108
7 138
36 105
50 53
117 131
12 93
20 87
69 134
4 93
68 128
4 39
12 41
7 131
49 81
2 63
9 21
21 28
49 110
2 10
6 84
15 21
26 136
6 82
79 134
0 83
75 94
47 127
66 129
13 87
38 115
98 140
11 101
17 126
95 102
27 56
40 84
18 75
15 100
52 115
16 84
30 103
18 72
12 120
69 117
55 128
31 72
38 145
81 142
42 137
71 126
0 80
46 98
113 128
30 100
19 78
10 114
24 89
29 145
3 146
110 116
38 124
21 44
76 125
20 65
15 136
95 147
38 95
16 95
58 97
99 137
49 141
54 78
38 110
4 74
100 122
16 42
20 23
59 92
74 141
56 113
53 86
31 145
0 130
34 117
83 148
10 52
12 48
64 138
37 104
48 89
120 149
51 62
27 58
16 54
42 140
69 74
37 70
89 104
5 99
25 49
55 57
48 62
18 103
11 125
69 114
30 37
36 116
62 73
18 88
27 47
25 104
84 126
23 77
109 132
74 132
31 85
94 144
60 63
110 149
3 93
42 45
81 89
1 8
56 148
72 103
25 97
83 132
112 115
48 70
99 116
61 142
30 102
25 60
7 67
88 149
0 127
47 125
0 124
52 123
105 110
56 144
53 85
99 109
59 123
48 142
51 109
55 74
72 99
79 115
70 98
16 117
126 141
19 28
16 31
36 73
26 121
28 37
53 123
21 97
45 50
7 8
121 123
92 138
110 139
5 92
68 129
48 149
35 82
10 40
58 68
31 48
23 47
69 105
97 138
7 90
47 113
32 35
21 55
48 148
27 118
75 78
19 140
11 106
21 30
98 121
18 24
53 145
18 93
25 137
101 140
78 110
6 131
56 126
3 8
77 136
82 96
126 145
53 59
40 111
68 135
58 122
32 128
20 117
16 23
29 88
64 147
58 138
117 119
44 103
63 72
0 18
33 69
138 145
32 109
69 81
48 117
39 100
58 104
22 62
48 143
14 71
129 131
0 134
75 139
50 64
134 140
59 83
25 130
18 134
65 87
84 117
37 67
43 123
28 35
65 76
28 137
62 91
18 127
62 94
116 126
8 46
13 31
38 119
74 129
63 66
36 108
25 123
1 115
63 135
85 126
79 103
4 27
14 17
58 133
107 122
23 31
118 124
66 83
56 78
23 29
6 138
31 70
96 146
55 83
36 122
63 103
24 98
56 86
0 139
11 114
77 99
64 106
11 37
8 95
31 86
89 94
38 39
20 27
17 146
135 137
50 69
1 89
2 30
16 89
123 125
3 138
12 40
48 51
35 146
66 109
82 100
23 62
83 138
51 134
2 90
75 140
78 79
12 105
67 104
18 145
10 46
45 119
95 130
13 79
80 127
69 103
4 60
105 114
0 7
7 85
19 131
40 85
5 87
97 133
44 124
78 104
8 57
35 86
6 13
49 69
43 101
50 51
3 59
129 130
119 121
66 126
101 118
12 101
30 55
90 121
58 142
5 50
74 107
64 120
107 139
40 123
1 148
34 110
81 127
3 43
110 122
46 61
76 134
8 18
63 68
66 73
23 113
27 49
38 45
19 36
34 145
8 93
68 122
124 141
67 101
114 148
83 92
42 63
108 146
38 109
33 88
79 137
28 75
61 98
21 145
16 96
3 66
41 47
92 108
90 148
67 125
48 69
44 130
18 28
94 106
37 42
20 140
93 98
93 109
52 65
7 140
11 41
0 135
27 104
52 54
32 96
26 98
51 55
20 96
15 113
43 124
27 108
1 18
70 75
48 97
102 128
10 95
24 102
7 113
23 66
7 52
79 119
29 66
94 96
69 110
55 120
108 148
88 138
13 48
0 55
102 106
69 79
11 47
71 92
0 31
82 95
94 127
66 84
64 65
42 105
14 67
123 142
13 142
28 119
9 146
33 56
58 79
49 131
131 141
76 118
44 76
43 105
49 108
12 148
64 144
132 136
16 79
54 128
37 102
80 124
6 102
13 125
83 145
62 143
110 130
95 148
27 126
43 116
107 146
97 149
41 83
15 129
17 105
75 100
52 60
11 58
8 90
19 108
36 126
56 90
5 8
127 144
51 81
52 71
6 15
6 26
64 66
74 97
85 133
50 126
14 23
119 131
19 127
57 121
4 127
34 103
5 59
130 138
3 63
6 69
95 129
35 45
42 109
77 130
9 30
54 85
75 96
17 118
52 89
108 127
67 80
33 137
8 50
67 88
21 67
12 56
107 112
67 145
34 129
25 140
24 64
32 65
19 41
91 128
22 99
86 119
107 127
46 137
109 113
117 128
34 118
13 50
45 129
74 110
18 64
88 130
10 36
81 135
50 84
42 124
73 103
40 135
103 133
8 127
52 59
22 35
65 86
97 105
76 142
7 107
29 41
3 57
83 136
68 73
12 142
49 79
32 62
62 71
32 104
16 126
67 133
80 138
104 131
70 142
5 40
62 119
54 147
11 31
4 110
64 125
36 141
6 40
81 107
44 148
47 91
28 146
50 97
86 121
85 95
51 107
41 134
62 95
9 82
81 102
108 140
1 117
14 121
117 144
92 94
18 141
32 41
29 77
13 132
45 76
10 23
71 134
7 117
23 147
68 95
33 39
11 79
59 106
73 129
105 149
20 76
36 48
13 71
113 141
18 25
2 67
22 120
72 149
2 42
87 94
106 134
17 43
90 114
94 98
36 91
7 44
60 107
50 125
30 32
42 52
3 16
5 51
58 146
42 145
20 137
61 102
35 102
5 28
50 139
35 96
12 138
97 124
4 105
49 130
35 56
107 117
22 61
10 99
81 104
71 116
108 129
47 97
93 96
70 122
40 130
29 32
49 107
41 102
39 149
41 108
9 92
47 133
7 112
5 43
3 142
38 114
78 125
94 101
1 26
10 35
76 127
104 112
54 123
15 95
44 128
50 88
49 64
106 148
9 140
6 136
3 125
28 139
24 81
58 91
101 105
9 17
6 110
84 88
50 134
2 27
48 77
57 108
67 120
6 125
8 34
128 148
59 114
22 55
117 123
72 100
101 112
35 79
51 129
20 130
120 131
57 142
26 80
14 86
1 22
22 32
72 137
143 147
13 42
105 120
44 122
85 107
38 83
5 138
18 120
125 127
14 107
3 28
56 96
102 118
25 88
105 134
22 50
44 147
5 93
69 85
56 141
31 94
14 131
67 141
116 144
62 147
99 102
82 93
26 38
77 100
88 126
116 121
81 112
22 123
56 69
11 32
23 78
96 130
69 127
8 21
90 129
16 57
30 93
20 60
107 121
16 93
97 125
49 55
46 122
67 81
1 17
92 95
24 125
41 145
35 68
85 94
26 93
3 80
47 52
12 63
137 145
62 102
34 36
5 148
16 17
6 12
13 82
107 137
77 141
58 145
54 79
22 132
63 81
77 128
115 141
93 110
62 66
11 123
23 129
62 99
60 87
16 34
70 108
35 149
87 127
0 78
12 122
29 56
24 126
23 89
28 120
15 109
73 141
83 114
28 76
45 145
73 144
11 80
24 132
141 146
100 144
22 78
101 124
24 112
48 104
