100 100
55
114
42
39
82
68
28
37
20
94
53
98
63
112
30
67
75
108
83
49
105
32
49
23
36
43
42
84
41
82
65
76
29
39
48
43
88
108
60
88
83
45
118
78
37
28
26
45
69
41
26
54
53
55
109
70
30
31
34
52
46
31
60
107
50
88
30
118
29
70
39
92
47
37
50
116
98
56
41
47
77
47
33
63
34
22
113
97
85
79
81
63
90
21
50
72
42
60
71
51
82 94
32 61
63 76
82 87
25 29
37 71
39 80
36 88
54 61
31 48
35 70
58 59
39 89
37 55
43 44
10 77
42 90
18 90
58 78
1 35
24 59
72 98
8 57
18 86
18 62
18 49
30 40
8 29
15 21
18 64
11 29
2 94
23 84
20 33
14 73
68 73
92 98
55 72
0 10
14 25
80 95
21 64
24 25
2 47
21 39
51 63
2 57
5 77
25 94
8 63
51 83
1 82
6 76
8 76
16 85
43 97
7 80
58 70
31 72
22 57
20 93
25 47
30 77
8 24
32 40
23 59
12 66
72 99
20 28
5 89
38 71
30 37
8 95
13 80
35 52
25 26
25 61
55 91
2 31
51 94
62 63
18 30
69 74
43 49
33 89
2 41
67 84
74 89
3 52
14 16
69 77
32 59
11 52
15 26
73 96
48 97
18 52
67 94
46 47
40 81
