150 150
106
119
67
104
24
98
52
111
61
113
68
77
113
63
67
35
56
38
78
75
54
73
26
92
102
77
51
20
83
111
116
69
62
115
105
66
45
37
110
86
82
58
43
28
53
42
43
89
60
53
96
94
107
54
119
41
111
50
93
74
93
90
75
36
37
113
34
63
82
24
29
45
63
105
53
48
27
28
70
20
61
46
46
48
33
45
70
24
27
95
31
53
65
38
69
83
31
35
78
94
40
87
71
35
24
56
63
84
116
113
84
57
92
62
38
57
88
88
61
47
115
72
80
113
91
81
76
54
97
86
80
117
53
83
84
110
71
27
74
67
73
38
105
97
32
23
86
100
43
27
69 73
18 82
6 148
9 139
12 136
27 48
14 72
125 132
51 79
52 93
41 91
65 114
0 8
20 78
8 107
30 53
129 135
29 49
44 110
18 30
118 122
45 109
132 144
72 114
15 45
38 68
57 133
3 65
75 133
90 144
99 135
16 22
84 123
30 46
64 83
108 113
72 85
55 67
66 127
13 83
1 143
50 104
9 134
17 19
63 136
11 122
12 34
138 149
7 86
29 143
53 142
101 138
6 65
33 107
35 41
28 99
42 53
79 130
62 148
48 98
61 110
72 126
113 144
53 125
4 101
4 46
49 142
16 107
49 100
43 143
73 148
85 103
14 54
52 67
15 18
15 125
90 141
21 105
18 126
57 75
61 75
106 124
42 134
108 143
1 127
50 142
138 147
6 55
65 110
70 83
97 126
19 75
31 118
38 146
113 140
71 103
98 139
31 59
69 82
24 59
68 70
11 111
70 118
16 33
30 86
6 18
33 93
53 78
26 116
49 68
23 131
22 121
81 105
31 53
14 123
2 77
84 120
2 147
28 55
73 88
23 86
14 68
128 147
32 80
65 103
87 139
71 74
29 94
124 126
43 97
22 30
0 84
20 86
55 100
30 77
2 88
98 103
95 131
37 61
5 11
14 98
140 144
19 141
19 143
19 114
49 143
129 136
49 58
6 117
44 60
