150 3000
85
100
87
45
35
62
106
75
47
91
101
77
97
106
67
98
57
82
112
101
21
106
62
45
47
31
27
114
57
73
27
74
53
46
100
20
41
38
75
20
109
56
77
38
94
76
116
83
90
60
65
91
99
59
69
26
71
76
20
60
29
79
114
114
106
46
115
79
65
70
79
106
59
37
25
33
45
73
97
116
114
94
39
93
85
88
51
36
45
52
28
106
111
23
53
49
101
48
108
46
50
20
33
89
89
90
55
114
95
84
110
89
58
30
114
23
50
46
92
27
30
100
114
21
55
47
103
37
27
43
115
57
43
80
79
112
50
66
59
26
30
49
47
20
111
94
23
42
72
47
17 34
38 50
58 118
123 136
26 79
42 52
0 50
76 82
127 128
115 144
45 105
29 121
58 93
27 107
10 62
86 96
27 146
137 145
35 110
73 114
13 116
48 115
41 92
79 88
109 124
40 43
136 147
0 24
63 145
86 134
61 113
11 110
2 6
15 145
80 109
28 98
126 143
18 48
127 137
8 148
51 101
91 98
37 91
25 84
56 111
68 118
79 127
31 78
73 138
46 120
84 126
61 68
116 119
8 131
94 139
59 97
40 52
98 129
25 143
50 63
132 136
15 70
113 148
47 101
93 123
57 71
41 122
118 143
8 99
2 4
88 113
30 101
15 101
9 60
73 126
12 15
82 107
30 70
129 132
74 105
47 125
13 97
33 89
90 149
133 144
3 123
6 107
4 24
65 108
136 137
40 149
1 147
32 134
18 120
63 96
38 124
39 143
82 135
76 124
9 81
122 136
80 133
3 6
6 143
47 139
43 45
29 96
118 127
40 47
64 73
58 79
14 116
42 139
94 124
67 148
33 110
5 49
55 72
60 131
49 102
28 94
26 145
25 122
72 145
12 111
48 91
19 62
58 62
2 51
50 88
48 121
20 83
58 106
16 76
27 39
118 119
15 23
100 145
42 137
0 74
4 122
75 143
35 103
39 86
8 127
38 129
24 78
34 52
82 128
23 102
57 123
132 142
137 138
82 126
6 82
28 86
21 129
11 66
27 51
35 54
80 93
8 66
117 118
94 101
99 148
107 124
72 116
60 89
5 21
36 87
28 116
59 75
138 139
67 125
29 92
22 102
24 70
43 83
89 144
118 126
47 100
11 136
44 60
33 99
66 140
11 49
0 106
75 76
7 92
16 79
32 149
75 99
29 90
30 122
57 90
8 77
115 129
71 75
25 72
10 15
21 40
48 116
21 42
15 123
50 52
52 131
44 59
62 83
74 120
24 53
30 55
3 19
32 96
42 75
112 116
64 130
14 137
23 138
3 125
35 92
11 46
68 122
33 91
56 67
3 132
85 121
42 89
88 121
13 40
13 54
35 129
46 117
86 110
22 137
28 57
75 148
27 120
16 60
26 135
8 115
102 106
50 97
40 120
106 143
36 47
15 137
33 134
34 94
56 119
81 148
15 131
95 125
43 102
30 57
23 28
90 125
68 139
61 132
24 97
11 30
14 97
11 101
7 66
92 116
75 126
20 143
36 78
10 77
2 65
101 102
30 94
5 74
6 87
70 72
21 34
3 83
78 81
6 21
15 54
34 78
51 57
18 96
60 100
22 142
16 44
101 142
16 142
105 148
5 77
40 122
56 99
30 43
36 64
36 142
16 131
26 85
73 122
28 72
18 27
19 44
36 119
87 126
34 93
54 58
3 35
114 130
0 85
44 121
78 142
39 70
13 112
18 95
69 148
46 77
88 90
57 149
86 126
34 62
81 88
18 121
137 143
78 148
84 101
23 140
5 36
2 102
2 54
71 101
61 80
79 93
70 119
55 67
34 51
5 45
38 69
68 143
18 33
13 21
36 117
11 24
15 72
26 28
0 18
0 31
61 125
30 79
97 146
131 137
32 47
39 117
32 122
42 87
100 117
63 136
126 136
89 142
40 62
72 89
1 62
43 99
83 98
39 123
131 139
5 20
8 30
95 104
71 124
38 97
83 110
14 121
58 95
112 135
52 120
32 109
105 110
38 75
17 58
11 40
58 69
112 118
1 67
27 115
0 65
47 132
23 142
92 136
29 63
38 139
45 147
1 125
60 83
44 147
114 118
21 122
31 139
48 124
16 103
0 124
50 148
44 142
73 134
55 74
105 114
80 104
26 78
30 121
54 96
30 44
43 93
4 146
109 128
9 48
28 144
12 53
109 119
136 138
64 107
46 102
82 114
72 117
64 102
62 89
6 35
92 101
128 148
139 149
29 99
50 57
93 104
62 70
110 115
48 81
52 68
32 127
101 134
51 100
42 105
13 78
7 114
6 56
15 98
35 114
92 148
4 57
21 64
25 119
102 122
76 145
79 131
82 113
63 130
23 37
76 102
101 136
59 66
133 142
7 27
58 97
21 56
62 86
84 130
13 102
8 36
18 80
43 87
2 67
92 107
85 142
44 93
13 71
3 115
10 146
142 146
66 120
33 104
54 84
19 67
88 107
19 127
27 64
30 62
33 71
26 122
7 68
21 130
24 81
96 130
87 140
57 126
56 132
110 142
63 67
57 79
48 128
22 93
108 130
4 14
36 73
57 73
54 56
52 134
36 71
64 94
1 30
23 47
13 16
86 145
9 125
6 51
58 126
90 99
84 113
95 120
70 89
27 143
63 126
65 97
41 134
31 67
94 130
10 142
130 146
5 24
108 140
30 100
84 129
18 40
37 144
40 83
107 120
84 128
33 127
51 70
19 82
63 129
25 111
82 109
1 37
67 93
27 101
98 142
93 98
40 81
39 78
10 109
25 44
76 86
8 101
23 123
100 132
85 143
85 122
28 145
92 96
40 107
107 140
35 72
16 148
60 111
38 125
61 104
114 120
24 121
123 144
83 146
81 99
107 146
49 109
92 119
135 142
27 76
57 74
43 70
37 70
108 141
34 124
5 14
137 148
51 146
47 145
79 146
89 129
140 142
36 121
60 80
5 12
49 52
62 76
93 110
36 107
17 35
68 146
31 43
13 115
39 146
83 102
137 142
96 122
25 93
34 137
47 76
128 142
120 148
41 91
77 132
97 112
46 119
59 134
63 133
22 67
39 107
119 132
35 55
21 111
4 66
3 141
32 36
71 146
12 97
96 144
72 138
33 131
114 122
54 137
8 33
68 88
81 120
26 73
114 123
7 21
35 71
60 118
98 116
54 72
7 35
31 106
51 104
25 90
8 59
0 97
29 116
13 109
86 135
111 138
1 47
89 132
3 119
119 149
21 53
41 80
140 147
14 93
4 39
12 34
0 86
22 52
59 83
53 61
88 130
0 99
143 149
14 120
12 104
95 146
61 109
65 89
25 50
51 130
14 141
66 81
14 26
9 73
11 114
36 141
36 52
45 143
87 113
93 112
27 57
89 141
68 133
20 56
22 71
54 80
141 146
52 132
121 143
8 16
37 69
30 96
16 86
45 128
29 73
73 87
57 64
56 120
64 78
59 149
41 139
32 106
37 88
60 84
2 134
21 68
67 71
51 140
3 96
84 118
71 108
7 135
15 63
93 106
30 67
71 145
101 108
47 103
75 107
13 96
49 145
50 55
23 146
36 67
44 131
105 147
9 113
91 142
30 137
12 40
115 140
82 87
44 54
7 146
6 122
19 61
55 116
51 121
8 139
21 23
104 126
72 113
64 89
21 107
21 104
61 94
78 93
94 138
119 141
52 144
40 49
12 18
3 60
20 76
83 124
5 104
43 139
96 121
116 127
79 118
7 124
52 129
2 73
92 144
86 94
46 135
38 65
41 147
69 125
110 117
43 71
17 84
16 40
34 83
18 103
44 113
92 110
14 96
67 91
8 12
49 65
46 74
17 27
60 61
0 130
16 144
20 77
90 102
30 65
42 134
59 133
109 127
74 117
3 41
90 126
50 121
1 55
7 62
7 17
63 94
76 115
28 141
55 73
40 146
18 55
23 127
125 146
2 123
65 123
5 75
60 64
41 77
49 141
3 34
58 130
9 126
0 79
75 83
108 116
7 74
129 143
32 111
4 107
9 116
79 86
30 73
47 58
16 49
19 148
128 135
47 129
6 32
28 90
84 108
46 101
62 119
29 87
76 129
10 52
68 106
1 24
0 20
5 43
74 128
104 135
35 106
75 116
74 85
50 120
15 36
2 99
134 141
15 30
67 92
23 68
10 69
30 47
69 142
88 100
42 119
75 137
114 129
53 93
49 143
75 85
60 77
86 97
18 69
112 136
82 110
62 121
2 11
1 123
56 141
25 125
86 112
76 96
119 125
44 141
52 113
49 122
41 51
13 120
79 80
43 96
0 103
7 55
13 25
1 148
38 84
92 113
0 92
38 119
82 119
65 82
36 89
34 87
4 32
100 112
98 136
5 90
98 112
97 124
27 65
42 82
8 82
98 134
103 104
18 82
88 118
10 24
42 55
58 80
6 114
7 59
6 76
19 85
79 102
69 139
22 28
110 145
83 93
103 131
10 36
90 145
52 146
16 66
114 144
124 147
98 128
20 109
61 115
35 99
29 102
97 109
23 83
57 93
53 111
10 33
7 93
75 117
70 78
37 66
31 142
0 143
103 118
23 78
102 117
32 35
42 90
55 128
45 64
52 117
7 84
29 68
0 15
104 145
20 122
84 114
104 137
72 108
33 90
52 85
77 108
51 122
76 81
5 105
0 21
7 104
68 130
3 27
131 146
6 140
105 132
60 91
76 143
47 56
41 124
67 145
89 148
66 74
21 71
73 81
88 144
27 63
106 120
19 66
108 139
25 147
19 90
16 57
6 64
106 125
42 130
101 128
17 33
104 106
87 88
29 83
77 109
48 65
114 119
104 144
64 65
11 132
17 130
9 86
49 51
37 79
106 137
85 145
22 44
25 29
36 99
49 77
3 93
18 110
65 67
33 64
127 130
68 110
98 147
31 135
18 76
63 143
65 90
85 90
87 119
28 99
32 136
5 94
64 142
109 122
102 149
67 86
35 115
47 63
32 78
94 148
63 74
10 34
4 56
136 149
5 135
1 18
42 63
14 117
10 19
35 45
47 130
13 89
65 93
127 129
75 87
33 126
73 90
112 144
56 92
109 111
67 95
43 126
75 102
23 118
14 74
33 69
12 79
46 57
1 132
33 75
47 72
66 69
28 77
8 113
97 127
101 132
22 26
100 148
35 40
67 120
16 48
79 101
112 148
10 147
91 114
21 77
92 93
12 29
1 59
4 11
41 85
84 123
53 78
69 74
119 130
6 37
99 144
56 85
37 128
122 129
35 148
35 39
118 120
54 82
63 92
87 108
79 91
12 71
101 130
102 147
36 134
67 123
27 90
29 101
51 132
80 86
18 21
38 56
13 104
69 130
4 10
82 132
4 62
0 87
4 138
123 130
83 127
36 62
109 142
29 122
13 80
19 68
48 145
18 88
18 99
0 75
82 83
135 145
87 124
47 127
30 72
108 113
20 49
9 51
64 75
77 90
6 8
53 149
87 109
29 72
49 88
21 82
119 131
68 120
17 94
98 124
56 90
139 140
41 128
42 50
117 141
21 25
20 51
62 78
24 101
22 83
142 143
53 87
10 53
100 114
104 109
139 141
42 145
14 31
85 105
38 39
20 125
37 101
43 72
24 38
112 119
9 112
16 102
18 66
18 29
10 72
102 104
91 134
57 75
85 129
95 132
18 122
62 77
46 94
76 103
61 83
13 119
1 39
72 79
53 69
82 140
22 88
6 92
52 81
82 112
27 137
11 95
22 97
41 126
52 121
32 46
37 68
39 45
26 107
78 111
79 95
68 101
63 85
10 16
92 115
4 128
21 125
15 119
141 148
11 96
53 133
79 98
36 74
26 87
84 137
19 108
20 50
67 87
36 123
41 93
57 143
32 119
30 112
67 130
67 140
93 148
15 78
64 100
2 111
84 105
73 131
74 146
41 48
84 135
23 128
110 143
54 143
22 60
104 128
12 102
123 142
19 126
22 57
22 29
18 60
4 53
97 142
75 145
8 68
24 120
1 83
7 46
110 113
12 86
31 103
62 105
7 103
126 134
25 140
46 85
43 51
32 88
10 46
32 82
9 115
17 30
78 140
29 67
112 145
31 57
68 135
104 116
111 142
7 94
40 129
58 64
7 30
88 126
72 123
102 124
42 104
71 92
73 88
33 105
3 47
66 90
103 108
104 110
12 89
46 123
55 76
31 130
14 145
40 138
20 66
62 90
72 85
35 146
75 121
3 122
26 93
90 134
50 98
110 141
37 140
83 97
114 115
30 129
19 33
39 109
13 148
44 85
9 21
56 64
83 144
59 136
7 119
37 110
20 79
103 148
5 121
44 134
63 128
17 69
67 75
21 83
3 144
43 111
59 89
44 118
66 75
14 28
48 78
76 93
53 120
24 90
27 37
8 58
2 78
77 127
47 60
1 50
96 107
12 16
35 108
12 36
24 64
5 27
112 120
68 81
74 142
72 92
3 111
15 130
107 133
30 93
70 146
79 81
92 145
29 147
33 103
30 41
0 120
14 35
18 143
25 144
7 57
80 89
23 63
99 116
19 145
14 76
98 106
123 147
77 135
30 78
9 30
49 96
42 45
114 127
79 109
39 54
116 134
128 139
77 99
7 95
21 148
73 148
33 44
55 86
49 85
8 15
41 54
27 78
33 68
12 27
24 128
11 149
0 9
5 95
27 83
90 114
93 134
49 149
98 122
9 27
88 94
29 105
53 59
36 111
114 117
21 60
87 114
100 103
2 143
1 116
3 39
66 100
54 74
32 112
74 109
70 149
32 45
106 144
67 70
82 125
79 87
75 125
47 143
17 149
111 136
33 60
29 71
9 28
43 90
115 127
71 136
105 122
44 106
25 80
43 58
52 87
36 45
106 134
95 96
98 144
64 106
33 94
24 122
35 42
2 21
15 26
28 111
109 132
77 137
17 39
15 105
137 149
83 113
107 147
19 63
57 142
114 134
17 51
19 26
73 93
3 45
55 79
94 112
6 129
35 73
73 100
106 122
39 58
45 58
16 74
29 33
107 126
52 101
104 105
26 67
49 84
85 98
8 85
9 133
88 115
57 92
17 19
87 137
68 92
25 74
19 76
73 123
92 133
41 86
120 146
28 129
116 129
38 147
14 54
86 130
20 71
13 23
114 133
2 68
40 142
25 28
22 143
30 63
29 144
10 60
12 59
27 98
79 113
86 113
99 136
2 89
32 135
3 53
40 145
68 145
81 142
56 74
103 112
24 102
14 114
83 112
43 98
34 129
74 87
114 132
127 135
58 84
70 76
46 139
3 12
46 80
23 110
47 105
52 118
2 135
31 59
43 107
15 86
34 76
9 107
28 110
10 21
34 58
34 65
54 81
51 56
51 117
10 128
61 64
78 95
65 122
4 74
33 85
34 54
95 145
88 129
60 71
33 80
40 141
62 82
32 79
36 56
89 121
58 121
67 143
105 134
67 98
34 107
82 117
70 82
25 47
37 83
54 69
73 106
12 77
57 144
90 93
8 93
51 127
57 100
42 54
11 26
73 120
36 105
97 149
38 77
109 116
69 114
12 107
7 64
17 115
91 118
45 118
99 140
37 118
79 148
120 133
12 132
50 68
59 79
68 76
50 81
33 115
80 125
26 100
97 118
38 138
39 142
12 128
77 126
60 144
6 149
4 108
79 100
1 80
0 116
98 117
27 45
139 142
36 133
14 29
49 106
42 43
16 41
101 110
62 111
40 148
14 102
13 32
32 103
78 130
28 81
71 122
9 63
77 100
58 108
3 120
63 124
6 136
28 117
53 60
67 139
1 17
21 50
79 103
52 78
76 141
26 61
21 121
36 143
10 76
82 108
48 136
101 103
11 27
7 36
24 126
52 123
11 128
17 124
40 56
47 92
33 123
4 141
55 104
30 58
58 109
70 117
93 146
21 89
70 120
29 135
22 108
52 92
27 66
10 67
102 113
2 86
8 46
43 113
4 76
40 74
70 83
105 133
61 105
46 127
0 37
57 129
104 136
46 115
54 61
50 128
4 145
80 143
118 149
18 73
107 108
86 148
55 87
14 138
1 15
55 109
76 79
13 126
18 109
0 121
70 97
22 130
1 32
20 73
11 109
8 123
3 78
93 124
14 81
19 93
48 147
52 67
43 119
28 40
8 140
35 62
7 88
17 47
70 77
99 132
143 147
64 83
45 112
34 49
3 18
32 130
58 120
22 92
26 57
48 71
85 88
5 147
48 72
5 47
14 39
29 137
88 136
42 115
8 95
119 126
25 141
62 146
73 133
52 71
120 138
43 95
20 115
45 119
99 141
106 149
8 141
20 127
20 87
97 136
21 135
37 119
108 144
79 105
1 107
100 129
61 63
41 52
64 92
55 60
2 112
31 74
34 63
37 49
19 55
101 126
29 36
40 134
17 147
20 135
29 98
83 122
0 147
113 116
104 119
75 80
0 110
104 143
43 144
20 62
73 127
113 142
78 113
16 45
63 127
81 129
32 54
57 66
39 60
31 100
11 64
63 103
9 109
6 86
50 134
58 70
60 133
16 135
3 135
42 97
44 125
22 78
55 80
124 130
59 104
5 124
2 107
69 111
29 74
59 137
74 101
70 145
57 128
5 26
86 118
42 118
12 68
77 101
15 62
89 146
25 148
1 8
100 130
48 52
67 82
102 131
16 55
23 44
29 49
53 57
72 107
5 17
11 63
41 113
36 50
38 114
12 30
142 144
19 75
52 61
27 116
68 124
41 127
70 143
7 127
16 46
63 101
14 21
13 127
15 143
51 97
57 96
76 91
21 54
100 128
114 126
9 135
1 28
20 23
94 147
72 86
10 101
113 117
25 48
42 59
80 96
19 135
29 111
35 105
91 137
1 144
67 73
11 17
5 70
80 135
8 103
96 109
5 128
1 131
25 113
70 142
7 136
103 143
104 138
55 137
5 28
0 118
62 104
71 133
82 139
83 136
26 120
84 134
55 103
90 128
16 91
23 79
22 63
36 102
4 120
86 108
5 119
53 108
57 132
65 85
95 112
76 77
18 126
51 92
84 119
24 60
72 127
31 34
11 65
91 128
0 53
74 130
102 130
50 124
3 50
20 141
111 137
104 131
85 123
84 146
6 148
110 123
56 88
46 100
121 138
54 93
4 73
6 106
62 100
58 143
46 82
88 104
79 92
13 114
14 88
61 71
10 26
20 72
38 60
4 67
1 129
80 131
63 138
86 131
16 38
3 16
27 94
13 47
16 123
8 63
58 133
14 131
60 113
25 146
102 121
4 13
78 106
38 67
83 141
18 41
27 54
95 117
109 118
1 51
13 124
22 115
13 45
49 59
16 78
29 145
21 106
130 147
59 91
59 103
5 32
19 79
76 137
39 127
65 138
42 103
87 133
72 132
34 48
31 127
50 113
5 134
55 127
8 64
9 92
18 51
48 135
90 109
46 140
73 115
24 80
13 149
1 101
25 126
30 64
42 95
19 136
38 63
23 86
27 74
2 31
26 102
82 116
33 79
92 105
106 135
132 147
29 80
48 101
10 35
6 33
34 37
33 116
3 14
148 149
93 119
5 7
49 54
31 41
57 131
67 68
3 69
91 104
43 65
0 108
49 142
38 134
11 93
62 149
79 107
15 120
82 147
31 137
72 105
30 126
7 26
75 97
62 138
34 102
108 134
85 115
39 118
9 138
4 129
31 126
122 138
3 17
42 47
24 58
22 140
12 83
115 136
19 120
6 125
85 93
4 25
36 130
20 54
48 63
15 83
95 115
28 55
41 70
55 64
123 126
86 98
81 94
49 98
8 81
44 102
10 30
7 38
66 145
63 89
38 43
45 93
9 18
121 147
6 18
70 112
87 120
96 113
51 60
55 96
23 108
8 54
15 146
101 114
40 130
2 75
137 147
5 136
118 133
24 125
38 54
76 114
53 112
23 85
98 103
13 95
54 91
6 80
61 107
98 109
38 86
25 106
8 69
3 114
10 118
40 63
80 122
75 109
54 104
60 88
19 47
67 132
20 113
55 121
48 97
3 118
65 121
93 103
109 146
43 115
50 132
25 97
53 144
3 87
107 139
118 138
115 138
14 18
2 14
25 87
137 146
59 73
14 136
82 101
7 111
48 100
68 121
85 89
22 30
17 44
26 116
48 106
44 103
13 145
34 117
27 87
23 129
19 83
33 112
45 122
4 47
7 121
34 56
48 130
23 58
12 23
18 119
77 138
52 104
49 135
113 127
18 89
21 136
22 80
58 136
13 141
50 125
88 148
57 114
41 69
23 97
1 33
16 124
10 97
2 13
86 115
39 40
54 148
42 109
108 135
54 114
113 149
38 131
90 147
62 109
74 92
14 33
44 74
43 56
2 15
60 116
59 121
20 106
27 44
21 96
119 146
56 135
17 141
51 91
37 65
39 112
23 81
58 104
40 82
55 90
73 107
19 40
61 129
15 87
78 97
63 107
70 80
4 63
62 145
18 77
4 125
65 70
0 67
60 140
63 76
11 55
37 109
70 118
2 53
58 90
18 85
65 125
64 135
92 131
37 55
23 144
57 84
23 35
10 12
21 132
120 143
14 112
47 104
66 73
40 96
4 7
68 123
44 66
81 101
23 26
127 132
12 110
40 77
44 47
33 57
41 47
89 123
46 54
9 142
84 133
9 128
10 105
22 141
20 147
45 149
89 90
24 98
49 139
22 72
28 78
121 135
15 122
27 47
27 33
19 74
52 62
28 124
20 59
131 147
42 69
60 130
83 84
8 100
86 129
28 137
61 62
26 47
15 128
1 127
108 119
141 144
29 81
15 121
14 91
42 74
13 100
3 77
55 139
56 116
105 106
126 127
32 57
73 141
98 135
23 49
78 82
24 145
1 108
88 119
56 108
45 113
104 121
124 127
58 115
59 62
81 134
14 72
40 57
116 145
52 103
19 21
129 139
91 106
114 140
19 112
89 138
8 49
70 104
8 108
31 144
90 104
9 32
115 149
103 136
17 146
87 92
26 134
55 95
64 127
68 141
133 149
16 85
15 64
50 74
79 82
73 105
71 131
25 57
14 22
51 120
17 86
74 77
85 125
36 129
100 146
46 144
63 141
78 135
25 37
10 47
33 52
84 98
86 102
26 101
36 65
28 53
89 97
53 92
77 133
46 76
4 69
83 94
43 94
29 48
43 132
33 129
59 84
73 112
22 104
80 115
46 134
7 116
42 117
55 99
51 95
47 94
128 143
125 137
11 116
111 122
36 63
84 136
4 136
5 82
23 69
26 48
78 94
22 38
21 62
32 66
27 80
56 143
63 140
121 129
0 133
21 47
4 31
26 80
2 126
76 119
9 122
10 137
128 145
71 128
6 127
117 121
3 145
2 3
24 94
59 125
41 50
66 111
5 87
29 120
1 105
91 138
3 70
59 131
36 76
99 102
56 105
58 94
10 38
35 66
96 111
28 113
20 57
79 115
19 49
34 141
7 37
61 119
18 39
23 57
40 113
30 135
41 74
35 109
72 129
108 143
52 124
35 47
21 118
126 131
16 141
73 94
53 70
29 31
26 68
12 37
0 17
0 129
124 136
33 84
7 61
1 89
44 138
105 135
61 118
55 134
10 14
16 52
69 134
23 121
45 121
54 83
95 138
6 116
20 146
95 134
103 116
66 77
106 121
65 135
80 116
9 35
35 143
6 104
16 51
125 134
36 113
27 102
35 77
44 88
112 123
90 118
8 130
55 131
93 135
71 109
34 50
127 139
4 8
48 92
52 55
56 142
129 145
89 143
29 118
0 111
32 89
62 71
48 139
14 99
21 116
35 124
11 12
19 114
68 108
119 123
26 62
94 116
41 87
38 101
94 127
106 114
26 128
81 113
4 92
13 43
30 132
69 93
8 87
37 81
26 44
25 82
29 119
59 65
10 27
26 70
14 107
33 70
60 101
74 97
3 63
89 107
30 114
91 111
53 135
12 26
18 115
48 141
23 99
35 50
28 135
67 141
14 149
116 117
12 119
34 126
13 87
26 91
12 52
95 126
44 78
80 147
63 108
9 130
74 125
7 53
66 147
99 100
15 56
24 107
128 134
23 74
101 137
17 67
133 147
7 23
17 132
31 58
27 132
95 147
22 135
0 125
51 143
2 147
121 128
145 148
37 111
72 144
30 53
103 113
85 113
43 110
132 141
11 70
8 129
12 124
75 96
43 73
80 91
86 137
2 19
8 40
55 132
25 145
16 130
50 106
6 24
43 85
44 97
23 113
7 87
82 88
46 61
65 106
26 99
12 21
54 133
41 118
84 117
10 124
73 98
57 107
35 43
49 62
61 127
6 139
6 10
32 139
44 82
19 69
1 79
127 144
80 103
61 136
21 119
61 77
40 108
119 147
46 49
85 87
32 81
19 134
47 88
3 101
49 70
0 78
2 64
113 122
85 120
4 58
8 34
4 83
67 142
54 106
26 139
6 119
60 78
20 32
11 88
3 131
51 64
38 118
105 115
58 128
32 101
58 125
38 111
35 46
68 79
6 99
114 146
99 118
21 28
49 69
111 147
61 67
94 123
83 107
69 120
51 68
37 75
96 133
38 92
6 98
28 41
9 41
37 80
106 139
34 149
5 39
11 21
12 90
114 139
29 60
25 67
25 54
126 147
53 107
9 131
50 70
60 74
56 94
0 136
6 39
17 104
131 148
27 93
93 118
123 143
131 132
27 56
41 112
127 145
17 131
53 148
23 52
124 131
23 32
69 101
32 131
15 124
1 65
71 106
25 86
27 113
82 94
38 96
123 138
27 97
91 93
117 137
52 108
20 30
61 98
18 111
131 133
40 118
39 75
6 69
60 148
42 48
23 41
37 115
56 81
75 88
38 95
45 131
71 137
99 146
87 117
5 61
4 15
39 52
77 84
54 107
52 95
64 147
109 133
97 129
25 103
14 43
39 124
60 73
7 32
13 146
26 129
62 144
24 141
19 88
24 56
15 42
30 147
84 86
112 134
85 96
78 119
1 70
66 68
46 112
39 130
27 95
42 56
124 125
65 139
0 41
106 126
28 108
97 98
122 146
29 107
45 65
7 99
106 131
9 57
23 65
37 103
75 135
51 98
80 124
55 88
44 50
26 115
90 111
70 91
0 119
133 137
121 141
20 80
0 43
37 146
49 123
1 22
125 126
2 100
56 57
90 107
4 116
72 94
44 130
1 87
44 122
68 138
16 50
98 104
3 106
6 58
49 63
41 116
72 120
46 60
40 116
91 105
37 41
58 141
12 147
52 130
51 109
57 80
17 31
22 133
73 146
5 133
23 43
23 36
73 109
47 81
38 105
19 41
40 88
91 132
47 62
117 148
21 145
8 17
62 148
124 144
41 73
28 107
80 148
18 100
140 149
23 91
2 25
61 72
15 85
19 86
43 137
38 133
13 57
79 120
61 137
77 88
8 53
46 50
121 140
43 44
48 105
18 134
7 22
55 65
38 144
85 95
49 146
72 128
75 118
14 60
102 126
26 119
48 69
26 126
16 22
65 119
29 62
9 120
130 133
22 101
17 83
54 87
5 38
36 132
52 58
115 126
12 48
58 131
34 114
47 117
36 41
30 131
38 90
121 127
40 103
13 28
3 72
23 80
62 97
12 51
12 84
46 122
67 103
12 144
76 95
24 54
60 135
21 138
91 127
33 139
6 25
87 125
94 132
47 86
44 110
67 83
40 78
29 112
34 120
11 112
2 83
6 20
101 118
50 101
71 110
136 142
79 119
112 143
44 123
35 116
7 125
8 61
138 146
2 84
35 60
11 23
35 137
124 134
27 104
105 140
51 149
61 144
22 89
113 143
