250 3000
102
112
79
70
89
89
99
91
33
92
57
64
68
98
85
79
34
56
93
35
118
40
70
98
55
51
23
50
116
86
23
99
78
34
101
99
55
32
70
68
104
107
64
52
38
81
63
52
117
88
67
115
109
118
45
96
101
48
26
98
115
81
77
25
47
110
105
83
22
107
83
58
47
28
42
65
89
37
97
39
105
45
86
94
95
112
70
76
92
29
54
39
90
63
97
70
53
34
33
107
21
48
97
48
56
71
93
78
88
23
97
74
100
115
100
75
107
51
83
32
112
70
103
34
65
80
84
51
46
49
38
48
78
68
28
66
119
54
24
88
57
53
94
89
49
74
96
88
57
59
100
49
61
36
116
107
96
80
38
23
110
108
103
20
56
63
66
108
49
23
76
38
56
50
107
37
56
83
106
94
75
38
75
116
54
71
55
83
84
73
38
74
114
21
26
102
116
72
90
46
75
98
64
64
80
104
81
117
67
67
43
22
38
50
71
72
102
106
35
118
112
53
24
58
106
30
40
55
82
111
81
90
41
77
86
102
61
47
99
61
47
74
63
65
104
66
69
38
53
85
32 94
82 211
163 176
82 237
225 229
71 187
39 80
36 138
111 154
198 231
20 235
9 108
89 139
87 155
143 144
27 60
90 142
90 118
78 158
201 235
124 159
172 198
57 208
86 168
68 112
199 218
80 190
58 79
21 65
18 164
61 79
44 152
73 134
20 83
64 73
68 223
92 198
5 172
50 110
14 25
30 95
214 221
124 175
152 197
171 189
1 213
7 102
5 27
25 244
58 213
133 201
1 32
56 226
26 108
166 235
143 197
80 107
20 108
172 231
22 157
93 120
47 125
130 230
177 224
8 140
32 209
23 166
62 249
170 222
128 139
21 155
87 188
208 230
63 195
102 130
76 85
75 211
55 225
91 152
131 201
144 163
12 168
74 80
19 52
244 249
43 149
83 122
89 102
34 41
17 24
103 239
64 202
166 177
109 119
102 182
61 76
15 73
96 197
148 218
102 244
217 247
90 246
81 85
44 122
62 119
108 248
17 200
24 183
128 143
42 60
97 205
113 238
29 85
29 162
53 116
23 122
114 121
195 212
109 206
169 178
23 168
40 138
118 163
75 98
117 158
6 158
175 249
56 221
84 133
85 239
0 210
111 114
82 176
140 161
80 137
68 160
59 248
200 219
127 222
67 130
78 96
21 136
77 107
13 77
14 93
2 93
77 215
11 59
220 243
130 151
72 152
40 151
92 131
103 222
39 219
66 85
74 117
189 194
17 33
126 207
31 61
71 108
129 232
119 122
54 123
3 207
43 195
76 210
182 238
31 207
218 221
125 191
42 65
76 135
184 195
54 215
108 126
176 237
147 210
15 110
20 113
67 222
8 182
98 143
26 216
39 158
33 245
139 230
200 218
134 215
15 20
123 202
128 248
208 213
73 127
148 223
38 47
148 215
81 211
47 247
89 155
84 87
40 169
224 241
41 137
152 227
163 179
26 161
159 239
37 222
47 164
37 202
2 95
176 202
65 199
76 155
163 206
91 247
82 167
72 90
67 209
122 224
0 247
8 136
91 108
45 107
82 155
102 161
114 187
2 29
165 207
122 157
101 120
54 119
18 209
227 228
128 203
125 202
55 88
147 236
48 133
55 106
18 216
5 158
39 132
47 109
17 246
169 218
118 140
124 238
103 201
80 216
20 56
57 213
43 210
8 212
29 69
97 165
73 87
102 219
211 214
62 118
80 140
30 50
7 132
39 84
107 110
16 18
127 175
87 231
46 71
100 197
112 115
197 202
38 49
2 23
112 141
45 167
31 197
95 164
56 236
100 166
93 218
36 72
120 143
66 159
166 208
31 166
71 113
85 211
14 108
65 229
232 249
24 133
32 221
88 149
101 208
51 107
69 245
64 124
115 135
131 133
149 196
16 119
101 115
80 231
209 247
61 210
86 230
46 114
47 58
16 202
148 161
69 169
145 157
124 235
116 133
8 79
16 24
131 198
130 228
39 112
202 209
11 248
69 73
26 147
147 187
39 209
196 216
104 202
71 237
170 181
38 168
116 205
35 169
134 246
75 226
27 161
172 185
9 128
25 94
133 137
173 176
92 241
49 225
45 46
138 216
57 79
4 34
25 26
124 172
12 247
100 173
126 137
4 197
143 146
33 132
27 157
62 221
0 37
20 46
11 185
12 14
68 118
150 195
72 144
8 69
21 171
48 181
129 159
52 157
36 124
43 151
105 193
46 225
244 245
92 179
6 104
45 176
74 195
71 224
18 145
79 189
11 167
89 178
242 244
116 187
30 230
76 120
95 187
122 181
192 214
51 212
7 170
79 96
53 203
73 167
199 247
114 218
110 204
102 248
50 185
70 80
42 166
8 103
232 239
137 182
99 196
85 218
107 164
162 167
70 84
87 121
53 81
7 191
145 189
159 226
68 240
110 244
98 100
83 100
87 134
38 131
71 100
87 247
119 159
9 203
98 130
35 152
71 78
11 112
76 171
89 144
13 83
106 113
33 58
120 196
78 192
11 115
8 30
149 203
20 212
102 118
195 239
16 20
134 170
231 246
55 70
68 140
5 246
141 181
55 230
99 113
58 124
190 215
20 133
89 153
43 84
21 29
33 144
148 203
28 129
185 199
51 191
105 158
138 187
49 94
28 46
11 37
170 218
57 133
175 217
101 197
236 247
193 247
41 73
92 228
8 29
33 215
72 187
89 103
19 222
2 65
0 39
178 219
61 62
128 237
130 229
36 229
67 229
108 226
154 204
52 162
85 187
125 127
83 112
131 214
55 216
48 157
107 226
126 169
5 37
19 157
45 86
6 249
25 225
179 216
19 32
117 194
58 173
170 242
6 58
51 163
99 126
71 234
49 177
66 153
156 162
86 243
85 208
85 101
67 162
116 194
162 188
62 247
86 156
19 194
67 173
108 193
22 31
52 177
80 183
118 237
197 204
141 183
54 92
61 102
143 248
162 223
161 242
11 171
208 238
66 184
59 181
97 211
29 111
81 144
16 91
36 98
29 99
43 133
83 236
104 184
180 231
96 223
17 91
49 234
21 107
141 217
80 166
43 102
98 196
12 41
15 140
42 148
36 125
236 242
59 217
8 172
42 116
27 127
17 87
150 235
228 230
3 182
23 51
30 147
71 218
160 233
100 131
118 179
91 92
117 187
201 230
78 233
0 109
9 165
87 245
91 177
114 244
113 207
131 212
23 195
77 195
147 179
109 149
52 91
60 86
3 168
43 183
27 44
138 201
196 233
176 229
124 195
171 183
59 235
64 184
111 181
110 114
75 110
9 54
127 197
114 232
116 158
165 245
54 116
37 236
165 215
141 214
13 237
72 74
222 241
5 108
74 102
65 217
78 149
119 128
26 233
128 243
149 239
96 225
11 187
3 43
152 158
92 227
64 82
70 190
70 172
117 139
16 89
208 218
244 247
44 107
37 90
87 181
184 187
9 226
52 195
81 98
62 173
144 177
99 237
84 159
53 123
49 213
17 70
169 171
67 113
55 128
105 216
144 236
150 245
95 120
149 201
45 211
74 124
105 213
42 173
47 123
24 95
10 17
33 143
108 186
65 101
58 163
31 149
181 202
174 247
128 146
26 227
101 108
65 100
126 166
107 141
25 55
137 165
72 160
22 111
18 225
33 176
33 59
87 183
92 180
11 220
90 178
98 138
204 210
163 177
54 101
70 119
143 191
29 213
106 150
32 189
74 183
193 218
14 35
0 25
107 179
116 206
159 169
7 225
36 221
73 241
61 192
44 133
175 204
60 198
75 239
111 194
137 166
79 180
24 182
57 234
25 213
132 190
49 185
8 108
99 187
81 129
160 227
114 217
62 153
129 228
154 176
70 191
123 165
0 42
55 57
18 26
83 216
120 150
110 117
156 230
35 74
1 141
41 44
22 165
69 125
50 66
216 241
41 93
8 96
3 34
114 188
102 117
58 71
38 79
141 227
114 202
196 215
108 115
30 240
217 232
33 202
136 193
101 177
139 211
24 142
97 240
80 199
209 240
39 122
99 130
180 185
65 247
131 180
105 223
62 87
14 191
179 222
60 73
106 199
136 232
193 233
23 223
34 182
115 156
73 245
3 107
32 172
0 163
204 207
17 239
32 147
31 119
193 211
45 169
181 244
152 187
165 227
51 62
11 177
25 167
57 190
90 191
44 73
62 148
45 61
94 195
17 157
62 240
76 235
80 95
24 112
57 87
164 171
116 224
6 243
141 196
51 231
226 239
128 240
38 189
137 234
154 236
79 141
68 69
64 164
150 190
59 128
42 129
230 246
16 88
91 158
137 142
126 241
118 119
8 116
4 161
242 249
10 235
78 79
55 244
95 205
185 223
64 116
16 97
134 162
4 185
144 174
136 248
51 219
19 107
18 227
72 125
120 136
57 198
67 112
162 193
169 230
36 237
105 146
22 240
165 236
15 197
100 122
82 234
119 212
97 100
34 220
85 193
21 152
56 214
77 166
5 46
192 215
111 200
103 203
18 223
170 189
136 164
120 122
241 246
96 184
25 169
14 42
172 177
6 195
101 154
67 201
62 96
92 117
56 70
12 206
220 236
215 228
165 168
36 186
152 194
223 228
86 176
21 27
222 240
86 94
136 214
3 138
56 209
59 171
17 132
98 237
14 115
8 152
51 54
54 131
27 82
48 217
59 211
122 158
8 248
122 136
11 30
173 197
201 215
55 211
5 115
129 198
121 206
24 31
10 187
140 156
121 225
40 83
35 163
135 241
23 215
21 35
71 245
60 197
115 138
3 10
208 222
93 133
16 17
118 129
56 126
19 177
101 162
10 238
103 177
123 200
68 247
64 87
68 147
113 206
114 123
61 87
46 183
32 200
63 150
80 119
128 201
82 148
159 215
142 172
114 148
93 183
32 145
65 99
32 64
123 146
85 222
118 231
146 173
105 120
117 249
15 158
124 183
26 105
118 141
3 211
0 176
25 96
65 128
40 89
24 128
77 110
58 100
80 125
56 200
173 230
51 241
188 234
67 115
90 233
93 208
47 236
94 143
11 113
52 147
129 182
109 134
39 189
10 197
92 242
43 120
160 185
50 130
220 227
37 136
35 165
111 125
30 238
153 225
76 152
149 211
73 155
198 249
165 170
43 101
25 80
3 160
241 245
12 49
128 175
10 226
15 201
15 58
20 182
42 236
197 236
43 141
20 241
38 141
36 161
93 241
61 96
3 158
155 190
22 170
182 248
33 197
48 51
107 233
94 170
25 156
41 68
48 164
41 161
54 72
166 240
21 243
0 35
22 176
108 206
91 123
26 56
139 163
10 162
109 137
68 151
58 218
167 219
9 221
40 42
60 220
132 213
81 132
8 101
7 159
218 232
0 24
8 241
40 120
149 153
110 222
152 168
42 171
137 154
31 244
194 214
77 193
25 30
61 131
68 135
40 103
142 152
161 230
122 133
37 133
123 243
111 128
153 161
49 151
44 57
34 104
8 228
38 181
105 242
21 92
47 163
55 65
78 129
1 41
180 212
205 227
41 207
46 117
6 120
152 206
60 154
132 161
51 93
89 187
175 181
88 100
18 229
108 246
37 96
58 212
189 217
110 116
146 233
4 156
103 214
109 157
126 170
94 219
73 183
157 248
109 115
87 94
83 127
76 202
164 222
189 236
102 205
49 203
57 187
142 208
124 217
0 2
96 137
210 220
29 229
61 144
88 148
68 90
43 83
55 144
59 232
96 117
85 247
22 70
130 156
30 165
19 97
133 234
115 205
47 246
108 184
124 141
83 108
43 44
40 228
38 98
23 46
7 210
43 77
51 232
208 249
55 184
18 67
142 235
22 189
58 232
149 225
7 34
37 50
0 221
177 244
46 184
191 204
39 113
71 94
28 140
11 229
95 121
219 246
80 162
61 129
16 55
68 216
95 220
32 220
15 118
68 71
161 181
5 110
103 105
84 136
83 114
57 110
53 71
34 191
98 132
50 52
64 247
22 169
94 166
33 201
19 212
104 225
56 82
34 242
52 151
144 207
187 222
206 241
36 144
8 100
132 141
20 159
73 226
40 192
47 93
15 146
97 216
54 136
46 66
170 220
49 166
21 177
20 104
140 227
87 164
92 158
214 219
169 195
38 112
87 131
11 204
129 227
153 183
71 215
81 135
41 130
51 70
3 155
91 230
107 147
67 92
15 138
37 56
94 185
1 22
77 114
58 226
129 193
158 241
174 201
43 94
54 196
159 165
6 204
139 203
58 215
45 83
48 102
120 233
48 121
107 228
185 235
36 178
28 65
86 118
202 231
64 109
177 229
18 131
10 87
53 85
170 232
136 219
54 235
162 229
65 66
97 101
14 244
182 231
36 234
49 163
192 247
15 28
74 218
11 127
21 48
9 243
119 180
173 219
17 198
82 85
35 110
17 49
34 42
53 57
213 249
167 175
33 45
156 186
32 195
17 166
64 236
89 183
27 36
15 152
50 164
12 213
156 169
99 222
34 213
65 124
100 144
133 240
29 189
40 236
57 61
93 146
160 182
27 222
85 136
97 179
99 202
51 106
69 173
48 188
38 134
192 227
23 233
6 63
67 71
75 223
119 146
56 168
51 243
83 136
12 231
86 183
192 213
87 137
25 113
37 100
81 165
77 188
83 166
104 237
2 77
48 82
56 201
139 177
88 159
3 26
194 217
31 218
104 183
141 158
33 73
74 212
12 240
116 147
149 227
45 141
93 149
75 205
3 44
196 234
14 200
10 208
19 80
225 240
14 148
149 218
42 222
86 112
9 32
111 202
11 247
2 12
77 192
218 236
16 182
73 196
68 83
16 145
30 164
132 145
31 219
174 245
55 58
5 109
118 169
171 208
130 150
101 200
33 239
69 164
137 230
135 247
77 115
132 241
27 247
29 226
99 150
6 24
116 230
101 176
152 232
105 179
20 34
103 138
118 184
33 93
3 170
149 237
13 146
117 239
175 216
52 242
53 222
183 190
33 35
37 117
46 119
5 142
66 133
102 211
1 54
107 135
34 76
89 94
181 211
181 208
29 173
2 112
78 148
44 213
35 161
103 154
59 245
11 227
222 230
79 232
26 215
35 101
134 146
77 99
93 128
57 102
32 232
27 205
240 245
40 98
100 246
8 196
176 179
9 82
10 211
76 201
165 177
61 89
62 188
7 240
168 194
3 64
20 226
30 222
112 172
109 172
118 124
54 219
51 147
157 165
114 241
30 109
50 168
193 230
184 238
8 89
128 154
11 207
26 143
31 138
168 203
42 99
68 174
71 198
113 222
80 86
41 104
125 218
91 162
181 207
47 198
42 178
155 201
79 135
217 222
111 169
89 146
60 69
163 173
0 1
43 130
70 107
232 236
64 168
32 213
210 211
115 164
95 198
16 217
85 165
84 189
49 187
25 109
108 189
116 189
4 111
223 241
140 196
159 228
103 221
41 120
92 188
57 215
59 130
100 142
66 191
92 139
152 247
31 139
72 208
5 213
81 183
129 204
215 221
74 210
38 103
194 226
12 195
33 106
28 244
61 206
71 95
76 153
36 194
153 215
72 108
116 143
153 172
124 125
137 187
51 175
40 97
3 236
109 139
92 104
19 151
17 192
22 98
18 43
58 233
18 48
16 56
61 161
138 188
177 186
75 89
116 204
59 186
148 204
148 198
104 217
49 121
0 12
30 143
53 145
14 193
71 172
61 84
233 249
21 75
28 150
110 232
118 149
41 174
92 149
3 73
161 224
173 226
221 224
119 204
24 70
164 197
94 225
77 133
76 208
104 201
61 211
181 188
62 230
106 211
31 174
5 42
9 230
13 65
139 201
116 135
81 86
72 91
158 168
109 132
93 124
23 63
127 187
145 233
69 149
14 215
19 154
101 123
53 182
13 169
21 201
0 214
125 159
8 234
109 120
101 245
172 228
169 183
63 184
179 238
1 244
111 199
112 152
44 87
57 202
180 214
153 214
29 145
129 225
139 198
90 240
114 193
71 228
33 134
123 162
115 118
82 127
119 214
29 126
166 192
172 209
104 157
53 132
192 234
176 182
34 126
41 105
74 104
92 119
8 198
135 168
12 225
0 94
79 126
97 225
69 185
78 121
39 174
62 125
218 245
3 52
93 223
77 210
14 183
135 239
48 237
186 229
114 161
35 76
50 96
215 238
27 224
45 215
17 22
110 212
175 232
75 117
51 131
39 111
11 121
26 159
240 242
168 172
19 27
218 242
45 109
74 122
192 246
92 194
8 242
19 202
92 171
144 196
26 183
68 209
107 202
81 181
1 228
176 189
48 148
14 90
44 60
138 182
68 237
9 13
158 206
157 211
115 192
3 24
57 196
229 234
139 212
65 231
4 129
18 215
72 111
4 180
0 100
9 241
113 150
20 67
183 213
53 64
68 219
17 77
61 125
116 247
80 126
33 130
61 248
0 133
32 110
212 240
132 231
73 246
141 233
118 197
176 183
103 179
14 228
93 113
95 219
45 128
107 201
53 229
89 92
51 217
124 166
1 65
117 184
50 145
152 219
72 142
50 175
122 247
20 246
49 228
207 229
71 102
46 187
6 199
72 175
25 145
6 178
40 77
149 162
51 192
166 189
37 49
27 186
86 165
40 86
89 234
197 227
210 221
98 158
16 105
26 248
93 107
94 181
145 163
46 243
180 200
139 175
11 197
138 179
9 245
30 85
95 158
3 93
7 50
121 135
48 214
81 94
58 216
55 158
152 231
102 181
129 184
131 172
102 243
90 122
207 213
58 223
66 116
163 225
116 136
17 110
100 205
10 200
23 109
4 65
11 19
37 47
1 210
30 244
152 164
84 229
78 139
52 225
53 194
40 163
140 211
161 220
67 122
189 239
32 190
51 63
67 184
120 215
46 177
30 185
5 89
58 199
74 129
121 160
146 174
123 242
46 190
32 45
136 231
166 171
81 187
106 207
47 78
113 184
28 242
168 177
130 167
3 101
0 159
46 56
27 134
152 193
130 199
156 234
89 133
86 241
194 209
143 181
61 160
177 238
8 71
175 206
186 205
1 58
44 243
28 186
196 227
168 180
7 236
63 72
23 249
32 119
6 93
58 164
117 162
42 218
173 220
174 222
54 174
10 121
134 178
120 153
186 217
37 44
92 163
110 171
14 146
204 219
31 86
219 249
41 128
24 209
96 181
104 191
69 238
222 223
108 158
47 134
20 218
167 244
65 84
217 223
151 192
68 132
92 234
8 91
125 142
104 247
26 168
140 235
101 196
143 150
53 197
27 73
17 123
92 204
66 189
90 171
110 240
74 196
82 166
204 225
74 209
161 187
140 202
102 107
12 33
60 152
21 86
178 183
224 225
96 147
167 207
239 241
71 153
157 210
50 148
74 121
112 160
50 195
18 83
170 208
44 245
30 44
19 74
5 171
166 172
155 230
15 235
79 173
79 195
66 75
154 187
78 140
103 128
122 187
63 145
58 144
41 188
191 218
196 208
139 226
220 221
234 235
165 206
10 152
96 188
0 70
81 242
32 129
55 193
177 199
71 103
44 240
39 198
30 92
26 164
1 112
2 207
114 129
211 226
32 52
30 226
33 71
162 213
18 103
132 207
163 217
203 207
59 242
7 152
22 136
125 168
100 170
83 230
137 146
189 206
30 34
63 71
34 105
60 78
122 193
152 248
181 212
41 241
115 216
29 134
129 241
157 176
44 109
65 174
85 205
9 100
57 120
43 50
50 118
172 192
161 205
4 154
120 246
25 222
5 65
7 14
116 241
17 58
182 245
134 222
4 195
150 191
35 200
74 224
228 236
179 234
28 92
64 105
155 212
129 162
222 226
29 136
63 240
64 131
197 238
9 138
107 138
50 88
124 142
62 222
93 212
55 59
121 164
119 129
101 228
41 56
73 172
63 192
175 235
182 230
163 239
51 173
91 241
155 199
162 165
101 224
74 217
188 240
203 218
39 97
24 215
19 68
28 107
9 141
64 100
48 163
6 139
157 162
103 115
189 224
110 143
2 44
171 240
111 217
97 239
110 208
58 197
26 212
106 166
98 218
107 232
5 210
97 238
37 132
94 212
109 180
22 96
30 63
121 133
13 102
59 221
64 108
29 90
70 237
38 108
67 85
123 192
129 220
113 181
7 245
39 208
156 206
163 236
47 72
85 108
1 19
56 65
85 127
7 197
174 218
137 210
17 54
181 235
40 130
83 190
39 182
95 97
128 169
88 244
4 245
60 107
86 162
22 247
23 33
92 120
33 229
88 183
114 246
175 229
6 110
2 16
130 136
130 185
41 218
177 228
203 242
13 52
76 106
18 211
53 86
151 184
19 179
26 163
39 83
41 66
54 99
23 137
37 241
15 30
20 234
7 33
124 138
181 214
52 82
20 176
77 105
125 205
6 220
3 148
53 171
5 41
65 226
13 244
24 158
31 130
110 239
64 249
98 215
48 65
2 241
68 107
125 171
29 84
96 189
1 29
71 111
102 238
54 146
177 191
94 127
42 93
44 108
99 163
5 122
39 192
152 237
131 181
90 94
104 199
92 135
41 153
91 234
77 120
176 205
66 218
110 150
76 245
28 156
158 162
49 150
104 154
87 138
188 229
42 182
183 237
78 211
50 94
95 117
62 97
227 241
92 134
21 148
2 50
89 114
20 123
43 245
106 233
151 175
144 226
92 245
160 195
172 189
32 151
158 170
56 135
37 191
58 219
0 78
98 185
123 194
18 148
41 132
69 124
33 121
131 147
92 213
4 41
14 192
138 173
23 214
155 229
61 140
125 241
60 140
90 115
90 106
0 236
74 110
69 108
148 239
58 132
153 174
41 74
38 199
167 179
45 80
170 171
61 71
28 41
14 104
30 41
212 227
138 162
30 229
61 190
111 214
37 115
64 107
75 126
118 206
28 143
78 179
60 143
99 120
13 176
130 153
120 226
6 66
100 229
63 197
45 164
101 152
28 80
29 176
1 235
44 145
76 115
9 223
195 238
164 210
90 209
37 68
211 236
43 61
92 215
6 77
14 87
43 208
115 209
131 159
98 104
87 180
75 209
170 227
186 240
73 223
213 236
211 213
218 223
89 142
55 100
22 235
162 218
16 181
66 121
48 128
128 196
38 150
12 64
140 198
86 196
72 159
132 142
49 74
71 246
27 105
13 195
163 226
24 175
41 75
63 208
88 113
174 200
60 61
98 219
235 236
56 230
130 220
29 202
41 203
51 170
58 64
136 217
79 143
160 223
75 218
33 56
189 233
82 249
33 146
70 233
121 126
91 213
95 108
1 145
150 196
23 208
112 241
192 196
134 208
17 204
34 50
113 223
135 195
74 133
80 246
116 201
123 182
42 83
27 188
177 187
134 210
237 247
35 201
187 189
58 243
27 244
107 108
95 102
28 154
228 235
25 196
0 186
128 229
7 83
122 167
36 153
23 83
136 150
58 191
74 154
170 249
181 209
27 136
33 54
134 164
18 189
57 81
41 61
138 227
55 69
99 105
60 182
211 231
69 141
152 245
4 45
79 165
77 231
96 106
23 187
5 64
101 143
41 170
50 141
110 127
73 108
71 244
76 102
91 147
6 80
145 226
15 230
127 224
76 150
13 183
114 214
6 76
162 249
174 236
122 160
21 224
112 236
66 224
52 221
21 211
1 223
53 179
168 225
189 214
33 40
47 169
148 166
5 183
56 73
94 165
30 151
4 58
57 132
5 51
63 154
80 218
55 186
2 137
96 170
43 246
23 246
66 69
83 181
15 63
74 86
155 170
79 103
6 140
84 203
13 16
51 172
59 173
19 53
81 198
22 117
10 114
147 178
35 78
12 153
142 200
62 79
182 208
98 141
41 77
51 156
75 93
59 118
134 214
67 137
107 163
90 173
73 237
203 210
66 215
60 113
124 224
217 227
74 120
44 227
26 239
53 187
39 107
96 151
55 197
89 128
36 43
89 204
54 110
14 128
90 247
76 104
57 178
196 203
8 74
113 151
14 100
59 100
155 181
108 122
136 145
99 230
131 216
108 230
114 158
95 206
103 169
30 214
16 245
115 219
112 215
28 43
137 223
17 109
134 137
38 233
21 117
51 77
104 108
12 244
74 90
45 101
59 62
97 175
31 209
67 104
121 150
28 34
66 110
120 227
88 171
55 192
49 131
56 57
25 241
37 153
127 212
84 239
35 84
151 248
32 214
32 75
4 98
38 52
176 209
82 159
111 139
204 217
93 143
44 184
26 219
106 230
110 226
113 199
76 164
108 145
96 239
113 143
134 141
205 217
106 119
16 216
112 128
6 87
46 93
69 218
81 245
79 105
102 175
70 246
63 161
53 230
216 221
187 188
61 195
131 161
111 179
117 164
38 85
12 18
23 35
199 242
126 226
165 224
138 228
27 220
46 100
159 234
45 220
115 207
17 83
195 200
34 132
46 90
125 150
69 202
195 219
168 169
48 113
139 159
194 245
120 212
3 121
235 240
24 36
126 219
70 222
103 242
72 174
39 102
59 209
21 172
109 160
8 183
31 60
54 180
57 243
34 51
41 245
31 121
91 168
9 238
63 214
230 237
20 138
89 197
81 212
42 221
7 224
34 152
38 206
31 66
115 117
65 110
11 39
179 243
104 130
19 193
102 170
32 59
223 224
6 55
80 186
12 199
87 102
125 149
8 26
74 83
136 196
215 232
95 125
86 144
7 140
98 172
72 168
26 145
183 229
106 179
193 196
31 95
170 191
60 179
217 245
105 206
43 70
168 188
126 165
55 165
13 133
51 79
188 224
78 167
36 158
96 206
229 230
2 51
171 213
181 240
36 61
104 196
208 236
125 225
113 142
7 211
38 80
113 196
61 218
4 50
41 157
120 234
54 181
103 123
81 138
13 89
159 202
41 155
51 162
3 53
41 108
73 235
89 203
93 134
4 27
91 222
146 245
6 118
144 249
52 190
143 164
46 104
76 107
36 99
89 211
96 241
34 245
123 136
6 215
2 109
213 217
64 222
111 126
4 120
189 249
44 136
45 212
151 246
62 182
93 174
10 128
21 236
14 28
201 225
16 132
104 192
80 155
186 231
22 25
161 186
66 83
70 226
80 179
12 74
93 167
38 104
45 60
90 162
143 190
72 137
11 182
28 193
87 111
129 215
134 167
200 228
1 204
81 122
196 235
114 234
11 35
146 227
86 173
163 222
10 233
38 95
34 176
55 150
136 249
75 228
76 188
34 61
20 157
7 204
201 223
188 236
186 235
10 65
22 37
134 173
18 20
173 196
155 175
61 178
101 132
19 106
115 162
22 39
70 92
110 245
82 180
47 245
93 171
16 32
52 56
137 229
42 100
48 169
33 234
20 90
52 183
193 206
57 128
35 154
35 237
80 210
94 207
13 198
146 187
94 98
19 239
141 163
182 215
176 240
158 233
45 118
106 138
10 227
72 244
159 201
107 166
66 164
12 45
12 126
17 214
6 233
7 169
189 226
153 236
144 179
136 149
126 189
101 205
114 225
141 154
220 222
119 157
21 232
97 196
39 104
31 148
110 125
13 220
2 119
226 230
53 185
29 78
50 232
22 124
55 180
37 243
90 201
86 92
46 219
24 240
79 179
90 194
50 149
18 196
52 176
97 208
111 175
111 157
137 212
41 232
40 175
73 187
30 111
43 199
39 61
211 237
35 90
81 244
178 211
175 202
41 205
40 215
153 178
29 46
12 233
187 243
113 237
62 63
30 124
102 119
44 187
121 155
38 218
93 151
107 245
36 134
72 139
66 203
78 186
179 187
212 231
49 127
43 181
41 51
41 58
162 182
26 166
23 159
151 226
87 150
54 189
24 118
2 183
60 151
164 233
136 148
42 206
194 220
220 224
11 94
4 10
60 161
211 230
100 137
150 219
152 167
56 64
141 170
68 229
27 37
73 110
84 109
145 246
185 240
48 109
170 244
209 225
162 233
112 235
125 233
237 240
51 64
30 39
133 168
95 169
29 93
32 238
127 217
8 179
93 152
14 91
74 79
171 241
69 112
200 210
83 245
164 230
31 73
63 193
61 172
