100 500
100
88
83
68
58
95
107
44
84
28
34
63
51
69
80
107
56
98
73
81
25
35
54
73
62
110
76
58
50
91
31
30
112
47
30
50
22
117
26
86
78
40
81
109
41
41
48
77
72
102
90
77
69
24
82
111
66
90
102
96
62
113
59
54
40
69
36
42
119
42
108
77
114
69
118
35
43
46
44
47
80
66
104
30
70
118
73
68
88
107
44
82
101
35
68
21
85
84
44
84
3 83
47 63
46 56
2 54
78 85
31 35
28 31
1 77
43 84
26 48
81 82
52 54
9 31
6 46
12 33
15 71
69 70
25 31
68 85
27 46
14 22
6 29
42 58
26 59
2 59
5 36
40 59
49 88
43 94
47 55
70 80
23 49
40 54
26 60
5 91
13 58
20 88
14 71
30 98
0 41
46 89
30 89
57 77
0 31
24 31
4 8
1 31
5 94
31 37
54 80
13 36
8 45
17 53
23 51
16 47
4 37
62 93
19 71
2 22
24 46
32 33
2 87
15 59
4 81
35 90
79 84
0 81
5 87
62 98
46 57
13 78
35 92
6 64
8 80
79 88
72 94
39 81
35 95
49 79
2 14
54 60
7 11
9 16
29 95
44 87
3 68
10 91
4 47
15 80
37 54
51 73
9 49
1 80
55 75
29 93
4 62
31 46
13 93
9 60
0 32
11 36
68 73
27 67
30 95
47 67
49 73
19 51
72 82
57 83
27 76
39 41
32 37
72 97
30 85
14 58
69 85
5 50
30 43
24 25
25 71
26 92
44 63
29 78
13 35
14 88
41 79
26 56
16 80
23 98
17 82
12 54
3 63
59 98
83 93
23 70
7 68
3 96
26 31
19 34
22 91
1 41
58 69
34 74
67 91
16 31
19 46
57 94
39 70
41 93
0 9
58 61
3 93
36 89
27 64
11 97
59 64
70 91
33 65
4 52
20 56
2 84
30 91
60 61
22 53
7 31
5 68
41 60
13 77
50 77
4 13
16 27
18 78
63 86
16 43
52 62
5 98
58 82
4 19
26 63
68 88
81 94
28 60
11 30
15 37
16 44
22 83
21 86
21 37
5 11
25 65
57 63
31 92
50 73
48 88
76 88
8 22
70 88
19 72
48 63
84 88
37 75
5 74
48 69
13 32
41 94
28 77
33 53
27 34
55 93
1 22
30 44
12 42
61 77
78 84
25 76
14 65
0 19
48 91
23 40
14 87
65 94
50 64
0 44
84 93
59 99
47 81
55 89
85 94
2 30
15 30
29 55
55 95
0 86
41 56
10 22
27 28
16 77
40 62
9 73
21 80
50 67
52 65
80 98
53 82
29 61
61 62
15 69
25 55
35 91
52 59
79 82
20 76
90 96
60 69
33 51
1 19
5 99
39 51
17 68
27 83
34 86
13 69
0 89
17 95
20 43
32 59
10 64
11 66
67 85
18 68
7 36
27 92
10 28
14 30
60 71
35 37
1 36
70 84
29 41
39 44
7 10
2 26
47 70
44 84
18 29
56 85
10 66
41 66
32 90
53 68
54 79
4 15
24 64
53 95
5 40
44 64
2 46
50 90
16 86
45 86
5 23
1 15
19 89
42 61
40 67
8 98
62 91
20 95
40 84
86 98
0 27
13 54
86 99
9 18
52 86
51 72
25 94
33 56
26 67
23 65
34 67
27 89
15 47
8 37
84 87
11 46
1 87
73 76
47 52
34 57
33 85
29 79
10 14
29 35
11 92
78 94
30 74
20 45
21 57
5 57
44 52
68 83
53 97
8 57
42 44
14 29
28 95
8 90
62 96
20 54
7 14
85 89
62 86
14 92
10 19
40 44
49 93
1 89
6 85
21 43
14 23
22 68
70 86
29 37
22 52
18 93
5 79
7 93
78 97
18 48
42 59
1 48
21 44
20 58
33 90
72 86
3 72
9 33
24 83
3 17
60 62
7 24
3 57
2 62
62 73
44 85
45 63
29 60
18 40
32 60
18 25
28 33
42 90
13 14
69 78
0 39
14 15
41 89
38 77
74 92
55 83
4 53
36 95
14 20
54 99
1 44
66 93
11 71
35 47
12 65
7 64
56 75
16 55
35 42
0 70
4 97
45 76
41 90
18 89
82 92
37 55
24 54
2 18
41 61
82 97
36 60
4 95
68 82
46 68
5 44
72 81
65 89
58 71
12 13
5 29
46 66
52 60
14 90
22 32
27 56
16 81
69 76
20 37
11 67
16 57
63 81
47 68
32 91
17 78
29 57
0 83
5 43
22 84
62 65
31 38
11 94
5 20
77 78
21 41
10 18
9 97
38 59
38 51
0 60
35 67
41 96
55 85
62 75
56 86
58 86
13 64
34 87
57 97
4 54
7 42
14 28
17 64
16 67
34 77
52 90
45 97
38 56
69 96
60 83
55 70
39 76
53 90
59 87
37 86
21 38
70 79
35 65
4 35
18 66
25 74
21 62
74 96
3 56
44 88
21 63
