150 3000
52
41
108
29
119
79
72
35
40
29
52
64
102
38
103
56
105
110
114
75
72
99
81
28
81
95
116
116
34
118
34
118
91
22
27
91
33
31
106
53
40
91
49
75
61
85
111
98
75
58
53
79
37
115
40
51
90
36
47
57
86
61
55
58
115
115
81
28
26
119
113
99
42
95
106
83
60
97
61
67
35
95
78
105
42
98
36
64
67
63
101
33
57
89
23
52
36
84
113
94
36
58
73
58
85
59
22
77
89
115
76
56
90
35
41
64
113
57
109
112
53
42
26
90
63
29
74
79
46
119
54
62
110
107
52
75
99
54
85
20
50
41
56
72
56
78
117
102
67
58
83 103
113 147
106 146
52 54
35 128
81 135
28 31
27 101
43 84
48 76
31 32
109 131
6 146
112 133
65 71
119 120
75 81
18 135
127 146
14 72
6 129
42 58
9 126
102 109
36 105
9 140
88 99
43 94
5 147
120 130
99 123
54 90
10 76
91 105
13 58
38 120
64 71
80 148
41 100
39 146
30 39
57 127
31 100
81 124
8 104
51 131
44 105
31 87
54 80
113 136
8 145
53 67
51 73
16 147
37 54
12 93
119 121
52 122
96 124
132 133
87 102
15 109
4 131
35 140
29 84
50 131
5 37
12 48
46 57
13 28
92 135
6 106
64 130
38 58
94 129
72 81
31 139
45 135
99 129
14 52
104 110
57 61
16 116
9 145
29 144
37 87
52 53
18 110
91 147
54 65
130 137
54 73
51 99
1 59
125 130
105 143
12 79
46 54
63 81
93 110
82 109
11 50
68 136
23 77
117 130
45 97
99 117
19 73
101 132
72 133
27 107
89 126
82 91
22 37
47 130
35 58
85 114
69 100
55 93
74 80
21 125
92 126
13 94
128 129
85 113
14 138
129 141
106 126
16 30
23 48
82 117
12 104
53 113
9 48
43 83
23 70
7 18
3 46
26 31
19 34
22 41
32 33
1 41
8 69
84 124
91 117
16 31
46 69
107 144
20 89
41 43
9 100
61 108
93 103
36 39
14 77
47 61
109 114
20 141
33 115
52 104
56 120
84 102
91 130
60 111
3 122
57 131
5 118
10 141
27 113
50 127
13 104
77 116
68 128
63 136
85 90
43 116
102 112
48 105
82 108
54 119
13 26
18 88
131 144
10 28
61 130
15 137
116 144
33 122
71 86
21 87
11 105
25 65
57 113
42 131
100 123
38 148
126 138
22 108
19 72
13 98
34 38
37 125
105 124
19 48
113 132
44 91
77 128
3 133
27 34
22 51
44 130
12 142
11 127
84 128
25 76
15 64
0 19
41 48
23 90
37 64
94 115
0 114
0 44
34 93
99 109
47 131
39 55
85 144
102 130
80 115
5 29
5 95
100 136
41 106
10 72
27 78
16 94
16 27
114 138
12 140
59 73
30 121
0 17
102 115
3 32
11 29
61 112
15 69
25 55
35 141
52 59
129 132
20 76
96 140
10 19
33 101
51 101
105 119
49 101
39 104
68 113
67 127
83 136
11 84
29 119
63 89
0 45
20 67
43 109
82 114
60 116
11 66
17 35
18 118
57 136
1 72
27 42
110 128
80 114
110 121
87 135
101 136
34 70
58 130
29 141
89 94
10 107
2 26
20 97
84 144
118 129
6 85
10 116
91 116
132 140
103 118
54 129
65 104
64 124
3 45
55 140
64 144
52 146
0 90
16 136
136 145
105 123
1 115
19 89
72 108
61 92
17 40
8 98
12 141
46 53
95 120
34 40
36 148
27 50
36 99
9 118
2 136
1 22
94 125
6 83
26 67
15 23
34 67
27 139
15 147
108 137
37 84
46 111
1 87
26 123
2 47
34 57
33 35
29 79
10 64
35 129
111 142
78 144
71 107
57 105
2 144
18 133
3 97
8 57
42 144
79 114
78 95
108 140
46 62
54 120
7 114
35 139
5 90
12 136
14 92
60 69
94 140
43 149
51 139
35 56
21 93
73 114
18 72
64 80
20 86
37 79
72 102
43 68
55 129
107 143
78 147
68 148
109 142
48 101
44 144
108 121
20 140
103 122
9 72
24 33
67 112
24 110
7 107
103 112
2 73
12 144
79 95
60 118
90 132
10 75
118 133
28 40
113 142
28 64
129 140
50 110
115 139
64 141
39 77
38 124
92 133
54 105
14 36
4 120
49 51
44 93
85 121
97 112
57 65
64 106
75 128
16 97
55 135
42 50
20 147
76 104
95 141
90 117
139 145
18 92
82 137
5 54
102 124
68 91
61 132
47 136
110 145
54 68
32 96
105 118
72 94
31 39
115 121
12 129
105 146
110 116
90 102
72 114
32 77
106 131
116 119
20 126
37 61
57 117
16 113
31 47
54 147
18 112
10 82
17 91
57 78
29 83
50 143
5 134
112 122
88 115
81 144
11 20
55 128
71 77
10 91
47 118
38 59
9 69
101 120
100 138
17 60
85 110
62 91
35 146
105 112
25 36
36 106
63 108
14 87
7 134
4 97
7 54
42 64
64 128
67 117
66 127
2 134
47 140
100 134
0 9
38 106
46 146
19 60
55 83
82 120
59 76
3 89
68 140
67 109
36 87
71 87
38 129
20 85
4 115
18 35
66 125
112 124
46 121
74 106
3 44
38 63
13 118
88 98
25 87
14 124
8 64
81 143
10 149
86 137
28 53
55 61
15 84
3 142
6 40
88 130
111 121
10 142
10 27
52 80
97 106
8 66
20 111
71 89
121 128
7 52
32 120
99 107
12 54
91 146
70 82
42 126
39 43
16 49
49 122
38 122
44 57
48 149
23 115
24 26
110 127
46 84
60 100
53 148
37 124
12 81
65 98
114 124
64 123
32 116
21 49
41 47
18 125
8 21
2 23
21 75
113 122
48 135
96 113
83 97
100 130
46 123
88 90
19 23
40 56
124 149
100 140
17 50
23 73
20 99
75 147
47 120
12 70
84 108
70 86
66 108
20 81
10 113
21 34
85 129
60 75
30 65
62 99
85 115
34 149
57 86
1 47
29 33
109 115
103 119
25 32
47 51
36 124
81 121
6 58
36 83
25 145
42 136
8 133
69 131
8 68
107 126
6 69
42 80
23 146
50 55
3 73
4 109
29 138
35 133
46 66
12 16
16 148
80 118
45 89
37 103
30 126
84 121
5 124
115 140
4 128
0 91
77 118
51 65
77 134
81 119
0 117
0 132
85 97
24 72
8 102
96 130
67 90
95 116
94 107
98 112
112 137
39 64
7 133
17 117
84 137
84 101
6 101
67 144
18 104
84 139
51 84
28 84
47 60
28 47
61 119
14 44
83 126
61 64
15 70
47 129
16 18
118 123
60 72
58 60
46 49
11 36
71 126
4 135
21 98
87 123
45 100
20 109
63 143
110 124
122 142
29 147
12 138
40 136
2 49
48 56
76 88
29 125
50 80
39 119
60 108
73 130
6 105
33 129
114 148
62 126
68 103
54 100
71 144
21 54
102 143
34 98
84 94
46 63
86 95
93 119
55 101
19 100
24 63
18 65
78 89
64 111
28 111
0 146
41 85
56 111
26 99
2 146
42 103
16 51
7 70
116 122
95 134
38 75
0 126
58 139
86 116
100 117
135 141
117 121
34 50
66 88
10 46
94 97
26 101
69 142
66 73
4 142
13 102
130 143
39 145
24 97
103 137
2 10
70 88
60 136
8 27
48 121
7 74
72 77
45 146
61 89
1 74
42 46
54 133
42 53
59 81
6 61
76 91
54 149
78 114
12 62
23 138
49 106
123 146
34 103
6 86
10 30
52 117
20 72
25 79
19 35
74 125
15 89
61 127
12 42
15 83
9 36
101 147
94 111
27 147
78 92
1 143
19 66
80 101
39 90
65 89
104 113
4 102
66 123
15 79
12 130
82 139
38 97
46 117
59 140
125 126
1 128
49 68
74 122
17 99
90 96
16 71
10 98
13 112
1 33
80 111
107 118
55 80
8 107
86 93
61 142
29 56
5 32
54 74
132 144
72 148
83 117
132 149
84 148
11 133
3 14
83 118
29 49
29 90
42 85
99 120
19 24
1 24
70 96
52 90
51 81
72 80
37 107
52 91
12 112
75 148
32 133
12 39
81 120
4 123
26 107
73 126
97 102
23 30
43 82
15 125
72 107
100 148
10 26
63 102
99 134
65 110
16 121
78 91
14 43
107 145
13 137
56 70
58 83
32 124
43 59
8 37
63 97
47 106
99 118
14 70
105 134
27 51
23 34
47 145
70 143
76 81
109 128
10 71
114 136
75 121
34 122
22 130
121 133
98 148
94 134
5 145
55 87
4 113
82 106
65 74
85 104
6 77
63 114
22 138
138 144
22 62
58 124
86 124
30 108
15 108
22 77
34 94
11 58
38 94
14 66
53 61
40 118
111 134
103 133
122 143
29 47
3 56
7 142
29 115
74 138
1 130
35 74
35 125
18 101
131 139
5 9
74 116
27 143
2 18
31 73
31 117
87 124
75 116
141 149
6 121
52 69
98 139
133 143
5 85
96 142
14 20
10 59
12 100
23 129
96 148
33 106
24 31
15 149
58 82
39 134
127 137
22 123
121 139
85 108
31 144
2 60
12 52
2 21
53 77
33 51
108 128
9 116
45 48
67 84
57 124
95 118
92 105
107 137
39 54
93 98
30 72
23 134
105 131
71 112
7 141
21 110
105 144
57 118
12 25
110 115
70 131
104 118
59 100
2 135
16 101
26 74
0 81
8 14
51 54
73 127
63 67
87 146
48 52
29 106
60 122
51 147
108 120
5 110
23 86
31 75
69 91
25 141
65 142
2 108
34 84
78 122
28 80
57 101
50 106
2 20
56 64
27 76
103 113
64 145
35 80
60 131
125 141
48 69
30 149
98 128
18 79
66 133
90 130
20 40
55 109
25 75
50 105
39 111
21 131
72 136
63 100
34 86
34 77
42 60
92 96
18 134
39 51
29 43
51 142
83 140
32 63
5 105
38 55
56 57
91 134
44 85
50 94
49 139
67 120
10 93
111 122
2 12
14 85
96 129
14 81
21 106
13 70
63 130
24 49
97 127
26 32
2 87
82 145
8 12
66 106
72 120
19 53
45 99
59 79
135 144
43 95
62 146
39 88
120 145
117 134
112 123
37 66
22 121
43 104
44 59
114 144
35 105
66 128
16 36
21 96
83 105
43 92
24 139
66 141
91 124
40 104
30 127
36 115
37 96
51 55
34 124
19 140
70 118
0 143
64 105
58 129
3 50
18 99
73 145
1 109
114 140
79 128
26 102
122 140
41 46
15 75
80 95
52 57
57 115
81 97
64 76
17 41
80 140
35 127
47 64
80 128
8 89
61 115
51 110
2 140
65 97
69 79
62 127
27 131
86 131
53 108
57 149
39 70
7 140
16 106
36 45
11 119
23 96
20 92
77 83
12 58
23 92
13 149
74 135
9 142
72 99
56 108
57 107
8 33
12 56
6 33
83 149
18 120
30 44
80 136
53 145
38 128
129 130
25 94
69 138
26 96
72 79
11 37
45 142
2 77
36 95
24 81
7 28
2 7
111 133
38 108
60 79
27 86
25 106
8 88
40 45
35 142
85 136
12 95
40 132
38 115
84 123
21 126
133 144
11 32
71 143
13 72
7 91
15 80
29 126
64 108
43 118
64 102
107 142
98 117
63 109
57 82
49 79
43 110
114 121
107 128
42 141
81 101
11 82
19 112
8 78
72 83
124 127
86 101
71 138
83 87
32 103
10 55
112 149
43 53
22 55
0 94
130 149
63 128
41 54
5 102
29 41
2 66
30 55
86 114
9 43
23 26
79 94
67 97
24 117
19 119
0 20
25 143
55 63
6 100
60 105
36 101
38 73
26 147
121 138
23 63
5 66
13 130
56 122
55 77
4 44
9 49
51 59
16 21
58 104
123 132
6 44
71 111
1 56
97 136
76 109
3 111
3 132
16 47
38 117
0 56
18 124
21 77
46 78
59 123
72 105
11 96
40 125
39 142
51 129
38 127
42 140
45 140
6 76
92 115
26 50
17 44
38 77
5 23
85 134
30 40
56 126
31 51
69 95
120 123
11 126
116 149
41 105
5 47
73 101
108 118
20 35
6 95
92 143
80 123
33 38
1 136
70 122
82 95
58 92
8 143
16 77
34 140
51 146
6 109
19 31
77 93
57 71
6 60
114 147
119 143
34 127
29 116
87 125
66 74
109 141
57 91
93 105
44 104
63 111
54 136
42 113
113 141
52 72
22 69
67 68
4 39
5 44
33 130
100 108
23 119
16 59
14 114
60 68
25 27
54 81
68 69
83 124
78 141
61 105
22 146
1 100
7 118
54 86
40 96
56 63
65 115
80 81
42 129
0 58
68 106
38 41
15 26
17 23
130 142
53 80
45 74
88 132
128 130
46 51
29 75
82 118
29 140
38 88
46 116
51 133
42 82
35 114
96 136
112 132
116 142
43 60
129 135
61 72
4 5
51 145
82 94
23 60
30 75
73 95
7 59
10 45
58 142
7 144
9 51
6 111
73 129
101 108
75 110
19 116
79 122
75 111
135 137
81 112
21 112
24 42
67 100
16 126
77 147
7 83
86 135
18 95
12 37
113 143
10 127
69 116
14 54
5 28
37 117
49 80
116 141
60 82
131 145
23 137
43 123
28 82
100 111
123 124
40 139
102 117
36 116
32 68
74 142
30 60
12 85
76 146
123 145
30 34
73 146
59 131
21 102
81 128
13 19
44 101
70 94
20 131
26 113
90 91
86 147
32 91
72 96
56 66
74 113
79 145
55 126
99 104
21 74
2 137
36 130
92 137
28 49
134 144
47 68
138 139
62 112
30 85
18 61
98 143
22 56
3 90
2 4
96 128
113 130
63 72
14 100
61 101
49 55
19 90
63 77
50 82
95 138
82 97
19 137
73 89
43 87
51 120
20 83
5 135
138 149
60 125
11 112
63 82
4 127
81 106
51 95
121 123
46 125
98 147
69 147
31 132
54 89
105 120
62 68
80 131
84 118
10 102
40 121
74 143
45 66
50 116
7 13
25 56
13 74
44 125
81 109
35 79
36 86
59 149
19 138
45 50
22 97
130 140
97 142
41 51
12 118
25 107
43 134
2 121
7 65
4 133
93 112
10 144
50 73
14 118
101 135
83 86
113 127
4 85
29 97
25 38
24 68
23 145
96 144
5 120
95 142
6 55
6 64
44 71
29 31
7 47
6 144
87 103
128 143
17 28
98 103
65 70
78 88
45 102
11 18
11 62
42 83
91 142
0 141
95 137
32 139
17 73
22 102
17 120
6 54
74 101
22 116
53 134
33 64
99 116
9 40
0 109
92 148
82 147
71 82
34 99
70 145
103 139
36 142
16 142
90 148
16 93
14 48
0 48
15 99
66 76
42 77
76 134
74 127
60 66
40 94
40 76
1 120
90 144
106 115
8 13
8 56
80 108
6 123
52 102
36 135
5 140
8 73
4 84
34 113
91 139
126 141
61 66
37 78
22 45
83 91
74 102
41 127
80 145
65 79
9 31
26 88
51 86
11 136
26 142
72 132
49 117
25 80
62 115
8 40
2 9
13 123
6 140
61 122
124 144
33 52
85 135
41 146
33 123
23 45
15 42
92 146
14 123
56 131
54 66
79 133
47 122
10 118
16 87
41 90
113 121
38 139
33 128
89 149
12 105
57 145
34 39
55 133
11 75
7 143
50 69
53 83
37 98
6 114
23 49
22 36
44 64
1 137
48 50
41 76
48 143
12 137
55 65
43 71
60 141
14 129
0 88
64 66
1 10
131 138
41 91
50 122
98 100
3 57
29 68
107 111
0 2
14 33
4 49
15 33
77 104
75 140
35 68
59 83
21 118
67 129
23 36
91 122
79 118
28 131
4 47
52 147
25 68
83 145
60 129
120 128
97 125
43 105
43 66
38 60
15 34
1 43
49 90
101 102
113 126
10 35
7 96
73 99
69 126
73 100
107 112
80 139
1 28
64 140
5 100
0 101
90 101
3 135
60 98
31 147
10 38
93 109
42 45
25 124
15 17
73 143
69 80
42 124
6 70
39 132
35 96
92 110
7 22
52 74
47 117
139 142
6 74
59 67
25 132
60 94
65 138
82 88
97 122
44 70
59 64
130 139
8 20
62 79
52 55
111 120
122 146
33 146
57 79
43 97
27 148
35 148
8 149
58 94
0 124
32 47
23 109
17 79
37 139
33 75
67 74
56 87
55 123
60 143
23 59
1 117
20 125
29 38
34 75
11 71
47 108
79 97
5 53
40 78
54 101
1 55
21 68
82 87
73 120
86 115
1 36
70 126
6 30
3 51
17 61
96 103
8 108
0 138
19 130
28 73
30 82
0 5
15 88
88 125
76 143
26 77
2 115
10 121
65 105
16 138
18 137
25 127
39 65
24 146
78 101
4 54
69 83
92 111
60 70
6 138
50 121
112 141
27 132
15 98
92 119
8 127
7 25
3 28
31 49
6 133
35 67
37 80
2 138
26 52
69 109
66 103
67 145
93 107
70 76
17 136
96 97
47 139
123 129
14 53
31 92
74 96
68 98
21 52
65 118
35 124
111 113
71 109
81 138
36 79
25 85
64 127
30 50
44 131
77 113
32 118
25 30
77 80
48 103
97 129
83 112
56 91
61 123
55 106
101 142
37 134
13 18
44 82
7 15
61 133
86 91
22 66
19 65
64 70
27 44
52 111
7 68
107 109
92 112
130 146
97 105
18 82
111 143
53 104
21 132
28 99
0 93
14 144
38 69
45 47
5 39
1 4
0 149
6 34
0 37
110 134
107 123
29 62
11 77
84 106
13 27
8 79
21 116
74 111
87 121
6 126
63 126
27 29
34 115
54 115
1 46
11 19
31 126
94 96
60 104
107 139
36 113
62 131
12 23
68 134
44 81
91 110
126 127
22 145
59 129
10 41
35 39
104 147
61 136
13 42
110 123
49 54
56 61
3 9
31 122
20 136
17 53
79 146
27 114
34 88
148 149
97 148
20 63
1 14
57 126
131 140
15 86
13 125
35 118
114 142
72 115
78 105
91 106
89 104
36 90
77 120
78 111
87 134
37 60
94 101
42 107
76 77
69 75
41 92
21 141
47 149
38 112
103 104
53 143
33 62
42 70
24 57
20 98
8 42
85 127
99 137
49 98
51 106
71 99
40 54
4 105
77 148
28 55
49 77
63 120
50 78
85 142
106 107
35 55
94 136
3 96
73 106
13 109
20 107
7 113
97 141
25 62
28 92
47 73
39 78
35 60
146 147
133 146
89 109
4 141
44 115
32 54
135 145
61 135
26 39
10 33
54 109
106 132
69 148
62 66
39 50
9 114
21 111
38 118
77 122
22 114
118 135
7 99
11 92
65 120
100 101
20 118
19 67
86 133
85 93
99 110
8 61
50 126
22 40
4 50
36 42
6 49
44 67
138 145
8 17
3 75
72 84
42 67
19 141
27 79
56 144
2 106
44 51
40 74
113 114
32 35
50 123
22 100
53 146
34 147
35 145
42 73
1 93
52 113
3 107
90 143
18 139
11 42
96 118
8 55
124 145
10 36
32 38
90 126
13 144
121 131
23 40
34 146
51 52
96 141
32 142
43 135
33 103
40 80
77 102
45 117
51 102
94 135
79 149
50 88
32 128
26 64
55 132
87 139
33 114
124 147
38 66
18 129
19 96
49 100
117 128
28 33
3 86
1 114
82 96
107 108
25 46
139 148
25 131
38 71
18 91
12 89
16 54
35 66
55 57
58 96
27 111
47 144
59 106
47 62
40 111
51 132
64 116
45 63
25 58
71 142
8 74
81 108
69 89
36 76
116 147
111 135
78 145
31 131
38 143
5 121
82 127
3 37
43 136
34 48
75 117
49 96
98 137
25 114
103 106
125 136
1 66
13 61
32 123
1 110
55 96
101 141
21 69
92 122
67 132
83 122
12 28
93 148
59 121
94 106
144 149
108 149
10 11
109 117
61 107
31 109
1 3
85 126
111 112
6 53
18 56
18 102
37 101
22 112
49 131
58 79
90 94
28 89
44 145
31 81
26 82
30 84
37 100
33 141
30 136
125 139
67 147
3 18
30 135
27 77
68 75
21 55
63 137
53 86
55 131
71 85
65 108
88 108
80 142
30 71
46 110
71 79
43 75
112 129
47 110
13 111
66 97
54 99
20 47
14 42
31 130
75 123
60 96
78 143
1 88
17 64
119 130
80 107
68 80
27 93
83 134
26 115
48 97
6 122
78 121
92 114
58 93
62 104
71 147
29 131
40 88
11 120
34 49
27 66
27 112
20 114
51 87
67 80
38 125
45 75
89 124
71 116
6 56
9 67
68 127
74 79
12 123
92 113
39 127
3 21
37 142
49 59
19 87
0 121
27 45
88 146
17 89
43 130
9 104
6 39
62 90
19 27
53 58
53 81
54 98
105 106
24 121
2 107
7 11
47 113
17 93
112 130
25 71
24 44
0 134
53 97
53 66
53 76
9 68
21 83
11 94
118 141
34 143
41 75
56 90
73 140
86 121
35 111
5 94
4 96
49 64
102 110
28 140
102 108
85 145
21 76
97 114
73 80
41 72
98 122
68 120
103 117
34 63
24 69
82 143
0 95
40 85
19 143
8 34
73 123
67 131
54 78
50 56
65 143
30 37
92 98
7 97
93 117
55 117
46 105
114 132
113 139
24 67
70 74
25 135
55 120
62 74
9 22
71 76
95 110
126 130
81 115
71 145
29 127
87 109
76 136
11 125
45 137
58 71
82 93
80 104
64 114
13 132
53 92
23 43
42 54
10 20
29 73
65 126
70 110
18 64
141 146
111 124
2 32
11 49
31 64
120 136
24 92
48 54
15 30
52 127
99 141
61 116
14 143
19 75
16 107
98 134
6 110
89 100
7 75
45 103
53 85
61 120
85 138
24 130
2 99
70 149
57 97
20 146
65 136
87 104
74 91
10 60
45 92
32 55
21 32
12 80
11 146
11 138
6 102
9 120
113 117
29 145
33 109
100 125
34 62
28 37
66 142
68 107
38 116
68 83
44 54
7 78
9 21
2 43
6 88
2 123
35 117
103 123
18 31
19 40
17 138
61 104
55 144
2 100
8 121
67 70
0 122
115 130
5 113
19 80
14 51
24 127
5 131
24 27
124 132
30 42
94 148
7 117
59 66
98 141
96 104
46 86
22 89
2 72
30 87
53 106
64 110
88 138
63 122
66 113
80 126
35 132
71 80
14 25
86 111
13 35
36 102
44 118
74 112
11 73
1 64
37 113
85 116
6 79
1 132
9 35
17 132
17 32
59 104
45 73
139 147
11 148
4 31
19 95
55 107
109 126
42 115
43 55
97 117
16 78
95 99
101 145
134 142
45 145
78 138
33 120
103 105
19 64
61 79
29 37
6 28
4 136
43 148
45 121
39 123
62 109
59 105
79 92
9 10
16 129
72 76
52 105
75 106
34 78
41 44
53 54
35 90
47 100
26 45
18 136
20 113
4 122
33 111
30 118
10 21
2 53
96 123
137 139
17 95
10 92
26 110
30 68
12 32
102 135
11 88
49 141
44 73
17 31
72 91
41 125
39 93
18 78
21 80
28 60
11 40
79 138
53 122
38 101
52 84
59 63
42 79
24 25
100 105
13 85
47 125
19 145
8 28
93 118
12 133
49 116
91 145
111 146
56 98
26 80
67 130
87 95
98 123
94 147
43 77
18 149
81 84
124 129
26 85
26 125
43 51
84 130
72 93
14 38
9 14
6 10
88 120
49 148
68 119
35 42
0 113
125 128
27 94
59 99
43 80
94 131
42 133
11 47
21 100
70 105
11 57
8 137
70 95
29 70
59 111
134 149
33 79
66 79
76 115
87 108
22 129
100 129
95 139
36 70
32 112
52 67
51 74
33 131
99 148
92 134
32 113
5 42
31 54
91 100
3 17
95 130
4 48
81 95
37 86
35 40
97 134
31 90
47 121
6 141
34 109
12 135
15 107
66 104
96 107
34 139
138 147
84 146
24 77
24 28
13 117
130 131
27 58
69 102
18 108
119 124
90 134
6 134
80 88
15 129
13 16
9 44
93 120
56 100
115 126
29 78
88 147
3 110
93 121
94 105
1 85
17 87
5 116
30 38
8 91
135 139
31 105
56 110
52 85
90 139
35 81
38 136
41 107
33 37
35 115
24 104
52 141
20 29
66 75
8 9
22 46
50 58
117 149
3 39
23 93
0 112
64 104
30 116
77 136
28 48
50 86
2 82
49 134
24 53
35 104
110 136
25 125
37 38
112 143
5 11
5 148
82 85
70 98
37 42
4 119
96 139
52 71
16 139
3 98
75 93
37 89
86 92
0 133
40 97
28 148
2 65
7 92
87 90
48 60
85 132
31 61
82 86
59 61
30 99
18 50
18 41
27 120
118 125
12 132
1 82
45 72
59 97
27 31
32 117
22 131
68 74
107 138
115 135
88 109
92 129
115 116
0 92
83 101
40 82
33 113
81 131
6 65
32 98
28 100
23 38
40 141
2 75
131 147
64 147
120 132
16 63
66 112
11 28
44 72
46 103
41 89
77 91
25 100
123 135
1 8
36 125
69 132
55 146
37 67
76 110
13 105
59 113
56 58
51 104
83 109
19 59
30 120
15 85
68 145
22 31
2 102
77 98
39 46
25 149
111 130
14 73
90 122
45 124
98 116
58 128
38 90
8 140
25 57
3 72
86 125
73 88
77 127
102 120
29 81
4 75
0 147
28 35
18 90
0 75
89 102
85 86
9 105
13 31
36 112
132 148
72 95
101 133
21 140
7 130
32 97
49 149
118 136
33 96
42 145
55 88
28 126
25 63
12 101
23 104
13 47
28 125
72 124
60 71
58 109
27 105
53 131
34 108
70 127
64 94
141 144
54 123
20 74
66 95
28 114
55 108
82 142
30 104
56 106
115 117
20 121
57 96
38 141
63 132
48 112
12 18
56 97
29 100
6 11
4 22
46 115
24 114
55 103
40 84
51 149
94 117
37 99
7 51
15 148
62 93
36 119
32 122
10 94
19 32
66 148
70 112
78 98
96 135
5 79
37 129
63 125
41 147
60 128
97 123
125 140
38 123
27 117
116 128
51 97
41 149
26 60
6 104
9 32
112 119
36 55
18 97
45 94
18 69
48 53
35 52
2 86
93 114
99 113
41 120
70 102
32 135
1 131
70 97
45 54
63 106
54 102
95 108
28 136
14 91
50 129
136 139
1 95
89 117
75 89
78 123
41 88
33 41
48 80
34 111
0 28
92 136
18 89
108 135
100 102
31 60
73 90
10 18
67 142
69 108
80 124
10 16
64 101
64 103
97 130
50 102
88 142
63 127
89 146
121 146
7 81
139 149
51 58
34 107
19 84
1 50
11 114
103 114
80 135
35 51
48 77
0 106
48 111
80 120
61 70
52 137
98 101
133 137
54 116
72 103
4 25
84 86
24 52
13 134
9 121
7 131
32 34
21 147
0 137
106 111
44 111
34 53
90 136
73 78
24 126
31 101
67 92
1 123
59 138
2 80
38 119
99 133
54 144
9 132
85 119
1 11
36 92
97 121
15 136
68 104
4 71
53 90
23 113
6 24
32 114
18 75
79 136
0 100
63 71
43 131
97 116
55 86
103 126
43 142
29 51
73 104
30 110
32 87
13 48
14 65
5 123
17 34
124 135
22 88
15 100
106 118
34 136
54 148
64 138
1 113
10 114
30 81
4 67
106 149
73 85
91 99
101 123
20 143
20 27
91 114
17 74
33 121
17 106
58 68
4 132
14 86
39 83
51 117
