250 750
98
73
43
41
51
35
70
84
119
83
55
91
87
36
110
35
86
86
111
32
40
92
75
48
20
93
88
50
111
104
44
41
57
67
62
88
34
64
104
86
28
39
109
95
107
99
110
26
66
53
90
38
78
97
118
78
71
86
108
114
70
84
88
108
83
82
28
50
27
113
68
35
84
57
62
24
89
105
82
87
38
52
105
48
81
104
106
32
22
46
79
73
62
47
113
78
109
21
108
116
114
56
83
31
45
26
35
114
111
97
81
81
81
119
110
42
55
48
55
57
27
66
110
69
93
55
27
34
57
67
31
103
55
94
114
81
52
81
27
43
58
41
57
119
40
47
42
75
75
29
64
82
75
107
84
100
42
43
114
31
43
25
67
78
52
113
91
36
75
99
60
113
72
97
65
92
76
39
99
83
48
43
46
55
30
62
35
105
37
29
116
60
87
63
119
71
109
90
87
64
21
79
109
73
56
54
97
64
73
28
28
53
52
106
88
114
48
55
51
65
65
48
58
84
43
57
35
32
79
102
28
33
62
118
38
50
104
116
95
110
24
55
43
108
41
64
55
21
51
86
23 105
30 91
38 64
100 152
23 97
204 217
87 187
18 183
206 218
86 171
118 232
10 125
162 221
37 176
141 222
133 164
164 165
81 203
116 233
153 241
52 107
78 239
41 199
59 111
7 230
91 197
59 201
24 216
4 222
113 201
78 84
96 129
100 210
151 216
54 193
98 207
138 162
55 87
147 189
166 196
215 229
32 140
25 106
57 99
110 212
64 143
46 193
91 147
154 242
199 215
25 47
47 209
15 237
116 204
32 236
2 67
142 247
22 100
9 101
121 165
37 119
58 165
1 231
164 237
130 244
143 186
7 86
22 204
70 73
78 161
80 102
201 228
180 223
74 224
189 197
58 91
2 87
68 76
3 240
55 99
93 222
229 242
179 196
103 104
16 181
15 220
12 96
87 172
26 248
13 216
47 104
126 134
106 202
54 110
109 193
165 209
54 55
234 247
0 100
89 119
32 206
146 191
52 215
79 233
65 98
113 147
23 202
99 161
154 226
21 123
115 184
38 170
35 238
91 155
96 136
20 62
3 154
18 207
1 71
36 136
35 201
5 101
58 201
136 166
39 207
9 72
48 76
64 95
102 185
7 173
69 198
102 193
175 211
161 246
49 64
117 234
84 86
123 245
37 39
96 131
141 181
7 168
13 41
173 226
115 181
150 165
102 195
120 129
9 133
175 227
183 212
17 43
150 166
114 187
57 246
33 238
53 239
97 132
21 169
108 136
8 154
24 56
65 138
9 115
192 240
135 179
62 79
51 176
109 118
3 172
13 199
47 57
78 145
106 170
214 224
118 216
124 232
120 244
4 189
32 88
17 48
110 167
71 97
37 215
61 180
71 231
128 177
28 174
58 198
22 30
99 172
7 243
89 223
15 229
67 195
47 244
66 85
34 206
137 243
101 169
157 172
84 151
31 152
8 210
141 230
4 85
180 240
11 213
19 241
67 228
127 160
97 163
46 119
35 131
85 215
57 122
109 208
58 114
91 168
71 74
11 59
151 178
189 191
63 217
32 47
193 232
145 175
40 73
14 24
108 229
165 211
70 203
11 225
36 67
32 213
91 240
168 224
18 95
62 210
94 183
109 165
37 136
60 180
74 209
56 170
17 156
85 109
163 189
223 226
5 82
72 189
15 96
43 93
33 53
68 105
215 249
37 233
43 203
69 163
125 220
83 126
20 244
35 235
183 208
11 15
52 213
162 190
135 170
203 205
40 163
39 124
107 230
178 183
151 247
121 198
31 224
70 99
84 154
106 189
117 145
205 210
22 247
192 224
132 180
172 247
121 195
140 229
210 232
159 239
66 205
42 54
136 196
240 242
136 237
193 212
198 234
42 172
127 204
149 198
11 249
80 176
3 137
164 243
161 190
15 137
40 125
3 104
53 68
88 110
218 225
32 136
84 95
33 196
197 210
128 201
42 199
46 245
13 207
38 185
4 174
146 156
11 49
0 219
64 190
79 141
67 158
3 59
154 201
33 121
70 152
50 177
167 191
7 204
81 113
89 129
10 30
10 202
0 118
53 181
10 63
137 249
2 169
74 196
169 203
207 209
136 239
7 156
116 179
111 113
230 240
202 240
122 155
102 122
23 155
54 135
53 71
23 240
71 157
111 166
227 241
82 170
178 216
145 239
44 202
8 126
44 63
116 166
71 218
39 93
78 93
81 149
206 248
155 242
10 27
118 120
39 238
55 204
44 69
201 215
62 98
92 142
60 125
160 195
131 199
62 140
144 221
142 211
55 177
57 150
18 66
29 156
57 84
212 228
15 230
78 194
77 138
54 72
198 233
101 182
182 242
77 244
57 65
71 243
215 221
133 152
181 240
141 149
16 103
230 246
26 220
48 177
164 249
204 214
56 232
146 165
150 242
94 215
17 152
60 117
212 239
81 102
243 246
12 82
62 198
110 168
37 88
104 216
23 37
19 69
79 215
36 229
60 130
46 212
0 209
91 181
23 135
19 172
106 128
76 133
21 96
211 244
63 133
22 66
86 135
17 144
180 202
12 98
144 163
76 163
103 109
106 229
28 244
224 248
234 236
7 50
80 147
65 71
137 210
148 190
84 124
165 178
13 116
43 131
9 221
146 215
2 81
177 194
44 132
119 152
28 54
210 228
151 201
13 128
140 170
14 161
4 178
45 222
88 191
201 206
59 102
166 242
207 212
89 170
6 174
60 137
141 228
97 180
42 77
45 183
207 247
49 103
94 135
178 179
34 134
94 232
88 148
45 188
108 110
218 237
47 134
105 113
40 55
145 185
190 234
220 232
121 249
85 135
68 115
102 166
148 249
48 88
148 237
110 235
197 222
78 82
36 122
14 195
91 192
75 199
21 132
132 159
97 143
119 211
35 212
165 212
35 214
152 183
53 137
0 43
121 212
82 84
9 129
98 100
150 173
28 56
171 187
40 64
34 159
99 127
43 46
61 81
7 65
60 116
54 159
16 162
142 202
78 153
2 94
58 76
98 162
48 243
109 120
7 147
163 208
22 190
56 125
82 180
215 245
48 199
103 194
22 193
38 108
13 24
89 174
32 184
223 243
55 222
0 218
33 190
93 158
27 246
63 190
22 91
46 58
91 154
115 198
167 211
50 108
82 237
43 62
76 98
35 76
68 168
113 119
78 115
19 141
15 31
146 212
8 84
175 204
5 162
40 181
90 216
39 55
25 82
101 220
5 32
29 53
0 175
3 166
57 116
124 249
73 86
145 157
94 201
82 108
206 224
24 39
65 79
90 182
13 152
43 148
157 174
53 184
175 219
143 187
129 164
0 139
197 211
145 192
55 149
119 197
25 36
128 207
109 123
118 141
48 194
52 75
16 240
145 218
6 212
6 199
12 101
55 145
111 157
44 128
58 172
17 38
129 245
31 91
119 173
167 209
12 219
94 235
62 104
110 232
33 126
79 218
24 147
54 224
121 237
35 147
43 52
24 185
47 216
18 115
75 139
37 211
131 189
48 145
31 45
5 171
75 166
0 64
77 99
86 220
5 198
85 93
20 159
59 117
85 237
77 228
12 115
189 201
238 246
42 96
121 203
37 65
28 168
203 230
174 245
66 193
138 191
5 24
0 11
179 192
92 204
133 146
143 155
103 121
37 94
158 204
187 234
122 187
117 167
85 111
143 162
50 89
84 114
158 186
100 227
69 115
12 55
62 203
7 176
18 146
123 176
107 202
75 113
44 156
59 70
151 159
87 211
23 119
23 103
72 240
24 229
79 104
143 213
6 161
129 211
88 164
53 88
91 132
38 135
108 140
41 194
8 17
128 143
3 127
51 98
96 122
30 200
174 202
16 60
187 227
41 127
129 141
33 84
11 71
4 220
16 31
45 48
24 26
4 43
29 243
55 125
116 188
68 178
194 214
