100 750
98
75
109
75
77
100
56
48
65
22
119
57
81
23
90
107
93
58
95
34
40
44
80
82
58
47
62
98
92
95
58
70
50
99
25
107
79
61
87
25
63
39
114
76
94
84
64
67
74
91
33
94
68
93
109
106
20
51
84
92
26
74
42
108
53
99
47
113
40
67
70
35
86
64
44
112
28
88
59
83
111
72
109
59
97
98
98
50
81
62
74
39
69
49
27
102
28
107
47
101
55 98
27 99
37 45
51 84
73 74
10 90
8 82
71 82
32 39
50 57
46 98
6 25
10 27
71 77
24 26
74 81
8 81
25 78
77 97
62 72
25 50
14 84
18 85
24 69
19 28
22 78
25 47
5 88
18 66
81 96
55 99
30 60
60 80
9 57
23 81
0 12
48 95
32 37
7 19
9 47
26 31
4 25
65 79
9 49
83 90
46 83
28 97
29 43
52 88
11 39
3 34
29 63
1 51
14 22
8 23
69 86
46 54
85 90
64 99
35 47
33 41
30 38
25 61
49 68
59 78
12 13
14 76
17 93
7 29
37 40
61 82
24 37
8 14
72 74
9 66
7 71
2 94
18 79
57 77
21 70
91 98
8 15
74 80
0 17
57 62
46 93
22 60
20 46
78 82
17 37
19 76
35 84
53 99
8 93
15 82
25 30
65 97
45 86
23 86
15 80
8 48
70 78
20 99
16 50
33 86
61 88
5 75
56 97
29 90
17 63
5 99
41 71
27 96
19 68
13 83
14 52
30 44
36 64
5 81
14 67
55 91
48 76
30 73
11 57
16 74
21 27
68 73
21 44
13 95
60 92
44 96
26 92
27 63
8 57
68 76
11 23
31 51
13 59
16 76
25 92
42 52
15 66
10 72
67 88
75 81
24 79
6 77
4 16
25 69
13 89
1 88
0 32
15 98
23 80
26 27
90 99
36 78
18 64
11 97
88 89
3 56
24 93
58 82
65 83
17 46
37 68
29 66
5 61
41 65
68 83
25 91
19 79
4 37
15 43
34 83
4 90
40 50
22 66
8 32
7 57
1 77
82 96
1 95
36 43
56 61
4 27
8 41
51 76
20 32
41 60
34 59
34 43
2 43
45 73
79 98
52 68
23 57
2 22
65 84
58 93
19 77
13 57
60 95
33 79
45 53
13 14
9 31
56 75
11 53
0 61
33 68
8 65
77 88
43 62
20 24
1 36
39 45
66 86
52 58
11 66
80 97
24 81
33 89
8 52
8 38
23 65
28 31
6 31
45 71
47 49
37 66
0 5
34 66
44 92
10 18
4 68
42 80
1 83
9 65
35 56
52 69
79 97
35 63
6 55
8 56
5 74
5 93
32 80
24 76
24 94
28 38
14 80
15 61
63 78
50 76
34 45
2 66
38 95
29 50
89 96
2 7
16 52
48 59
9 76
30 66
46 50
61 64
40 81
11 67
38 65
33 85
3 14
35 52
4 94
6 20
65 99
20 83
48 53
83 92
14 82
31 60
84 95
65 73
36 84
26 85
18 49
5 11
33 98
57 89
15 45
9 44
80 81
27 33
29 72
68 95
0 6
7 90
80 95
8 83
64 93
61 65
63 72
22 96
23 31
64 79
43 79
12 60
15 33
21 55
62 85
32 64
72 94
16 58
17 77
76 80
2 98
29 77
66 82
28 45
7 96
4 72
20 57
5 64
90 93
57 79
84 98
20 60
74 79
10 60
51 92
48 78
21 95
61 80
65 92
1 52
37 57
31 65
96 99
74 88
16 70
54 68
66 88
14 99
11 76
17 21
65 90
85 94
74 78
29 44
27 30
36 81
12 48
44 88
53 62
14 75
20 30
71 95
86 95
63 85
3 6
36 48
34 99
4 15
31 95
46 76
46 90
22 57
21 52
16 77
23 64
61 63
22 79
15 64
36 70
45 56
1 87
72 82
33 70
53 59
6 61
83 98
15 19
87 93
63 87
9 51
76 88
40 73
43 55
0 28
1 24
86 98
9 94
10 91
4 13
11 68
39 84
79 82
22 29
38 42
18 73
26 46
10 33
41 90
33 45
58 86
57 69
15 25
18 68
32 77
25 98
64 95
30 34
63 95
37 52
1 25
7 79
23 69
12 16
12 97
62 70
35 83
60 79
51 98
28 81
6 82
77 78
12 70
59 66
11 75
55 76
15 36
7 11
19 36
16 42
52 71
2 77
28 64
0 97
9 34
3 87
26 64
23 52
27 44
35 51
23 56
18 63
55 87
15 35
7 51
9 78
55 86
72 81
33 67
69 76
20 25
15 84
51 67
59 95
46 47
3 46
65 70
57 66
1 72
5 85
10 12
23 43
36 90
28 58
18 48
83 86
34 84
44 53
0 81
42 79
12 55
21 68
75 97
62 82
6 97
5 33
33 48
67 91
26 34
18 53
12 58
14 93
66 73
21 69
40 43
68 90
40 42
52 75
4 49
9 33
35 81
78 94
17 64
63 65
22 27
36 93
44 57
34 39
54 99
31 41
6 58
6 91
43 73
21 53
25 33
31 78
32 96
47 98
59 74
47 72
67 68
4 53
4 59
59 91
45 66
43 49
74 93
1 17
54 66
43 90
69 88
21 65
22 76
23 95
15 63
20 79
23 35
66 80
67 76
60 72
41 77
78 84
22 31
0 72
44 48
67 93
14 17
16 84
29 48
4 57
37 83
87 90
59 92
0 33
30 55
3 84
1 26
25 45
63 79
11 89
25 95
16 63
75 93
59 88
0 70
43 56
42 81
28 39
3 53
8 42
66 96
13 88
56 74
38 77
14 85
26 62
37 67
55 72
72 96
39 77
73 80
14 36
67 75
21 42
2 30
63 97
3 99
25 62
39 59
63 73
24 25
43 52
15 24
11 50
27 48
3 29
1 39
43 68
66 85
49 89
39 46
8 64
0 20
27 45
5 76
20 97
20 21
70 83
70 98
38 51
51 77
71 94
31 96
13 45
70 71
10 43
3 30
26 50
80 96
11 93
31 52
67 74
66 89
5 72
40 75
82 86
30 99
12 17
75 89
18 82
12 51
15 77
11 84
30 75
36 96
60 64
1 56
36 88
42 87
12 66
51 94
1 85
4 12
49 86
34 64
16 18
25 27
17 84
39 47
59 75
44 76
87 97
32 75
39 65
46 92
10 50
0 96
31 49
16 65
1 44
42 71
18 39
14 56
44 67
12 52
71 97
79 86
49 70
3 47
54 62
10 58
6 59
47 76
18 50
0 36
56 90
3 9
15 52
61 76
40 64
14 62
10 17
13 24
71 87
29 82
4 80
27 58
74 77
25 97
77 86
67 85
76 89
66 90
20 82
80 86
45 97
0 69
21 23
2 56
6 89
6 64
66 93
10 70
52 77
5 98
49 95
16 69
78 96
18 44
31 53
21 37
27 42
10 54
12 47
22 28
70 80
57 73
4 44
34 44
0 92
9 89
6 8
8 39
29 59
29 53
21 63
44 82
4 95
24 47
34 50
4 62
2 95
56 68
28 44
52 62
33 97
32 90
14 66
62 86
10 19
9 53
13 60
68 85
20 53
22 33
50 77
81 91
13 70
14 19
3 81
26 70
30 89
94 97
42 62
14 27
60 81
