250 3000
110
58
49
41
22
44
83
102
58
119
50
46
100
81
63
105
112
85
87
50
117
56
102
85
98
28
87
100
26
65
83
116
103
64
37
57
89
52
39
79
51
21
106
84
82
49
69
75
67
88
57
116
76
39
33
55
99
52
87
57
97
102
54
80
47
23
70
68
108
89
27
39
43
65
55
105
47
57
60
46
25
49
42
82
21
107
69
100
39
36
38
116
119
24
28
98
79
78
46
67
100
105
39
23
103
26
60
30
63
53
56
21
82
30
83
83
117
84
116
88
52
86
36
51
42
44
81
101
55
107
101
35
45
72
90
28
78
30
90
22
63
78
23
78
40
38
41
89
102
37
57
34
55
73
118
77
49
79
111
84
119
92
51
44
44
73
104
102
36
26
56
79
36
111
89
56
29
111
25
63
80
114
78
116
67
28
25
96
87
116
113
38
40
44
114
64
50
50
99
66
56
87
77
72
79
47
60
88
38
65
32
50
59
42
98
58
102
104
35
21
52
80
40
73
56
34
69
86
65
100
32
53
68
90
106
27
117
46
95
87
44
59
117
35
33
48
74
115
84
41
67 95
28 95
70 86
48 61
107 126
44 55
136 215
117 237
190 244
17 176
137 189
122 208
39 166
140 162
68 233
152 203
150 163
33 249
72 94
48 198
201 205
94 189
81 170
56 212
73 76
117 139
113 210
76 228
68 152
135 243
136 196
49 139
172 198
20 151
51 118
69 70
17 108
9 29
98 167
26 241
93 130
155 246
95 174
134 247
127 242
231 234
175 226
123 132
33 148
17 245
167 186
45 188
49 184
135 176
69 167
13 162
9 150
67 245
53 183
32 79
9 207
55 141
56 182
27 177
65 175
95 113
110 131
15 36
16 84
30 56
98 206
17 141
53 177
0 71
103 205
66 80
163 237
59 95
86 145
70 125
72 152
36 114
153 203
72 151
89 207
187 204
15 95
170 204
124 127
79 171
83 103
145 246
192 205
190 193
143 170
112 147
0 242
12 48
153 163
120 242
176 222
89 179
123 236
111 248
32 215
48 77
75 237
32 146
132 192
127 222
84 112
25 207
37 85
5 90
52 227
24 83
5 114
128 215
76 202
126 168
204 211
68 198
67 131
82 115
9 54
223 242
17 241
178 180
37 156
18 208
101 116
84 121
49 68
0 122
126 228
40 189
182 211
165 239
28 72
30 37
23 228
112 219
43 142
49 147
80 166
49 109
119 194
39 170
95 170
73 162
47 54
81 114
15 206
145 247
27 130
34 108
147 152
147 180
179 190
48 122
157 197
23 169
194 203
49 208
114 222
13 224
129 191
197 246
147 194
27 142
73 176
78 237
19 175
217 225
23 199
146 192
167 236
159 228
35 126
111 200
181 241
52 188
178 199
132 172
58 78
168 200
126 136
187 213
93 238
88 137
120 135
103 154
12 106
132 141
83 240
3 232
14 157
44 170
155 209
37 216
167 213
43 245
164 238
2 233
126 220
224 229
81 125
7 93
74 84
179 192
59 168
87 190
46 103
70 95
160 185
141 237
30 213
229 238
120 221
231 246
44 206
169 225
139 171
28 213
107 221
25 143
30 230
133 215
128 163
63 203
42 73
37 56
44 174
45 118
118 202
41 162
119 158
149 183
40 211
34 107
24 64
87 239
67 198
3 152
78 131
46 187
217 220
84 85
15 202
37 159
47 216
1 28
68 196
161 212
67 247
18 91
163 208
182 213
25 187
156 217
15 115
84 196
132 187
55 169
59 186
66 152
94 208
5 155
14 217
168 183
66 186
24 230
58 246
22 45
114 245
10 30
78 229
19 94
116 210
146 176
27 242
150 235
86 155
202 242
123 160
41 135
11 199
123 195
69 169
65 217
33 100
115 177
22 178
139 236
162 240
17 35
154 186
92 104
91 97
44 66
7 31
58 210
42 83
4 111
73 104
28 240
173 206
102 105
80 91
172 241
3 128
9 189
43 166
101 110
242 247
0 28
130 238
58 172
164 174
28 135
16 238
18 161
222 225
115 154
66 208
76 171
15 87
32 105
133 160
153 215
232 244
5 112
84 165
8 136
80 124
68 139
9 140
81 214
197 235
118 153
155 194
177 242
61 209
200 221
165 195
177 226
11 231
96 142
130 249
79 104
4 243
246 249
80 105
90 210
78 129
35 95
22 124
129 185
79 232
157 177
235 245
6 104
69 98
68 204
59 229
85 249
100 154
9 82
144 180
162 201
47 75
197 199
69 76
51 135
8 144
37 129
198 213
135 168
118 216
117 227
52 233
69 236
95 102
46 232
14 57
195 211
7 15
139 142
147 168
36 249
2 165
36 68
23 216
186 236
65 240
144 156
48 225
232 245
77 214
42 91
22 237
29 52
44 104
23 125
59 191
46 226
76 114
114 144
137 202
81 229
17 237
167 225
207 212
142 163
24 57
46 233
138 146
103 177
182 200
225 228
56 111
123 187
89 170
57 82
15 41
139 160
104 114
66 180
93 174
60 198
2 44
0 244
23 34
103 216
183 223
84 191
167 239
11 123
6 57
48 171
60 72
176 208
26 138
95 200
83 155
148 187
51 244
40 85
17 143
92 153
179 197
20 28
114 152
32 120
55 209
134 168
115 229
141 162
109 219
92 155
15 92
168 194
87 234
106 206
9 230
49 159
77 206
31 70
81 165
143 191
211 220
129 187
41 42
114 181
125 151
18 121
38 156
50 144
113 132
14 154
143 212
174 193
25 33
76 192
14 20
139 149
34 202
133 190
148 193
8 121
77 211
0 186
88 234
97 246
150 220
113 213
113 156
140 248
33 82
53 176
65 96
150 202
201 245
99 135
188 245
2 220
9 73
104 159
97 100
108 170
1 71
33 216
25 227
11 214
107 242
56 64
57 119
9 58
46 114
52 210
33 41
54 216
10 144
227 241
85 111
13 214
47 156
180 236
72 246
32 247
163 238
147 190
32 100
8 146
71 146
40 51
104 207
6 248
86 218
79 91
105 171
78 145
4 75
64 178
163 173
13 62
2 76
160 211
21 103
101 209
10 92
141 196
0 70
46 140
86 239
7 71
196 216
187 200
103 143
66 231
16 43
79 195
91 148
103 156
112 115
56 204
198 228
104 150
150 198
34 40
111 140
86 143
81 179
72 139
36 120
155 240
15 171
15 100
12 108
118 227
75 175
33 155
123 138
55 71
140 197
132 207
58 100
71 89
33 62
70 161
3 34
49 225
174 177
39 167
35 137
16 212
151 210
118 185
141 173
6 134
65 121
31 118
166 189
51 223
103 236
137 223
50 240
39 164
206 227
114 203
71 241
54 179
68 91
72 200
45 202
15 173
179 181
112 152
68 85
58 138
128 205
109 244
43 188
200 246
44 53
170 232
200 245
41 131
118 241
101 109
30 41
5 40
182 227
70 73
36 131
51 145
94 125
83 178
192 238
74 214
24 72
203 209
125 167
9 11
95 110
120 238
12 242
169 240
96 128
23 27
93 208
57 138
131 197
19 102
7 164
27 75
141 186
140 236
10 148
76 140
124 171
64 216
12 192
12 94
219 224
105 178
31 95
15 227
50 98
22 214
25 49
207 211
45 189
51 109
101 121
28 42
17 96
30 235
43 181
12 42
155 249
39 42
121 197
54 247
76 220
63 245
20 228
19 207
65 168
173 186
20 53
37 80
149 167
169 192
63 99
57 106
63 201
10 145
73 199
7 43
128 172
106 140
192 199
7 227
118 150
193 240
23 203
129 205
49 191
142 249
56 214
27 248
110 144
139 183
195 248
73 78
170 218
31 112
9 168
138 221
11 16
67 128
109 142
22 83
10 21
77 225
75 180
104 142
71 244
17 75
94 153
15 192
223 224
141 229
201 233
29 96
9 217
109 163
185 221
44 231
59 223
91 206
61 151
222 233
58 157
1 91
34 63
118 138
98 110
30 195
151 161
41 220
23 205
182 244
226 242
51 225
34 52
142 203
125 197
27 104
35 119
105 200
5 224
89 115
174 221
75 162
203 234
7 147
10 79
3 103
158 181
54 210
49 215
14 163
174 190
62 118
75 161
12 18
49 203
75 133
45 174
2 159
101 150
18 111
114 239
21 155
199 222
70 214
96 236
7 206
10 20
23 31
39 183
78 172
3 8
11 70
14 23
13 32
94 134
6 101
13 84
135 224
87 146
73 202
209 242
29 105
163 229
18 128
58 96
43 104
61 215
75 217
82 238
210 224
68 177
113 177
82 151
21 100
52 149
95 142
113 226
93 247
139 227
213 235
35 108
11 73
126 163
86 94
123 240
7 19
191 236
23 86
172 212
57 241
104 166
15 136
49 127
13 242
130 215
121 157
47 181
57 168
62 114
52 246
3 237
75 174
194 197
156 162
119 153
36 66
109 202
51 159
146 181
146 172
128 145
53 59
44 74
107 218
40 214
11 28
69 185
13 103
117 234
22 206
88 122
94 232
142 145
73 141
143 165
123 220
125 162
34 207
3 51
92 166
29 69
139 222
75 215
4 51
26 45
7 167
101 216
1 108
99 244
34 94
106 159
72 218
83 104
131 237
47 107
29 79
76 153
143 168
24 80
47 125
51 54
119 145
80 209
114 141
53 152
72 123
76 155
207 228
142 187
73 106
183 216
226 236
57 178
11 225
34 164
132 179
33 140
113 178
99 171
4 79
73 151
128 150
57 208
51 107
145 214
112 125
203 249
98 177
10 211
5 147
125 137
76 159
106 129
27 204
84 101
64 105
1 162
124 210
20 214
26 191
127 234
144 184
7 157
146 162
21 154
151 230
30 32
157 189
212 216
111 148
67 216
65 170
189 231
47 233
9 209
45 238
234 239
146 230
126 241
58 145
61 249
32 228
91 167
155 189
133 152
53 220
75 118
53 58
119 170
17 190
11 27
157 247
18 225
16 215
26 224
108 244
13 219
149 226
51 248
29 153
0 124
177 229
130 131
161 172
148 172
199 247
70 79
146 222
49 86
95 157
57 195
71 193
203 210
84 97
178 203
113 114
96 169
81 96
18 245
70 105
37 94
67 140
35 226
60 218
158 227
103 155
79 136
97 148
32 97
33 235
25 249
47 200
46 95
114 230
41 85
136 184
176 224
10 55
125 152
60 70
77 102
15 91
156 163
40 188
11 175
138 173
123 175
20 185
165 170
63 236
22 103
51 77
198 208
87 100
9 185
12 38
27 87
95 231
21 43
34 156
59 196
146 223
82 183
205 244
82 99
54 120
24 105
53 234
71 232
6 168
120 183
58 122
141 148
43 217
199 210
61 197
96 184
30 131
153 231
137 217
121 149
123 234
45 231
4 228
101 164
100 101
55 67
69 246
171 195
29 232
65 143
24 180
83 95
107 208
60 245
27 210
2 218
13 46
85 152
187 241
66 193
140 223
113 137
34 42
173 184
118 179
48 239
56 84
163 233
144 145
10 24
81 105
94 214
155 188
3 73
131 143
46 244
30 190
67 130
114 248
205 246
52 148
131 141
68 138
27 180
162 234
11 40
90 208
4 245
109 146
27 171
3 217
124 135
4 158
124 202
51 105
3 181
72 103
23 237
122 204
67 202
15 42
25 121
23 140
61 231
153 234
140 221
133 174
14 238
77 195
94 180
81 120
56 80
112 197
55 149
70 179
57 192
43 184
233 245
110 125
112 184
98 118
132 210
37 188
32 180
50 217
113 125
162 232
37 237
19 62
106 209
3 76
8 40
129 137
92 94
12 58
26 130
156 236
115 197
23 147
92 229
49 195
133 218
107 205
169 171
76 232
127 152
87 167
13 69
54 107
161 169
17 187
26 151
25 118
150 223
117 202
166 242
62 147
5 50
73 120
26 196
154 157
173 214
64 80
77 173
101 190
2 116
141 216
189 223
41 90
135 244
109 141
11 50
170 248
127 186
93 218
133 169
56 190
106 235
10 238
89 183
49 201
19 194
42 167
83 209
55 109
70 71
48 121
47 183
119 143
26 213
65 159
107 133
67 220
231 249
34 145
49 89
53 91
108 114
27 70
98 169
218 242
71 176
117 214
147 245
64 177
154 162
172 221
235 238
129 216
25 237
0 138
155 216
177 230
20 109
41 99
59 193
111 130
80 119
119 196
75 225
35 81
59 240
53 225
34 47
43 137
145 161
25 230
50 107
9 172
108 216
25 214
51 177
23 155
8 203
83 244
29 179
165 169
70 89
238 246
39 104
118 125
151 184
86 98
8 107
9 77
67 75
102 118
2 110
10 243
165 237
94 196
111 119
60 115
33 213
104 174
38 107
177 205
37 227
62 88
114 231
69 163
17 100
31 195
130 196
35 76
143 154
39 110
66 72
114 176
30 61
38 169
67 171
148 226
105 141
71 88
1 122
74 242
23 120
0 20
72 157
67 178
163 217
29 229
141 205
93 203
234 236
157 224
51 200
8 157
91 245
72 98
140 218
160 198
20 71
169 249
82 87
69 218
61 210
7 174
15 160
91 241
144 169
42 76
153 235
71 85
51 169
44 157
105 239
56 60
226 227
162 166
83 160
74 135
59 145
81 161
71 174
2 240
146 170
66 73
137 234
137 158
158 168
33 147
23 90
60 103
66 222
19 226
50 52
213 233
34 65
157 170
24 78
168 192
14 79
142 237
175 182
57 237
15 47
160 183
121 180
12 28
84 164
80 150
146 148
36 157
61 66
3 193
185 239
207 233
24 241
10 11
26 48
160 209
31 61
175 241
59 177
90 140
77 90
114 138
204 247
27 187
40 132
169 189
114 194
125 180
57 80
3 218
39 64
132 249
161 240
60 182
51 239
22 189
121 205
58 137
40 217
19 238
81 133
11 182
92 110
92 113
162 233
13 30
122 218
28 174
54 225
76 119
16 75
49 113
159 210
1 228
102 122
184 217
1 107
195 218
93 139
81 107
111 225
121 193
45 233
73 139
123 192
67 139
117 119
77 208
7 179
76 80
39 113
78 161
7 171
89 152
29 127
2 52
138 172
47 245
27 170
95 188
159 162
17 64
188 243
124 138
48 202
56 151
155 226
107 247
33 49
109 205
8 39
53 67
93 179
14 91
2 180
43 210
139 173
91 197
67 148
48 187
200 206
96 203
129 159
105 120
144 186
128 239
57 63
77 184
0 187
7 210
32 230
173 201
99 230
167 240
0 214
108 206
164 204
73 160
117 185
11 72
177 213
147 231
106 232
186 216
44 166
246 248
89 228
182 197
197 248
106 146
61 154
60 166
236 245
32 33
146 218
33 104
73 187
33 180
169 219
66 146
62 179
75 111
110 161
167 181
23 93
9 83
190 218
10 41
216 247
44 142
179 185
72 206
70 148
22 136
168 186
66 245
29 150
61 70
1 139
162 228
163 196
24 136
65 131
147 199
43 165
91 202
163 222
158 222
33 85
4 109
27 71
101 221
56 172
32 48
25 112
210 222
25 234
8 210
107 152
67 208
2 49
76 121
29 65
49 150
10 164
6 236
37 108
59 195
132 194
56 231
82 142
90 192
146 151
65 150
154 200
186 230
15 68
17 131
141 232
70 126
86 178
130 226
176 218
71 227
229 232
166 209
151 224
109 120
9 52
58 186
122 209
76 141
22 42
25 94
164 220
56 179
126 170
94 105
88 103
62 175
106 149
213 215
20 118
58 225
36 176
32 67
75 113
192 207
106 202
149 177
50 85
73 79
36 211
19 64
194 226
83 229
94 192
48 216
89 126
158 162
8 25
185 232
11 158
61 187
118 198
159 236
5 154
75 131
66 247
99 216
11 65
92 191
4 202
63 100
131 185
113 115
121 126
58 226
39 174
25 176
182 185
112 132
35 165
19 231
33 220
198 200
40 231
36 142
94 146
27 99
29 66
2 242
70 192
162 231
88 96
31 108
92 123
38 245
14 128
13 20
70 234
68 213
51 157
183 237
81 223
18 185
98 151
101 247
38 62
130 161
125 154
52 134
72 242
78 147
213 244
146 206
74 166
5 111
7 85
86 192
89 205
56 142
33 86
68 118
125 194
193 246
9 37
116 164
142 222
69 138
180 216
75 245
81 117
18 72
12 22
108 231
45 201
28 92
74 76
188 190
95 111
127 227
169 194
61 202
13 90
130 193
86 205
19 61
75 235
42 88
2 216
168 235
31 77
96 105
18 34
68 231
148 231
150 210
92 162
105 212
105 194
43 150
63 149
164 225
49 206
117 165
61 150
35 194
80 234
49 200
18 219
0 33
117 243
150 209
8 214
113 166
158 169
8 160
172 232
133 135
50 129
1 42
52 138
132 236
122 137
184 243
106 217
76 243
211 245
35 219
184 220
192 223
57 130
114 117
95 191
19 44
72 137
123 182
56 157
10 241
150 219
143 208
21 45
182 240
52 92
26 236
23 61
5 70
37 119
123 162
132 142
122 206
138 214
123 245
108 147
77 174
42 224
48 135
140 156
143 187
19 210
56 191
175 216
189 213
83 145
85 150
80 136
23 33
40 239
117 183
15 77
63 91
100 212
56 150
95 177
151 212
178 220
179 199
118 119
55 162
14 247
2 205
179 228
35 220
84 189
133 148
0 110
158 233
10 78
187 223
81 157
3 10
208 225
120 231
30 97
219 235
1 99
65 134
134 221
12 205
70 103
145 172
65 230
80 178
119 160
3 242
6 27
104 235
83 85
208 215
29 182
52 133
30 117
18 103
75 103
26 116
30 113
197 198
94 131
4 125
0 128
98 129
203 237
172 217
140 175
138 175
58 87
160 178
13 190
56 105
90 170
116 185
60 73
73 222
41 71
55 130
22 126
16 52
42 49
105 191
102 233
192 245
132 235
8 238
41 150
63 225
92 160
31 165
4 73
90 216
75 247
96 201
19 148
68 217
11 43
26 215
21 218
55 97
131 187
97 133
12 163
77 175
44 94
48 100
37 66
34 225
162 176
54 163
224 245
84 102
73 173
23 207
190 228
177 210
176 225
3 190
3 86
103 200
236 237
170 211
21 184
177 239
199 234
4 7
106 195
91 120
8 143
193 206
119 185
33 227
36 224
63 174
140 151
35 214
198 203
148 212
40 68
155 235
99 175
105 204
101 249
192 212
148 159
163 192
138 227
41 229
164 221
44 178
9 133
65 81
129 212
81 104
198 237
89 123
47 188
77 187
0 142
159 232
40 247
101 119
135 182
12 152
57 153
80 138
130 220
51 126
74 235
140 176
78 197
127 223
19 202
59 234
188 199
30 187
43 222
126 191
100 123
18 116
120 188
148 246
92 133
120 162
135 163
133 247
16 211
47 85
136 177
87 208
60 175
1 116
38 203
154 239
109 221
93 119
106 185
19 119
34 149
4 147
67 167
2 15
193 217
54 241
151 166
4 216
33 106
22 207
206 234
90 149
106 243
114 221
82 149
66 221
1 237
70 171
162 180
125 183
180 193
39 213
50 246
88 163
26 72
27 221
14 66
235 236
32 63
181 207
31 145
100 249
18 21
50 69
35 46
215 233
22 240
31 142
119 120
146 157
191 230
25 57
11 46
42 78
75 101
72 112
132 212
2 71
85 243
52 222
39 137
39 131
125 131
32 189
129 232
7 12
141 160
18 183
93 239
101 137
121 166
89 165
102 124
28 82
74 224
184 231
13 225
115 244
60 230
1 201
20 140
231 237
131 184
99 199
73 201
155 204
127 129
222 241
1 87
27 68
14 104
9 35
15 16
10 70
8 30
159 239
135 246
174 229
125 186
52 112
179 208
56 66
38 189
26 149
28 39
156 196
232 235
103 165
107 173
58 184
97 156
123 171
108 237
40 100
29 220
36 100
39 188
176 189
168 215
70 114
55 223
138 198
48 158
166 184
7 76
118 206
40 84
71 79
32 148
111 220
63 163
182 205
123 143
213 249
223 237
38 120
130 213
86 231
64 195
35 57
152 243
75 83
65 75
28 115
29 45
47 232
187 227
22 38
9 42
113 162
77 149
43 87
33 218
185 244
171 211
120 128
98 236
157 245
101 117
148 201
22 179
221 226
133 191
33 236
18 131
120 179
90 153
187 249
62 190
43 161
118 156
153 157
153 171
100 196
24 175
160 174
12 216
86 193
64 143
15 85
69 116
10 22
31 85
74 173
174 246
4 126
42 131
13 213
34 210
61 166
192 234
17 204
37 97
81 154
2 182
57 123
12 154
37 244
80 92
206 211
105 198
189 212
69 223
87 172
29 209
61 233
98 226
159 182
104 216
162 227
26 125
119 233
63 166
127 211
121 160
60 233
154 224
135 248
123 241
6 20
67 83
105 161
17 37
122 173
105 187
201 231
185 213
100 231
164 248
120 211
46 176
32 150
43 148
6 41
63 226
20 74
91 138
61 159
14 65
17 248
96 202
52 147
108 112
24 38
57 154
40 104
40 77
118 147
46 62
95 120
82 85
64 93
231 248
98 107
103 248
52 161
51 58
15 105
18 231
155 172
38 195
115 128
127 235
31 86
33 189
4 123
118 170
216 218
151 176
2 66
29 227
54 182
11 138
8 197
102 243
133 181
149 161
101 236
39 187
17 228
42 204
22 145
10 47
76 198
79 151
57 155
113 145
60 69
154 164
14 187
15 149
0 98
1 137
39 121
213 218
172 244
5 242
15 46
141 245
99 176
40 99
20 244
0 202
36 217
186 187
36 84
38 86
173 180
141 207
53 143
149 165
45 64
16 186
59 210
80 87
32 59
127 155
52 80
156 191
93 149
127 233
17 129
69 155
128 197
166 182
79 194
210 230
118 141
22 198
81 228
106 230
135 237
76 187
55 88
22 70
72 194
122 225
123 174
167 208
111 141
38 121
8 173
12 196
206 241
39 129
199 218
174 237
102 213
26 52
150 157
81 224
94 199
19 55
74 174
66 227
37 117
187 211
52 125
9 184
43 138
209 249
81 172
107 203
76 110
7 50
43 204
101 201
26 223
25 52
165 194
170 233
126 147
35 237
81 180
125 156
84 172
3 155
108 109
185 212
70 220
88 216
174 189
167 249
44 67
113 153
175 209
97 187
73 234
154 174
152 165
163 189
68 88
49 193
29 155
201 235
175 227
3 167
114 186
2 34
8 83
144 147
96 183
6 82
81 108
13 246
112 176
53 185
96 230
102 227
189 238
179 215
96 114
71 81
135 175
115 218
12 183
112 117
46 109
42 123
155 238
38 119
172 215
56 127
66 121
181 213
34 70
210 229
137 241
112 202
36 88
43 244
76 134
162 195
187 210
118 160
64 102
14 232
76 227
146 163
12 27
74 203
6 80
100 217
80 217
3 154
1 168
96 148
61 135
41 95
100 201
164 213
79 156
146 232
57 162
171 230
35 41
150 245
64 115
102 184
6 144
40 164
7 188
113 245
101 154
192 201
8 208
216 217
87 216
144 198
30 128
21 65
65 162
23 32
125 227
216 223
6 234
93 240
103 195
46 88
31 109
169 248
39 67
126 135
33 185
13 123
40 215
35 132
58 203
32 164
5 20
239 245
113 184
54 98
83 208
85 183
226 229
0 115
34 102
50 77
47 118
82 220
0 173
17 243
29 57
0 62
49 239
14 160
8 26
68 211
5 68
48 144
144 231
15 84
30 65
13 78
35 233
12 138
65 155
7 136
37 230
140 246
124 154
74 148
69 85
80 81
61 219
226 234
108 247
11 151
51 96
75 105
158 230
22 147
2 89
36 85
42 142
62 143
117 249
64 197
33 81
8 57
6 119
17 20
119 204
207 215
107 134
117 172
195 216
55 116
5 197
192 243
47 55
85 164
54 149
135 213
182 222
44 153
80 164
173 199
220 233
16 77
117 189
46 84
163 236
168 234
125 215
39 62
196 232
183 245
19 80
99 148
174 244
150 214
157 167
24 143
189 208
194 210
102 202
122 229
105 186
78 190
19 172
83 126
59 219
78 239
79 241
88 235
3 91
12 51
8 194
99 134
12 88
153 241
89 211
151 198
19 218
145 175
51 144
57 231
48 235
60 176
136 165
195 220
119 207
22 58
50 121
111 249
124 233
49 69
46 185
133 203
14 86
59 222
31 76
11 61
55 245
0 229
98 215
59 126
212 222
99 185
211 224
132 168
2 23
84 205
71 216
142 205
6 145
16 200
1 97
53 69
47 214
19 47
56 239
121 200
124 225
208 223
181 232
104 231
177 231
233 248
25 154
53 118
44 146
199 203
7 178
52 76
151 233
16 112
93 134
120 185
32 171
152 233
188 237
135 141
3 213
110 194
149 246
35 63
93 122
145 198
128 247
99 211
85 144
116 157
20 78
0 3
62 230
87 218
0 222
65 211
8 77
27 226
106 192
114 228
28 134
137 229
96 133
3 65
101 187
102 183
43 163
16 130
118 233
47 102
31 183
55 211
7 13
121 153
41 241
121 232
175 221
17 206
58 126
57 59
12 100
28 75
160 230
184 248
59 181
114 215
74 142
127 148
48 220
30 189
193 216
2 146
208 238
163 216
118 220
128 130
55 70
10 152
8 67
127 188
42 153
36 93
73 80
128 184
43 225
89 158
32 235
148 221
89 100
221 228
72 143
135 184
46 203
45 234
182 189
25 240
70 225
12 98
50 244
89 208
31 83
68 221
44 165
16 216
39 235
96 159
183 232
94 229
37 241
65 219
157 180
7 244
195 227
19 27
109 189
22 88
161 242
90 158
57 158
42 174
122 198
131 202
148 206
212 243
27 241
64 171
161 185
14 30
50 106
45 144
11 84
3 169
9 245
13 52
196 217
0 162
0 60
214 241
28 190
14 227
41 45
147 241
197 237
44 208
71 213
63 66
74 77
94 220
61 130
19 160
20 101
65 72
11 114
128 195
91 237
173 185
134 222
31 172
180 244
95 244
162 171
24 235
15 243
4 76
23 225
76 88
13 145
157 243
127 189
137 219
134 178
64 193
40 172
11 187
63 138
28 131
6 208
51 95
137 197
130 210
87 206
69 195
97 158
5 164
55 93
55 117
168 197
10 54
56 78
39 190
106 197
10 100
144 237
59 104
43 117
136 202
116 169
160 248
156 209
67 77
103 235
216 233
62 144
35 156
20 205
30 135
99 224
55 191
58 92
99 233
51 222
119 141
19 220
81 153
158 229
58 243
157 204
89 178
77 159
60 111
51 104
166 245
15 162
228 237
98 168
40 230
134 170
46 121
131 206
14 25
124 175
32 170
10 129
140 210
122 189
1 240
168 226
236 241
35 66
56 228
164 208
84 96
194 217
151 232
74 165
35 86
106 164
168 198
54 239
41 158
119 229
67 76
110 213
134 190
19 150
149 217
87 93
36 69
134 244
12 179
66 209
167 200
0 230
86 137
229 239
45 70
98 223
209 240
38 124
149 160
126 150
65 127
96 164
135 192
150 166
56 211
108 233
65 129
67 108
54 199
46 201
122 246
26 112
57 65
59 88
66 225
204 209
132 157
119 220
202 223
8 35
120 184
38 77
84 92
1 44
70 229
36 215
53 237
95 212
119 157
1 19
166 239
118 222
64 110
101 127
118 120
25 203
154 213
109 185
16 155
155 167
25 102
145 231
9 102
28 248
73 194
15 109
73 228
99 136
99 181
11 60
233 242
8 9
6 206
106 194
138 234
179 232
108 210
33 128
86 116
119 132
67 238
127 190
27 249
116 232
19 227
93 215
69 99
115 171
4 237
3 240
52 202
48 70
21 115
58 211
159 242
109 243
187 189
108 177
38 98
76 96
182 208
50 186
37 138
0 102
70 187
50 118
109 174
19 233
77 135
30 226
24 37
65 216
37 103
167 215
147 238
175 184
27 228
48 185
66 87
18 176
103 113
47 249
78 180
69 77
116 204
19 248
36 83
0 224
1 26
1 125
116 152
31 74
97 244
12 162
25 125
115 173
1 55
57 217
76 107
50 103
107 207
84 179
45 208
88 97
119 242
172 236
68 186
194 249
63 216
190 219
72 114
97 183
19 129
0 205
104 228
85 107
36 163
21 223
82 109
70 74
228 242
47 162
161 178
93 242
164 230
34 196
131 236
129 217
3 231
172 231
29 187
100 169
168 190
0 175
152 246
130 176
