150 1000
107
80
28
105
100
30
106
116
110
82
43
114
68
45
44
20
56
44
33
21
82
44
101
39
74
54
44
30
98
103
67
38
116
76
75
96
38
61
93
81
23
68
27
23
93
51
24
81
27
89
82
89
113
115
61
20
50
37
30
80
21
29
50
117
37
105
93
108
99
118
69
102
67
76
106
92
59
62
54
66
83
68
87
29
64
80
29
46
98
91
58
51
100
89
48
118
26
73
106
105
72
107
40
71
63
78
43
54
72
77
52
35
26
119
44
22
32
105
48
110
76
86
41
109
107
21
107
66
26
93
51
78
80
23
81
75
81
105
61
85
62
93
101
20
44
77
74
56
115
54
33 39
99 127
29 40
15 98
17 134
83 108
40 146
19 83
6 21
79 99
95 146
79 128
7 24
16 80
60 134
2 76
17 77
98 129
117 144
98 101
56 64
87 104
52 106
37 126
14 38
55 63
33 133
43 142
72 109
59 71
108 135
27 73
52 62
27 82
99 125
13 85
31 74
19 136
56 82
97 112
17 147
62 130
54 102
23 113
28 82
34 136
108 119
13 84
40 62
16 63
67 101
98 128
78 147
10 136
98 106
9 103
17 71
21 135
61 125
3 134
45 71
15 41
81 106
99 143
17 48
109 115
20 87
98 116
85 102
11 93
20 51
46 120
31 92
119 142
28 92
25 138
66 99
30 55
23 56
71 76
35 73
89 93
24 55
94 109
7 105
104 110
0 27
81 119
84 125
78 141
3 16
5 118
23 134
59 87
13 79
2 33
100 122
125 148
27 144
91 99
47 126
128 143
77 148
5 41
8 58
26 109
65 93
3 50
55 129
68 88
34 71
60 84
87 98
78 84
23 79
70 77
107 123
100 105
102 105
10 48
7 16
37 81
3 87
58 136
107 118
54 146
28 56
126 138
45 118
68 112
92 99
41 57
65 141
17 64
113 149
15 80
117 120
123 148
37 54
74 129
19 135
30 102
64 138
1 87
58 94
25 46
111 137
95 136
25 74
44 53
52 142
70 98
89 101
22 135
1 31
59 68
11 73
1 113
2 127
36 102
148 149
113 135
58 110
34 122
77 83
127 130
50 129
75 120
54 98
7 137
1 66
55 126
56 129
89 107
42 110
45 108
8 41
53 146
67 118
52 87
45 119
30 77
72 105
99 126
105 107
9 15
70 75
55 135
29 127
41 64
19 109
0 112
117 146
15 86
4 16
41 113
71 123
92 97
78 94
73 86
51 140
28 147
34 61
83 142
11 147
30 33
8 33
28 44
59 81
16 149
57 63
15 89
9 30
11 36
12 103
4 97
33 115
18 30
42 107
68 141
76 124
19 76
60 104
121 130
96 111
28 126
35 111
123 136
89 122
37 121
92 146
81 117
109 147
1 119
69 91
12 66
88 146
2 137
50 117
12 123
54 63
0 40
67 78
26 39
70 115
10 118
57 127
49 69
26 50
38 118
22 50
70 86
40 73
72 143
40 98
5 6
54 97
6 121
26 32
10 148
72 148
107 116
26 127
19 116
41 147
68 83
109 111
6 86
99 102
9 34
88 105
8 13
34 111
23 46
84 96
50 95
98 105
34 117
39 75
0 73
80 121
65 132
30 136
14 116
21 145
3 106
34 67
90 132
24 90
78 87
86 127
87 146
12 120
22 35
18 137
46 143
14 125
13 96
79 111
8 62
18 100
64 134
4 137
19 129
80 97
109 118
55 85
55 106
43 119
107 130
113 123
55 127
1 68
37 147
23 149
87 107
35 94
54 143
73 125
41 54
85 139
93 96
66 97
38 77
54 75
32 50
83 103
59 100
118 149
43 96
50 54
32 85
25 148
124 140
44 52
39 67
14 33
34 130
73 132
57 109
10 127
60 141
113 143
119 133
44 118
26 94
22 58
29 72
38 98
16 115
129 149
14 82
31 64
87 89
75 116
16 78
100 111
5 52
68 78
99 142
30 39
24 116
65 102
67 114
81 94
13 66
0 10
97 129
106 141
115 142
74 95
35 60
45 112
15 40
41 59
123 132
58 78
75 143
71 126
41 111
81 111
72 80
28 102
97 146
42 102
57 137
19 88
5 79
22 112
45 145
55 123
38 130
18 66
51 129
34 107
81 143
114 147
61 109
46 113
5 103
2 93
24 133
1 39
35 52
13 142
25 103
24 95
19 127
28 75
11 120
109 125
19 120
65 88
94 135
70 137
90 120
27 88
25 58
79 123
7 18
42 76
102 147
20 79
36 101
59 121
49 58
88 95
61 143
82 83
58 104
23 48
131 134
73 113
9 91
22 86
26 36
8 63
41 109
1 2
60 132
52 123
45 57
34 140
30 92
106 146
30 140
90 115
67 109
87 145
73 93
5 101
46 136
113 137
49 95
3 99
7 120
4 100
49 131
45 148
40 87
79 127
6 120
28 115
18 89
33 110
17 143
36 129
63 149
14 18
20 147
17 117
79 118
122 128
1 22
75 88
53 63
17 69
75 97
15 34
17 46
10 100
63 136
28 139
38 60
43 87
80 112
61 106
80 130
39 81
66 71
88 121
99 135
71 88
16 105
116 117
82 116
4 7
94 110
55 67
31 49
18 40
98 110
23 82
3 120
89 143
126 144
82 92
99 108
89 118
33 50
63 127
32 118
61 134
101 136
137 146
48 121
121 145
18 26
11 136
15 20
4 6
16 114
83 146
51 143
26 35
0 16
55 101
116 119
7 85
67 81
46 91
31 69
101 138
96 124
15 18
21 41
58 75
37 71
43 82
24 78
41 108
14 79
100 142
32 129
9 100
60 108
92 93
27 81
25 43
107 110
44 149
21 131
57 71
2 92
3 116
59 61
28 103
60 63
73 82
45 62
5 83
110 137
82 86
44 136
76 95
5 54
97 147
1 56
38 115
15 25
2 95
30 65
57 113
40 120
8 123
27 47
16 136
31 122
60 74
57 106
53 111
50 111
69 110
103 127
20 107
54 109
85 115
23 77
48 117
45 56
72 91
5 77
36 88
50 101
13 109
9 66
120 122
18 82
91 122
49 111
16 44
60 62
101 137
51 85
32 105
9 98
6 14
77 95
50 80
47 63
39 57
11 129
50 79
22 106
118 122
32 122
30 125
17 72
26 79
35 49
27 56
6 49
53 100
2 86
27 65
97 111
38 41
85 147
71 114
93 138
39 118
70 72
93 144
87 120
39 73
2 57
95 107
8 50
52 76
14 121
23 61
48 71
91 142
33 111
5 105
28 144
3 127
33 35
6 30
44 66
55 132
35 63
86 131
57 101
58 148
77 98
31 71
90 142
6 102
11 25
105 110
5 87
11 91
24 69
23 120
6 135
25 100
59 93
37 44
87 116
43 102
16 35
27 28
22 32
85 104
112 142
132 143
6 94
9 29
67 79
54 82
10 113
54 119
56 131
58 77
93 143
21 93
18 22
54 127
5 98
141 148
134 139
46 110
70 91
113 124
23 26
140 142
100 139
48 94
44 134
7 115
62 71
36 119
20 27
2 118
4 95
43 55
102 113
66 146
20 140
92 130
64 74
3 15
52 115
100 109
74 148
9 60
45 48
68 81
49 124
69 122
68 106
58 124
22 83
26 73
20 94
9 105
95 109
24 60
63 133
61 62
71 109
7 23
104 116
127 142
2 56
12 61
70 87
55 70
12 149
106 129
114 115
139 147
77 112
24 139
23 36
61 98
43 79
73 105
11 72
35 75
47 75
25 47
37 102
46 133
66 143
22 109
19 30
0 107
77 132
57 149
60 113
6 58
13 41
15 131
76 108
1 51
57 128
15 95
45 60
63 67
71 93
124 139
103 121
51 102
28 66
64 86
105 124
8 99
25 121
74 116
52 127
86 119
33 124
29 37
32 101
75 90
37 113
28 41
94 141
105 130
113 120
128 131
59 84
60 147
73 137
16 112
61 81
42 94
12 131
15 97
66 89
90 103
20 52
96 145
2 16
128 137
17 101
11 58
41 123
102 126
19 106
99 119
46 52
118 134
38 127
90 124
21 49
36 66
23 66
41 53
26 122
96 142
4 39
56 80
29 33
38 85
34 104
6 7
43 132
20 125
72 99
111 122
49 120
45 90
45 116
44 86
17 131
56 140
39 66
124 132
86 104
92 140
57 119
11 31
24 120
55 142
73 145
38 91
26 40
58 135
7 28
11 111
65 81
97 141
79 91
38 132
45 61
83 121
27 121
76 96
16 22
42 75
23 102
91 103
132 146
9 49
130 143
75 142
56 122
6 84
47 146
103 117
74 130
108 144
20 69
17 34
36 109
41 119
17 50
24 99
27 69
4 132
62 104
48 60
12 108
115 147
29 75
39 122
59 138
41 112
20 75
31 56
52 86
97 136
23 70
97 138
22 145
3 57
7 40
4 73
5 148
33 96
73 120
5 63
36 77
40 67
35 126
35 120
15 92
55 58
53 91
77 94
12 105
132 145
32 63
55 148
55 136
20 74
61 133
70 142
14 89
104 105
14 106
9 47
34 43
93 102
7 88
135 136
70 140
40 48
86 125
96 146
11 131
55 109
48 51
7 69
55 77
64 73
53 69
30 146
38 73
59 137
23 29
31 123
7 70
16 111
55 122
49 66
27 100
114 148
9 19
75 82
20 109
139 145
126 147
72 106
6 138
76 97
47 59
102 144
43 83
13 18
34 45
11 55
87 106
39 92
90 118
8 127
51 115
102 109
101 103
0 87
62 81
4 48
26 74
61 71
72 108
28 116
9 68
2 110
45 88
15 68
73 98
102 138
32 143
53 119
18 45
49 102
66 128
25 127
49 130
2 111
48 113
113 136
8 128
30 107
53 55
94 103
7 37
