100 1000
90
52
79
49
25
102
64
105
65
113
82
66
58
59
65
40
37
104
43
32
36
57
41
92
24
113
114
79
84
64
25
55
48
36
36
106
118
80
91
116
25
53
62
63
44
59
36
61
44
111
74
60
100
47
85
56
92
79
116
57
75
21
44
104
89
60
90
88
20
113
84
25
99
78
20
23
69
88
65
93
79
71
34
60
98
99
96
22
110
92
111
66
45
35
50
115
27
72
35
27
3 83
47 63
46 56
2 54
78 85
31 35
28 31
1 77
43 84
26 48
81 82
52 54
9 31
6 46
12 33
15 71
69 70
25 31
68 85
27 46
14 22
6 29
42 58
26 59
2 59
5 36
40 59
49 88
43 94
47 55
70 80
23 49
40 54
26 60
5 91
13 58
20 88
14 71
30 98
0 41
46 89
30 89
57 77
0 31
24 31
4 8
1 31
5 94
31 37
54 80
13 36
8 45
17 53
23 51
16 47
4 37
62 93
19 71
2 22
24 46
32 33
2 87
15 59
4 81
35 90
79 84
0 81
5 87
62 98
46 57
13 78
35 92
6 64
8 80
79 88
72 94
39 81
35 95
49 79
2 14
54 60
7 11
9 16
29 95
44 87
3 68
10 91
4 47
15 80
37 54
51 73
9 49
1 80
55 75
29 93
4 62
31 46
13 93
9 60
0 32
11 36
68 73
27 67
30 95
47 67
49 73
19 51
72 82
57 83
27 76
39 41
32 37
72 97
30 85
14 58
69 85
5 50
30 43
24 25
25 71
26 92
44 63
29 78
13 35
14 88
41 79
26 56
16 80
23 98
17 82
12 54
3 63
59 98
83 93
23 70
7 68
3 96
26 31
19 34
22 91
1 41
58 69
34 74
67 91
16 31
19 46
57 94
39 70
41 93
0 9
58 61
3 93
36 89
27 64
11 97
59 64
70 91
33 65
4 52
20 56
2 84
30 91
60 61
22 53
7 31
5 68
41 60
13 77
50 77
4 13
16 27
18 78
63 86
16 43
52 62
5 98
58 82
4 19
26 63
68 88
81 94
28 60
11 30
15 37
16 44
22 83
21 86
21 37
5 11
25 65
57 63
31 92
50 73
48 88
76 88
8 22
70 88
19 72
48 63
84 88
37 75
5 74
48 69
13 32
41 94
28 77
33 53
27 34
55 93
1 22
30 44
12 42
61 77
78 84
25 76
14 65
0 19
48 91
23 40
14 87
65 94
50 64
0 44
84 93
59 99
47 81
55 89
85 94
2 30
15 30
29 55
55 95
0 86
41 56
10 22
27 28
16 77
40 62
9 73
21 80
50 67
52 65
80 98
53 82
29 61
61 62
15 69
25 55
35 91
52 59
79 82
20 76
90 96
60 69
33 51
1 19
5 99
39 51
17 68
27 83
34 86
13 69
0 89
17 95
20 43
32 59
10 64
11 66
67 85
18 68
7 36
27 92
10 28
14 30
60 71
35 37
1 36
70 84
29 41
39 44
7 10
2 26
47 70
44 84
18 29
56 85
10 66
41 66
32 90
53 68
54 79
4 15
24 64
53 95
5 40
44 64
2 46
50 90
16 86
45 86
5 23
1 15
19 89
42 61
40 67
8 98
62 91
20 95
40 84
86 98
0 27
13 54
86 99
9 18
52 86
51 72
25 94
33 56
26 67
23 65
34 67
27 89
15 47
8 37
84 87
11 46
1 87
73 76
47 52
34 57
33 85
29 79
10 14
29 35
11 92
78 94
30 74
20 45
21 57
5 57
44 52
68 83
53 97
8 57
42 44
14 29
28 95
8 90
62 96
20 54
7 14
85 89
62 86
14 92
10 19
40 44
49 93
1 89
6 85
21 43
14 23
22 68
70 86
29 37
22 52
18 93
5 79
7 93
78 97
18 48
42 59
1 48
21 44
20 58
33 90
72 86
3 72
9 33
24 83
3 17
60 62
7 24
3 57
2 62
62 73
44 85
45 63
29 60
18 40
32 60
18 25
28 33
42 90
13 14
69 78
0 39
14 15
41 89
38 77
74 92
55 83
4 53
36 95
14 20
54 99
1 44
66 93
11 71
35 47
12 65
7 64
56 75
16 55
35 42
0 70
4 97
45 76
41 90
18 89
82 92
37 55
24 54
2 18
41 61
82 97
36 60
4 95
68 82
46 68
5 44
72 81
65 89
58 71
12 13
5 29
46 66
52 60
14 90
22 32
27 56
16 81
69 76
20 37
11 67
16 57
63 81
47 68
32 91
17 78
29 57
0 83
5 43
22 84
62 65
31 38
11 94
5 20
77 78
21 41
10 18
9 97
38 59
38 51
0 60
35 67
41 96
55 85
62 75
56 86
58 86
13 64
34 87
57 97
4 54
7 42
14 28
17 64
16 67
34 77
52 90
45 97
38 56
69 96
60 83
55 70
39 76
53 90
59 87
37 86
21 38
70 79
35 65
4 35
18 66
25 74
21 62
74 96
3 56
44 88
21 63
68 80
38 75
24 87
8 64
14 43
31 49
60 87
36 78
53 61
5 15
34 53
30 71
10 11
10 30
2 97
6 66
61 89
21 28
52 57
70 82
49 57
46 91
42 76
39 93
20 34
16 49
22 99
22 88
49 98
15 23
24 26
27 60
46 84
10 50
53 98
48 68
62 81
15 48
1 65
38 64
64 73
32 66
71 99
41 97
68 75
21 58
4 20
2 23
13 22
48 85
46 63
33 47
50 80
23 96
40 88
69 73
6 40
24 99
0 90
0 67
23 73
20 49
25 97
20 47
20 62
8 84
36 70
8 16
20 31
13 60
34 71
29 85
10 75
65 80
62 99
22 37
84 99
57 86
1 47
29 83
9 65
53 69
25 82
24 86
71 81
6 8
33 86
25 95
42 86
8 83
19 31
8 18
7 76
6 19
42 80
3 73
4 59
38 79
83 85
16 46
62 66
66 98
30 68
89 95
53 87
19 84
76 80
21 34
5 24
65 90
4 28
27 68
51 65
27 84
31 69
32 50
35 97
22 74
2 58
30 46
67 90
16 95
7 44
12 48
12 87
14 89
7 33
17 34
6 84
17 51
0 94
68 91
49 54
66 84
34 39
1 34
60 78
47 78
11 47
14 19
26 44
14 83
61 70
15 97
23 66
43 72
8 10
49 96
36 61
21 26
21 98
23 87
50 95
9 70
63 93
24 60
22 42
79 97
12 88
36 40
2 99
6 98
75 79
0 80
56 74
39 69
10 58
30 73
6 55
29 33
48 64
12 26
18 53
0 4
4 71
2 93
34 48
34 94
36 74
36 45
19 43
5 51
50 69
63 74
15 68
78 89
12 83
14 61
28 61
0 96
35 41
6 61
49 76
52 96
3 92
1 16
7 70
22 66
34 45
50 76
58 89
17 50
4 26
17 21
50 84
66 88
10 46
44 47
26 51
69 92
66 73
11 78
42 54
13 52
39 45
47 74
3 37
10 52
60 86
58 77
21 48
57 74
27 72
18 97
45 96
39 61
51 74
46 92
4 83
9 81
26 91
4 49
64 78
12 62
72 99
23 38
56 99
73 96
36 56
60 80
2 17
63 94
20 72
19 85
74 75
12 92
9 86
51 97
77 97
28 92
1 43
16 19
89 90
39 65
4 63
16 73
65 79
12 80
82 89
38 97
67 96
59 90
26 75
28 51
68 99
63 68
22 24
17 49
66 71
48 60
12 63
30 61
7 18
30 55
33 97
57 58
43 86
5 82
4 74
32 94
22 98
17 83
82 99
84 98
11 33
3 14
19 21
33 68
6 91
29 40
49 70
69 74
1 24
20 46
51 81
72 80
57 87
2 91
75 98
82 83
62 89
31 70
23 54
57 76
26 73
23 80
32 43
35 89
22 57
0 98
10 76
52 63
34 49
60 65
28 41
7 45
63 87
6 20
71 85
58 83
24 32
9 93
8 87
13 47
6 47
18 49
20 64
5 84
1 27
8 71
34 73
45 47
70 93
31 76
9 28
21 60
14 86
21 25
22 34
21 33
94 98
34 55
62 95
55 79
13 87
32 54
6 24
15 35
4 77
56 64
22 63
38 88
44 72
12 24
8 74
15 27
22 94
34 61
8 88
66 94
61 64
61 90
53 84
79 93
29 92
24 65
38 80
51 60
75 85
35 74
25 68
55 81
9 24
16 93
52 77
23 68
31 67
81 87
16 41
6 49
21 52
19 48
89 93
13 85
46 55
64 92
60 70
12 29
48 56
81 99
65 82
39 58
22 71
8 44
52 81
12 21
3 27
16 28
45 59
17 98
32 84
95 96
3 55
37 92
4 7
71 89
25 93
48 80
72 73
55 84
12 81
41 71
10 94
12 18
60 81
18 27
8 59
50 85
51 52
24 66
31 58
14 54
13 27
17 32
70 87
48 96
52 56
29 72
47 60
20 51
54 58
10 57
81 86
25 69
75 91
15 42
2 8
34 84
72 78
30 78
38 76
1 7
6 50
52 70
26 27
45 64
80 85
24 36
31 60
30 99
28 48
33 66
30 40
20 40
9 55
25 75
0 55
11 89
31 71
22 72
50 86
49 84
17 84
77 85
44 58
10 56
92 96
84 92
1 68
39 43
79 92
51 90
33 82
5 13
20 55
7 56
34 41
36 47
39 49
17 20
60 93
61 72
12 52
14 85
46 79
42 51
14 31
6 21
63 70
63 80
24 49
0 93
47 77
26 82
32 95
8 62
56 66
70 72
3 19
45 49
