200 250
118
100
102
73
81
49
81
82
35
89
75
45
111
55
72
79
99
102
96
40
116
110
80
89
71
53
21
21
21
39
25
119
71
59
24
33
88
37
47
103
106
54
81
49
89
33
109
20
115
37
40
63
79
52
84
30
86
86
31
87
105
88
38
56
27
42
21
47
112
48
30
50
34
91
80
55
57
21
56
104
90
28
100
49
61
64
59
27
30
22
46
67
90
64
104
49
38
105
76
30
86
86
61
52
110
73
88
99
74
24
35
44
84
115
73
25
60
64
84
22
66
110
70
36
106
106
65
25
43
21
35
109
39
28
42
81
81
62
60
87
118
28
111
82
23
116
40
115
60
104
118
106
47
20
74
33
106
119
38
29
72
106
71
92
114
45
53
76
87
46
43
85
54
87
47
109
35
67
57
28
104
107
66
31
107
21
96
93
72
67
54
77
53
105
49
99
30
34
55
49
103 183
147 163
146 156
102 154
78 85
31 135
31 128
77 101
43 184
26 48
81 82
52 54
109 131
46 106
12 133
71 115
69 170
25 31
68 185
127 146
14 22
6 129
142 158
59 126
2 59
36 105
140 159
49 88
43 194
47 55
70 80
123 149
40 154
60 126
5 91
113 158
20 88
71 114
130 198
0 41
146 189
130 189
57 77
100 131
24 131
104 108
1 31
5 194
131 137
54 180
13 136
45 108
53 117
23 51
16 47
4 37
162 193
119 171
2 22
24 46
132 133
87 102
59 115
4 81
135 190
79 184
100 181
105 187
98 162
146 157
113 178
92 135
6 106
64 80
8 88
79 94
172 181
39 181
62 193
135 195
149 179
2 14
154 160
11 107
16 116
95 109
44 129
2 187
3 68
10 91
104 147
15 80
37 54
51 73
9 49
1 180
155 175
93 129
62 104
31 46
13 93
9 160
32 100
11 36
168 173
67 127
30 95
67 147
149 173
119 151
72 182
83 157
27 176
39 41
32 37
72 197
130 185
114 158
85 169
5 150
30 143
24 125
125 171
26 192
63 144
78 129
13 135
114 188
141 179
126 156
16 180
98 123
82 117
12 154
3 163
98 159
183 193
23 70
107 168
3 96
26 31
34 119
22 191
33 132
1 141
58 169
74 134
67 191
16 31
19 146
57 194
70 139
41 93
9 100
58 61
93 103
36 89
27 164
111 197
64 159
91 170
33 165
52 104
120 156
84 102
30 91
160 161
122 153
7 131
5 68
60 141
113 177
77 150
4 13
27 116
78 118
63 86
35 190
116 143
62 152
105 198
158 182
19 104
26 63
68 188
81 94
128 160
11 30
15 37
16 44
83 122
86 121
121 137
5 111
65 125
63 157
31 92
50 173
148 188
76 88
8 122
88 170
82 181
72 119
148 163
88 184
37 175
105 174
48 169
113 132
41 94
77 128
53 133
34 127
155 193
1 122
30 44
42 112
161 177
78 184
25 76
14 65
0 119
48 191
40 123
87 114
165 194
50 164
0 44
84 193
159 199
147 181
155 189
85 94
30 102
115 130
55 129
55 195
0 186
41 56
110 122
27 128
44 116
77 116
88 114
40 62
9 73
21 180
67 150
52 65
