150 150
62
72
40
118
59
71
42
55
51
21
79
38
43
81
71
33
97
22
22
56
118
69
83
55
30
78
42
54
103
47
50
97
99
70
95
90
74
118
77
57
71
36
75
46
49
26
59
27
80
62
115
78
111
78
66
73
37
88
107
72
115
89
50
47
92
25
69
46
75
27
35
79
95
90
105
25
49
97
84
61
39
79
20
82
37
66
35
106
86
74
111
33
43
41
112
67
98
114
93
106
21
60
117
48
31
54
53
112
31
117
53
50
28
53
64
98
51
79
36
69
33
27
35
109
100
79
56
31
73
82
117
74
74
66
103
85
100
88
77
112
38
111
94
46
96
39
24
80
50
41
33 39
99 127
29 40
15 98
17 134
83 108
40 146
19 83
6 21
79 99
95 146
79 128
7 24
16 80
60 134
2 76
17 77
98 129
117 144
98 101
56 64
87 104
52 106
37 126
14 38
55 63
33 133
43 142
72 109
59 71
108 135
27 73
52 62
27 82
99 125
13 85
31 74
19 136
56 82
97 112
17 147
62 130
54 102
23 113
28 82
34 136
108 119
13 84
40 62
16 63
67 101
98 128
78 147
10 136
98 106
9 103
17 71
21 135
61 125
3 134
45 71
15 41
81 106
99 143
17 48
109 115
20 87
98 116
85 102
11 93
20 51
46 120
31 92
119 142
28 92
25 138
66 99
30 55
23 56
71 76
35 73
89 93
24 55
94 109
7 105
104 110
0 27
81 119
84 125
78 141
3 16
5 118
23 134
59 87
13 79
2 33
100 122
125 148
27 144
91 99
47 126
128 143
77 148
5 41
8 58
26 109
65 93
3 50
55 129
68 88
34 71
60 84
87 98
78 84
23 79
70 77
107 123
100 105
102 105
10 48
7 16
37 81
3 87
58 136
107 118
54 146
28 56
126 138
45 118
68 112
92 99
41 57
65 141
17 64
113 149
15 80
117 120
123 148
37 54
74 129
19 135
30 102
64 138
1 87
58 94
25 46
111 137
95 136
25 74
44 53
