150 500
105
104
60
40
52
69
41
55
55
38
85
36
22
69
68
118
58
68
107
105
80
67
42
98
102
42
106
65
34
111
112
119
95
52
91
79
102
113
67
89
31
32
105
85
82
105
84
72
53
23
57
113
70
32
91
52
54
29
49
68
20
93
20
48
26
91
107
60
84
54
29
47
119
66
113
81
51
77
85
36
80
74
29
82
86
52
67
72
62
48
73
114
22
25
42
28
96
82
68
113
68
29
40
67
27
33
28
110
42
45
26
102
100
35
65
118
119
64
23
113
92
28
108
94
33
82
102
109
44
102
54
93
63
75
92
70
88
53
60
63
78
66
97
110
33
42
61
85
38
116
23 55
130 141
64 138
50 102
73 147
4 117
37 83
18 68
6 68
21 86
18 32
10 125
21 62
26 37
41 122
64 133
15 114
3 31
66 133
41 53
2 57
39 78
49 141
109 111
107 130
41 47
51 109
16 124
22 54
1 63
78 134
29 146
0 60
51 66
43 104
98 107
12 88
55 137
39 97
16 146
115 129
82 90
75 106
57 149
62 110
43 114
143 146
91 147
54 142
115 149
97 125
97 109
115 137
4 66
82 136
17 52
47 142
100 122
1 59
115 121
19 137
8 15
1 131
64 87
30 144
86 143
57 86
4 22
70 73
78 111
2 130
101 128
123 130
74 124
58 141
52 137
118 126
40 53
55 99
43 122
29 92
96 129
103 104
16 31
65 70
12 96
22 37
76 148
63 116
54 147
76 134
52 106
4 10
59 93
65 109
5 104
134 147
50 100
89 119
56 132
46 91
2 15
79 83
48 65
63 97
23 102
99 111
76 104
23 71
34 65
38 70
35 138
55 91
46 136
20 112
4 53
7 118
51 121
36 86
1 85
1 5
101 108
86 116
107 139
22 59
76 98
64 145
35 102
57 73
19 148
2 93
61 125
61 96
14 49
34 67
36 134
73 145
39 137
81 146
81 141
7 18
13 141
26 123
31 115
15 100
95 102
70 129
33 59
125 127
12 83
43 67
100 116
87 114
46 57
83 138
3 89
47 132
21 69
8 86
10 104
4 108
74 106
15 88
9 65
92 140
85 129
62 79
26 51
68 109
53 72
63 149
47 57
28 45
106 120
74 114
116 118
32 124
94 120
104 139
32 88
67 98
10 117
71 147
37 65
11 30
21 81
78 127
74 128
8 98
30 122
22 49
107 143
23 139
65 129
67 145
94 97
116 135
6 34
37 43
1 119
22 107
51 84
2 81
8 10
30 91
35 104
80 140
13 61
41 69
78 117
10 77
47 113
96 119
35 81
65 135
22 57
59 108
8 114
68 91
121 124
9 61
51 128
39 141
113 117
97 132
132 143
25 95
23 40
24 64
58 129
61 115
53 120
67 136
13 32
41 90
68 74
118 145
10 112
44 133
59 115
37 136
60 130
9 124
56 120
6 117
59 85
113 139
23 126
55 82
22 139
96 115
83 143
3 105
99 118
15 83
53 137
19 143
20 63
33 75
26 94
20 85
133 135
108 111
13 65
2 140
12 20
5 35
90 103
13 124
39 80
57 78
51 133
97 98
71 74
131 149
54 70
56 84
89 95
5 17
10 72
47 74
82 92
80 97
22 145
61 71
75 129
110 140
82 139
55 59
92 116
36 54
40 146
86 92
12 37
48 143
84 92
78 122
24 104
77 98
99 149
61 76
30 103
14 37
93 96
69 111
25 90
87 147
65 90
75 103
4 68
53 88
10 25
68 86
32 145
33 34
46 147
110 128
49 101
96 142
113 145
57 85
54 138
46 149
50 111
14 119
40 129
91 108
25 117
6 53
59 104
51 71
2 83
120 127
0 17
57 91
4 131
13 79
60 139
100 110
53 68
10 131
63 99
69 87
2 146
24 53
9 119
89 107
107 136
106 129
66 111
13 80
2 40
72 140
2 5
22 73
4 55
21 135
73 103
7 90
16 121
61 91
70 77
82 116
28 39
94 95
52 108
76 144
13 66
18 66
89 121
78 143
31 93
98 99
6 92
105 127
10 68
88 120
105 139
54 69
51 144
65 98
62 142
75 92
60 110
81 145
40 149
62 144
11 71
77 92
5 100
16 107
18 129
6 7
84 112
128 130
44 65
72 88
48 104
1 133
32 132
42 94
15 127
7 121
65 93
71 102
90 133
41 81
16 149
3 30
120 146
126 127
64 98
49 104
14 32
46 106
15 50
42 44
65 102
60 67
17 139
12 52
131 146
32 93
12 148
60 62
38 118
37 66
4 87
19 73
29 119
36 65
10 79
46 80
50 112
9 31
73 91
72 135
69 78
6 133
76 121
44 96
61 133
86 122
85 144
30 148
13 62
44 76
53 63
9 56
29 144
98 128
36 124
50 134
7 80
121 147
10 115
37 140
24 148
15 134
66 128
13 93
109 131
71 96
65 81
2 94
32 127
94 102
54 128
51 60
1 78
90 113
111 120
104 114
28 145
41 72
88 106
1 9
52 66
107 142
62 120
6 139
110 124
28 137
47 141
80 142
27 95
83 147
57 99
3 85
94 128
29 84
82 84
38 94
138 148
60 145
37 108
118 134
105 147
13 40
55 145
