100 2000
28
91
92
72
103
20
33
113
109
59
43
81
67
106
90
88
39
25
106
59
90
48
82
83
72
100
115
105
70
116
83
78
40
107
82
23
59
48
116
48
39
92
61
86
78
31
106
49
88
93
40
111
73
102
74
25
83
22
110
85
70
25
95
90
112
109
46
52
37
94
32
56
66
74
75
76
37
61
57
58
34
78
49
87
112
55
44
27
57
86
92
60
91
67
30
36
57
108
68
74
55 98
27 99
37 45
51 84
73 74
10 90
8 82
71 82
32 39
50 57
46 98
6 25
10 27
71 77
24 26
74 81
8 81
25 78
77 97
62 72
25 50
14 84
18 85
24 69
19 28
22 78
25 47
5 88
18 66
81 96
55 99
30 60
60 80
9 57
23 81
0 12
48 95
32 37
7 19
9 47
26 31
4 25
65 79
9 49
83 90
46 83
28 97
29 43
52 88
11 39
3 34
29 63
1 51
14 22
8 23
69 86
46 54
85 90
64 99
35 47
33 41
30 38
25 61
49 68
59 78
12 13
14 76
17 93
7 29
37 40
61 82
24 37
8 14
72 74
9 66
7 71
2 94
18 79
57 77
21 70
91 98
8 15
74 80
0 17
57 62
46 93
22 60
20 46
78 82
17 37
19 76
35 84
53 99
8 93
15 82
25 30
65 97
45 86
23 86
15 80
8 48
70 78
20 99
16 50
33 86
61 88
5 75
56 97
29 90
17 63
5 99
41 71
27 96
19 68
13 83
14 52
30 44
36 64
5 81
14 67
55 91
48 76
30 73
11 57
16 74
21 27
68 73
21 44
13 95
60 92
44 96
26 92
27 63
8 57
68 76
11 23
31 51
13 59
16 76
25 92
42 52
15 66
10 72
67 88
75 81
24 79
6 77
4 16
25 69
13 89
1 88
0 32
15 98
23 80
26 27
90 99
36 78
18 64
11 97
88 89
3 56
24 93
58 82
65 83
17 46
37 68
29 66
5 61
41 65
68 83
25 91
19 79
4 37
15 43
34 83
4 90
40 50
22 66
8 32
7 57
1 77
82 96
1 95
36 43
56 61
4 27
8 41
51 76
20 32
41 60
34 59
34 43
2 43
45 73
79 98
52 68
23 57
2 22
65 84
58 93
19 77
13 57
60 95
33 79
45 53
13 14
9 31
56 75
11 53
0 61
33 68
8 65
77 88
43 62
20 24
1 36
39 45
66 86
52 58
11 66
80 97
24 81
33 89
8 52
8 38
23 65
28 31
6 31
45 71
47 49
37 66
0 5
34 66
44 92
10 18
4 68
42 80
1 83
9 65
35 56
52 69
79 97
35 63
6 55
8 56
5 74
5 93
32 80
24 76
24 94
28 38
14 80
15 61
63 78
50 76
34 45
2 66
38 95
29 50
89 96
2 7
16 52
48 59
9 76
30 66
46 50
61 64
40 81
11 67
38 65
33 85
3 14
35 52
4 94
6 20
65 99
20 83
48 53
83 92
14 82
31 60
84 95
65 73
36 84
26 85
18 49
5 11
33 98
57 89
15 45
9 44
80 81
27 33
29 72
68 95
0 6
7 90
80 95
8 83
64 93
61 65
63 72
22 96
23 31
64 79
43 79
12 60
15 33
21 55
62 85
32 64
72 94
16 58
17 77
76 80
2 98
29 77
66 82
28 45
7 96
4 72
20 57
5 64
90 93
57 79
84 98
20 60
74 79
10 60
51 92
48 78
21 95
61 80
65 92
1 52
37 57
31 65
96 99
74 88
16 70
54 68
66 88
14 99
11 76
17 21
65 90
85 94
74 78
29 44
27 30
36 81
12 48
44 88
53 62
14 75
20 30
71 95
86 95
63 85
3 6
36 48
34 99
4 15
31 95
46 76
46 90
22 57
21 52
16 77
23 64
61 63
22 79
15 64
36 70
45 56
1 87
72 82
33 70
53 59
6 61
83 98
15 19
87 93
63 87
9 51
76 88
40 73
43 55
0 28
1 24
86 98
9 94
10 91
4 13
11 68
39 84
79 82
22 29
38 42
18 73
26 46
10 33
41 90
33 45
58 86
57 69
15 25
18 68
32 77
25 98
64 95
30 34
63 95
37 52
1 25
7 79
23 69
12 16
12 97
62 70
35 83
60 79
51 98
28 81
6 82
77 78
12 70
59 66
11 75
55 76
15 36
7 11
19 36
16 42
52 71
2 77
28 64
0 97
9 34
3 87
26 64
23 52
27 44
35 51
23 56
18 63
55 87
15 35
7 51
9 78
55 86
72 81
33 67
69 76
20 25
15 84
51 67
59 95
46 47
3 46
65 70
57 66
1 72
5 85
10 12
23 43
36 90
28 58
18 48
83 86
34 84
44 53
0 81
42 79
12 55
21 68
75 97
62 82
6 97
5 33
33 48
67 91
26 34
18 53
12 58
14 93
66 73
21 69
40 43
68 90
40 42
52 75
4 49
9 33
35 81
78 94
17 64
63 65
22 27
36 93
44 57
34 39
54 99
31 41
6 58
6 91
43 73
21 53
25 33
31 78
32 96
47 98
59 74
47 72
67 68
4 53
4 59
59 91
45 66
43 49
74 93
1 17
54 66
43 90
69 88
21 65
22 76
23 95
15 63
20 79
23 35
66 80
67 76
60 72
41 77
78 84
22 31
0 72
44 48
67 93
14 17
16 84
29 48
4 57
37 83
87 90
59 92
0 33
30 55
3 84
1 26
25 45
63 79
11 89
25 95
16 63
75 93
59 88
0 70
43 56
42 81
28 39
3 53
8 42
66 96
13 88
56 74
38 77
14 85
26 62
37 67
55 72
72 96
39 77
73 80
14 36
67 75
21 42
2 30
63 97
3 99
25 62
39 59
63 73
24 25
43 52
15 24
11 50
27 48
3 29
1 39
43 68
66 85
49 89
39 46
8 64
0 20
27 45
5 76
20 97
20 21
70 83
70 98
38 51
51 77
71 94
31 96
13 45
70 71
10 43
3 30
26 50
80 96
11 93
31 52
67 74
66 89
5 72
40 75
82 86
30 99
12 17
75 89
18 82
12 51
15 77
11 84
30 75
36 96
60 64
1 56
36 88
42 87
12 66
51 94
1 85
4 12
49 86
34 64
16 18
25 27
17 84
39 47
59 75
44 76
87 97
32 75
39 65
46 92
10 50
0 96
31 49
16 65
1 44
42 71
18 39
14 56
44 67
12 52
71 97
79 86
49 70
3 47
54 62
10 58
6 59
47 76
18 50
0 36
56 90
3 9
15 52
61 76
40 64
14 62
10 17
13 24
71 87
29 82
4 80
27 58
74 77
25 97
77 86
67 85
76 89
66 90
20 82
80 86
45 97
0 69
21 23
2 56
6 89
6 64
66 93
10 70
52 77
5 98
49 95
16 69
78 96
18 44
31 53
21 37
27 42
10 54
12 47
22 28
70 80
57 73
4 44
34 44
0 92
9 89
6 8
8 39
29 59
29 53
21 63
44 82
4 95
24 47
34 50
4 62
2 95
56 68
28 44
52 62
33 97
32 90
14 66
62 86
10 19
9 53
13 60
68 85
20 53
22 33
50 77
81 91
13 70
14 19
3 81
26 70
30 89
94 97
42 62
14 27
60 81
55 78
55 89
57 80
28 36
2 45
37 99
3 61
70 87
38 73
60 62
27 38
42 78
72 75
38 50
30 79
5 87
41 59
5 67
19 43
56 94
64 74
44 47
54 71
13 74
48 73
86 89
0 31
64 72
6 54
22 88
27 93
20 47
15 50
44 66
24 92
8 68
39 63
52 91
39 89
30 78
42 61
19 54
29 49
7 82
8 87
27 81
4 48
72 73
34 96
35 92
49 84
38 39
68 75
53 69
30 98
5 48
50 97
31 42
23 34
24 88
14 38
48 89
21 97
25 60
4 81
6 87
36 89
55 70
50 86
40 97
33 38
24 64
13 52
0 58
2 32
44 84
25 31
41 89
45 47
2 69
70 90
25 56
28 42
55 80
9 22
81 88
66 67
44 71
59 61
1 91
8 99
60 63
31 67
52 56
10 77
19 75
32 74
35 40
7 21
23 74
8 72
68 89
1 23
39 85
39 42
71 86
13 49
43 91
20 69
12 75
5 82
28 34
8 73
75 79
24 35
3 65
26 56
39 67
10 31
43 69
33 92
76 82
35 54
10 46
53 93
1 31
26 59
50 80
35 94
2 16
35 61
29 42
39 73
82 91
25 42
26 76
1 13
47 82
23 49
50 68
54 82
22 81
41 54
83 87
51 90
84 86
77 81
57 72
11 51
51 79
2 61
53 63
35 68
28 50
13 67
57 85
16 24
49 93
2 53
65 74
23 53
6 84
9 26
77 98
61 87
33 82
30 69
2 81
16 67
4 42
26 58
19 80
34 60
22 34
27 51
12 57
66 84
10 13
39 95
53 64
86 93
58 64
22 55
38 75
24 34
27 76
62 88
3 50
9 75
22 73
48 79
38 93
51 65
19 63
27 32
29 88
1 19
44 64
56 71
34 92
8 33
64 96
23 83
9 73
83 88
53 66
81 86
19 24
5 8
25 26
21 49
42 58
5 92
67 89
3 69
42 64
12 62
0 67
5 84
55 74
66 87
64 87
89 92
85 86
20 39
40 87
56 80
43 45
50 55
7 17
4 7
12 50
16 40
94 95
34 42
29 61
18 36
65 91
13 37
54 63
32 41
46 61
25 82
34 72
6 92
21 47
53 56
92 96
9 62
60 66
16 19
4 32
15 38
79 80
15 16
50 81
46 55
1 16
1 21
32 57
47 53
56 84
16 26
48 65
28 73
78 90
6 36
79 85
29 65
5 66
2 89
7 75
23 89
11 12
2 49
12 67
35 99
38 64
35 66
25 37
43 97
74 89
71 92
28 70
58 72
18 86
31 59
61 96
63 70
45 89
44 75
13 76
8 11
32 98
2 93
11 20
35 91
15 22
21 93
61 85
18 78
10 49
16 37
61 91
2 39
81 82
5 95
32 68
28 90
1 35
17 50
51 87
88 99
29 97
6 46
39 74
30 84
36 75
69 85
15 53
31 35
74 86
12 56
52 87
4 24
25 68
52 57
7 45
71 81
54 91
16 29
28 32
44 49
17 20
28 33
2 24
40 99
47 81
54 83
13 97
33 72
31 62
27 85
54 79
3 86
2 72
59 90
46 87
48 75
63 75
11 40
24 56
5 65
89 99
74 87
18 24
37 51
3 68
57 98
12 91
36 46
24 39
47 61
0 26
41 52
77 91
1 15
4 61
61 72
64 66
3 73
10 62
45 50
28 35
5 52
4 96
4 74
9 45
0 3
30 61
75 90
0 52
62 68
2 70
7 39
36 37
74 94
22 40
45 51
48 60
52 90
9 63
58 97
21 50
41 62
12 64
0 56
36 58
57 70
66 91
16 49
10 89
31 38
82 88
5 46
25 54
33 57
33 42
2 79
47 60
57 67
10 83
23 84
27 64
58 94
11 43
56 96
48 94
13 73
49 71
75 92
30 80
23 79
0 25
9 12
38 55
31 69
1 27
57 65
60 75
1 71
61 94
59 99
10 26
68 94
19 99
11 69
48 81
36 39
23 38
6 39
23 50
20 35
14 90
45 78
24 87
81 89
40 92
33 51
0 22
65 80
15 40
3 89
45 91
9 23
39 75
65 87
10 11
49 65
6 35
27 82
35 46
41 97
20 55
74 99
70 88
45 60
11 24
87 99
22 65
9 88
71 88
6 18
67 81
59 73
17 44
47 95
42 77
12 84
50 85
20 62
49 62
27 94
3 37
51 60
44 69
25 66
88 97
14 48
58 70
5 17
11 47
27 97
32 60
5 89
23 90
2 99
55 79
40 53
24 58
55 63
63 90
25 48
43 80
90 95
39 66
50 74
0 63
33 77
14 31
25 65
57 83
41 72
16 35
32 67
11 38
10 53
28 86
60 93
31 93
24 38
29 68
14 97
63 80
39 80
10 22
6 14
17 38
47 80
85 91
51 82
3 31
73 75
46 58
3 52
75 83
0 90
40 44
17 35
21 78
17 83
49 54
1 38
74 96
23 40
47 54
35 73
80 82
26 77
1 45
60 97
56 91
61 90
68 92
3 36
10 42
58 89
16 82
7 36
51 71
14 64
1 61
14 15
11 59
1 70
14 20
2 21
38 90
31 61
2 50
5 38
25 73
29 89
31 91
2 59
18 19
62 92
34 52
75 84
2 80
0 9
43 92
9 20
69 95
9 54
85 88
61 71
2 15
44 81
10 74
61 74
20 95
15 92
51 55
14 61
50 73
4 22
19 88
38 47
40 63
51 70
26 29
42 99
39 81
5 58
18 42
44 56
0 84
37 49
24 40
36 38
78 81
21 88
48 85
37 69
42 95
3 76
73 94
17 67
20 76
2 78
26 57
46 70
19 33
35 70
19 57
7 61
52 94
55 81
26 80
71 98
32 52
1 30
2 47
44 95
15 87
34 91
17 95
69 96
77 89
21 76
4 99
7 54
11 48
41 93
41 48
44 99
36 87
60 70
14 42
10 36
31 39
25 72
4 28
10 32
43 76
37 46
22 45
34 88
33 80
0 2
12 22
6 88
51 52
67 78
78 80
31 58
10 95
77 87
25 74
47 59
79 92
28 82
50 92
46 80
50 56
19 85
29 87
17 29
39 62
24 48
34 77
11 63
2 62
24 82
7 52
16 99
55 62
32 63
64 69
17 71
39 57
9 43
19 55
41 91
7 31
86 92
22 24
32 45
33 76
0 54
8 85
47 84
6 72
24 74
0 7
31 99
15 91
10 99
4 50
10 92
36 61
8 96
20 34
30 36
35 95
18 29
62 73
36 99
7 93
58 75
10 79
11 83
24 28
13 35
7 89
8 95
1 90
53 61
26 49
4 19
8 31
29 71
2 71
70 76
43 83
8 18
16 53
13 72
3 11
8 25
3 74
35 44
6 56
7 47
9 16
28 88
6 71
27 98
35 87
48 49
13 84
45 69
16 92
81 95
10 14
43 94
1 66
49 51
85 93
23 72
81 85
26 60
23 82
90 94
59 93
25 89
22 41
41 94
37 96
82 92
18 81
5 63
42 96
42 54
74 97
56 73
46 51
10 66
7 24
2 84
56 86
49 80
43 78
35 43
37 39
13 27
0 98
18 67
60 78
14 41
12 68
36 65
79 91
30 68
20 86
57 87
18 57
31 76
49 98
56 72
66 68
31 40
5 40
26 36
31 56
15 68
2 64
27 84
23 97
7 58
38 84
34 35
88 91
54 58
14 71
10 41
81 90
13 99
7 97
50 59
14 92
9 30
83 99
17 72
7 62
45 68
53 58
4 78
24 57
7 74
24 43
59 69
15 95
0 19
2 85
7 13
12 63
37 75
46 84
20 44
5 83
23 54
44 89
11 45
41 64
43 53
63 68
32 66
27 55
3 5
39 88
23 71
78 93
75 98
80 94
6 9
1 41
63 92
34 63
18 90
17 62
56 93
79 95
29 47
4 30
31 63
34 86
20 22
49 59
67 82
11 31
42 44
23 44
59 81
20 49
13 69
62 89
70 99
7 10
6 74
37 47
16 86
24 90
9 86
19 84
11 30
41 42
31 86
47 93
3 49
7 55
6 78
64 92
22 35
40 83
21 59
13 22
45 67
80 83
53 83
32 69
36 80
30 48
38 85
44 98
66 79
20 33
1 54
20 31
34 56
69 73
56 88
20 74
11 78
26 52
76 78
30 70
42 66
13 85
67 77
31 45
64 88
42 94
44 73
49 77
23 99
17 79
3 42
36 72
13 48
70 96
15 51
18 88
47 48
23 37
69 99
17 92
34 80
10 67
35 55
5 15
15 60
29 75
18 99
0 46
33 69
14 50
42 55
52 96
6 30
28 57
17 51
32 95
14 44
29 32
11 41
31 83
65 82
63 82
24 66
19 51
29 85
54 70
58 66
7 91
66 83
65 77
2 31
46 60
12 40
8 10
88 93
91 94
1 63
11 60
13 29
31 64
10 29
51 56
38 92
32 82
25 83
26 99
27 87
46 81
40 88
1 78
33 81
48 72
11 80
7 80
10 59
46 72
29 92
6 69
32 53
86 90
22 67
27 49
86 87
65 94
39 72
38 70
63 67
14 69
23 27
7 33
29 93
14 98
18 40
66 78
3 98
14 35
17 33
14 53
7 27
37 54
0 16
9 64
19 82
12 37
62 63
51 74
26 30
59 97
3 75
58 74
58 98
48 87
64 78
3 16
11 52
64 68
18 28
26 68
7 60
19 90
27 74
6 79
23 24
6 33
64 86
36 66
4 75
63 64
22 83
9 92
47 97
46 71
13 86
9 15
16 56
5 39
66 70
77 82
10 34
57 81
3 7
20 42
12 89
80 84
17 54
78 99
3 21
8 46
61 77
18 92
19 64
34 61
41 98
56 77
15 32
77 94
23 78
2 57
69 94
38 49
24 78
43 87
21 43
67 70
6 23
1 32
0 10
2 76
19 32
1 75
3 88
27 67
23 66
27 86
31 77
56 99
40 74
2 4
21 80
54 88
87 89
29 60
48 70
62 67
50 98
49 57
76 96
3 57
22 59
8 71
14 18
50 84
66 77
29 96
1 29
3 94
86 96
69 72
71 91
35 45
4 82
53 75
37 89
36 54
56 70
16 66
4 11
12 85
8 36
20 54
12 98
92 99
43 96
49 81
42 89
8 16
1 14
8 88
14 58
28 53
21 46
35 41
38 63
50 60
27 65
34 37
3 35
72 91
5 24
11 37
4 84
8 13
25 29
93 99
5 90
71 85
17 74
44 77
59 83
3 92
29 74
21 38
37 42
72 87
25 99
52 99
29 73
36 71
15 90
96 98
76 90
55 64
52 82
64 91
54 64
13 43
31 46
39 97
15 48
39 61
3 82
17 86
38 81
77 92
46 97
46 82
14 51
41 63
5 36
40 66
15 31
67 96
48 71
41 51
9 52
15 44
27 31
27 46
23 98
8 21
27 57
49 75
78 98
18 37
26 89
27 50
17 24
0 75
18 52
46 79
22 68
43 66
41 84
11 74
16 21
0 38
10 40
10 45
72 83
35 62
43 61
5 35
78 88
22 23
65 75
1 6
28 79
17 66
32 79
28 52
25 71
7 14
38 61
52 73
3 90
15 30
32 35
1 53
12 81
26 98
30 83
2 23
44 91
51 61
22 38
44 94
27 60
9 37
10 57
18 35
65 68
49 78
