250 2000
52
91
98
119
63
70
34
64
75
63
108
89
117
115
59
75
74
71
69
20
54
76
20
57
80
104
27
43
99
82
47
31
54
26
83
97
28
49
41
36
44
81
57
41
76
96
96
83
99
97
35
85
54
35
74
66
71
81
89
51
96
116
114
30
74
77
59
83
106
32
51
82
93
88
104
101
64
32
64
95
110
80
61
96
47
115
42
99
29
111
30
105
59
24
67
66
82
106
81
20
118
112
83
43
80
119
24
76
31
69
51
73
29
92
101
56
40
23
87
49
66
97
34
58
54
81
104
68
119
117
68
117
109
83
40
21
34
96
77
46
45
60
51
106
85
33
95
105
88
62
34
35
92
48
25
26
61
109
74
60
106
74
109
47
90
81
48
104
57
57
30
83
97
114
21
62
27
96
47
95
39
61
62
111
41
67
69
82
108
23
74
46
77
63
73
47
24
53
32
62
90
94
77
68
40
78
62
47
55
90
75
26
83
69
69
57
69
118
71
57
21
26
36
30
69
41
110
74
75
74
68
97
48
25
97
69
83
40
48
70
62
55
76
77
105
25
114
106
23
66
203 233
147 213
96 206
2 4
35 128
81 235
28 231
177 201
84 193
48 126
32 131
102 154
109 131
146 206
112 133
65 71
70 219
131 175
18 135
146 177
14 22
79 106
42 108
126 159
52 59
105 186
9 190
38 49
243 244
47 105
220 230
23 199
40 154
160 226
5 141
158 163
20 238
121 164
30 198
0 41
89 146
30 39
7 77
0 181
81 174
154 208
51 231
194 205
181 237
104 230
13 186
58 245
103 117
51 223
116 147
154 237
12 193
119 121
122 152
46 224
182 233
52 137
15 109
81 104
40 185
79 84
50 181
5 137
48 212
57 196
63 78
35 192
6 64
158 230
38 129
72 244
131 181
143 189
145 212
35 249
114 229
152 160
104 157
61 66
66 109
129 145
87 144
2 237
3 218
41 160
97 154
130 215
137 154
23 201
49 59
130 201
25 205
129 143
112 204
31 196
63 193
59 160
0 132
61 136
73 218
167 177
80 245
47 217
149 173
51 169
222 232
7 33
176 177
141 239
37 232
147 172
185 230
58 214
119 185
5 100
130 193
24 125
71 125
92 126
113 244
29 78
63 85
114 188
29 91
6 176
30 66
73 148
67 132
104 112
103 213
109 148
93 133
23 70
57 218
153 196
81 226
19 84
22 141
133 232
51 241
158 219
84 124
117 191
81 216
46 69
7 44
70 239
93 141
50 59
61 108
143 203
139 186
14 77
147 161
59 64
70 241
33 115
2 154
56 120
84 102
41 230
110 111
72 103
57 131
5 118
60 91
27 113
127 200
104 213
16 127
28 118
86 163
85 240
166 243
102 212
105 198
58 82
69 154
13 126
18 138
81 244
78 210
130 211
65 87
66 94
122 183
36 121
121 137
111 155
115 175
7 63
31 192
100 223
88 198
188 226
72 208
20 138
32 231
19 222
113 148
38 184
75 87
55 224
19 48
163 232
91 194
77 78
33 153
84 177
5 93
22 51
144 180
42 212
61 227
184 228
26 75
14 215
69 150
41 198
23 190
214 237
115 144
0 64
94 150
84 243
99 209
131 147
189 205
35 94
102 130
115 230
129 205
105 195
50 236
156 241
10 222
227 228
116 144
16 227
164 238
112 190
9 123
71 180
17 50
152 215
80 148
103 132
61 179
61 112
69 165
175 205
35 41
9 152
179 232
20 26
146 240
19 210
101 133
51 151
119 151
49 155
51 139
4 113
68 167
77 233
134 236
11 129
163 169
139 200
17 145
143 220
32 109
14 210
66 166
67 111
118 185
218 236
7 222
28 242
80 160
14 171
35 210
187 201
184 236
58 70
179 180
7 139
10 102
47 176
144 220
34 79
218 235
6 210
116 166
41 232
103 190
18 229
4 54
15 124
164 195
5 53
44 140
2 114
40 146
50 116
36 186
5 195
139 215
108 219
11 122
211 242
117 240
98 108
12 241
53 146
45 120
190 234
48 86
54 163
136 249
159 168
52 236
22 151
94 125
33 56
117 126
173 215
17 234
139 227
15 97
37 58
184 187
61 246
51 137
23 76
97 152
34 57
83 185
29 79
60 214
29 85
111 192
28 244
74 230
20 245
57 171
155 207
152 244
18 233
197 203
108 207
44 142
14 229
78 195
8 240
12 196
20 204
14 57
85 139
105 190
112 236
14 142
69 110
44 190
93 99
201 239
56 135
71 93
23 114
118 122
14 130
136 170
79 187
2 22
193 218
205 229
157 243
78 97
205 243
18 48
92 109
101 148
194 244
71 108
70 190
83 186
3 172
72 109
74 83
153 233
17 212
174 210
3 57
12 152
123 162
85 244
13 245
60 79
40 168
210 232
168 225
133 228
240 242
64 163
78 169
40 184
129 210
39 200
64 65
189 191
38 227
24 92
33 205
4 53
236 245
14 220
154 249
51 144
66 93
61 171
97 235
115 212
6 225
78 197
16 55
142 235
0 120
4 97
26 195
40 241
39 68
132 142
55 237
54 74
118 152
41 61
47 132
36 210
154 245
82 118
46 118
55 144
81 122
89 215
121 208
12 213
105 129
116 246
164 190
122 232
77 106
131 216
126 169
37 120
61 167
7 116
163 231
104 197
68 197
62 160
182 191
117 178
57 129
100 183
43 55
184 222
65 162
81 188
44 161
105 220
78 227
221 241
60 168
109 197
9 88
19 20
201 238
50 110
85 117
12 210
141 246
155 235
25 62
106 236
58 186
14 63
34 137
107 197
54 57
64 142
14 178
117 167
166 227
2 34
40 47
36 245
134 150
159 200
56 238
46 96
110 119
5 183
70 232
59 226
39 53
40 218
9 67
86 237
21 237
88 129
170 185
54 165
85 218
66 175
24 162
221 246
6 124
103 194
163 238
130 171
63 68
98 238
175 187
14 74
14 208
143 231
160 199
136 137
128 203
5 61
115 134
92 103
140 206
138 230
161 221
110 142
60 77
2 130
56 247
16 58
11 70
39 121
28 171
7 152
170 232
157 199
54 112
41 46
32 170
26 142
193 239
20 34
16 49
22 149
38 72
207 244
49 98
73 115
126 224
77 210
234 246
50 160
53 198
118 198
187 224
112 131
65 248
115 151
14 174
14 188
64 73
182 216
149 171
47 141
218 225
8 221
20 54
2 123
71 175
113 222
85 148
96 213
83 247
180 200
23 46
138 190
119 173
40 156
149 174
150 190
50 117
23 223
70 199
25 97
20 247
20 62
158 184
86 120
8 16
31 70
60 63
34 221
85 229
10 75
15 230
12 199
65 235
222 237
99 184
57 186
97 101
133 179
9 15
3 119
32 175
151 197
224 236
71 231
56 158
36 183
25 195
192 236
33 208
31 69
58 218
7 126
56 69
180 242
173 246
50 205
23 53
4 9
183 185
74 124
162 164
66 197
98 120
16 30
168 245
139 237
153 234
19 76
171 230
105 134
224 240
104 115
78 150
141 177
118 215
51 134
127 219
81 100
67 200
232 235
47 122
52 74
196 208
40 230
117 216
145 194
112 207
48 137
12 189
64 233
7 217
117 134
51 187
106 234
1 217
150 194
18 191
54 149
34 66
184 189
1 84
60 128
28 197
61 197
69 114
44 76
14 183
120 211
47 65
79 168
23 116
68 159
122 143
160 210
8 99
111 246
36 226
85 171
4 221
73 248
145 187
120 150
159 213
93 224
10 172
142 229
47 62
36 49
2 44
0 248
138 156
76 179
75 80
74 150
6 189
8 219
60 230
5 73
56 83
29 198
76 164
53 112
0 118
121 204
44 204
52 221
48 93
84 168
230 234
94 236
63 174
86 96
145 169
193 201
105 222
1 19
113 150
18 174
128 215
112 139
83 111
28 164
11 100
196 241
41 85
80 111
176 206
49 102
96 242
53 201
66 157
216 220
122 145
88 234
125 226
200 208
189 216
200 236
35 67
4 191
21 76
134 217
16 50
88 146
110 244
97 176
151 169
23 142
166 228
42 111
163 204
102 143
89 130
195 197
124 137
52 53
10 20
38 60
36 127
58 248
7 121
22 174
168 177
147 195
111 146
89 101
24 192
96 154
42 133
109 203
6 31
41 161
26 199
164 204
12 178
49 162
122 188
49 173
106 173
3 96
34 186
160 206
52 230
113 167
94 120
125 222
229 235
19 107
36 75
124 215
36 189
61 116
77 142
183 212
59 65
186 201
97 244
77 111
28 47
42 243
1 116
119 230
101 240
189 239
63 65
4 204
173 202
29 66
65 130
212 232
1 189
138 183
97 146
67 144
109 175
176 240
211 225
8 178
49 201
118 168
113 224
122 167
40 249
166 196
10 171
148 212
113 183
101 211
80 168
5 207
130 197
33 207
143 158
136 211
156 192
55 79
54 232
74 232
94 122
117 148
133 149
98 182
33 184
14 161
53 119
121 183
6 168
141 179
129 149
92 140
35 220
119 249
24 74
101 220
102 196
181 190
1 122
30 37
7 191
52 162
25 162
183 198
32 89
112 181
70 104
23 207
23 176
52 76
30 97
23 43
65 132
225 235
39 107
22 148
150 176
8 202
98 234
199 210
121 165
41 166
78 93
7 64
13 145
20 37
21 56
85 133
108 226
92 232
124 243
37 159
158 213
6 147
197 199
68 214
70 234
1 5
77 171
8 223
147 184
93 95
20 181
128 226
9 171
110 236
72 125
22 84
133 180
221 248
98 144
84 205
145 162
5 229
163 237
4 82
6 24
85 115
4 227
6 114
22 213
88 94
172 212
24 158
36 124
108 180
165 208
177 222
34 144
58 61
38 144
164 166
103 111
168 190
134 211
93 222
179 247
56 203
7 92
115 179
124 138
30 51
110 175
24 85
85 225
1 168
131 139
105 159
66 174
43 77
23 81
181 217
137 224
66 125
191 249
56 221
19 152
89 248
43 83
63 64
55 85
42 46
214 220
109 210
112 150
79 173
46 148
183 206
81 224
165 249
158 182
84 239
177 237
72 173
71 89
8 135
144 181
152 210
112 152
52 171
77 103
77 123
1 33
78 158
9 216
95 148
84 167
196 232
7 174
18 245
96 153
92 105
7 187
89 154
75 221
48 243
30 172
23 134
181 205
171 212
57 191
171 210
5 244
157 168
12 175
15 210
120 181
118 154
58 127
59 200
52 235
16 101
224 226
31 150
158 214
54 201
13 117
82 170
137 196
152 198
129 156
22 60
1 247
158 220
155 210
36 73
75 131
141 169
75 141
15 92
152 208
128 234
122 180
126 178
57 188
1 100
2 156
64 70
56 127
63 126
14 53
195 230
35 86
110 224
31 91
12 91
75 98
49 219
130 148
28 68
29 57
66 168
90 133
130 190
70 109
105 225
50 225
11 205
31 239
121 122
122 236
50 213
67 99
34 127
135 194
8 156
10 142
242 246
168 184
39 101
143 179
192 201
33 190
105 155
1 220
155 188
106 107
141 234
85 94
0 94
197 236
99 189
17 170
143 210
72 161
114 185
129 196
51 192
14 131
171 206
63 120
113 130
149 224
50 243
77 247
82 176
2 187
45 182
58 212
106 216
22 220
3 219
99 195
20 82
79 209
105 182
235 244
45 143
62 96
139 238
70 195
167 234
73 212
137 166
21 22
43 104
94 209
114 194
135 155
128 216
66 86
60 148
46 71
55 133
43 142
124 189
41 216
141 174
4 90
127 130
86 215
22 59
46 137
105 201
124 234
19 190
70 168
0 243
55 214
208 229
103 200
18 249
145 173
1 159
14 40
128 229
2 126
140 172
241 246
115 225
230 245
152 157
15 157
81 247
64 226
117 141
80 140
77 135
64 147
78 180
39 58
11 165
60 151
52 190
147 165
19 229
12 177
27 131
186 231
103 108
207 249
139 220
140 207
56 216
104 146
161 219
148 203
46 123
142 220
127 233
111 171
108 112
73 92
49 63
135 174
49 222
6 208
44 62
57 133
58 112
6 206
83 149
83 168
70 194
30 36
103 195
28 188
80 229
25 194
19 88
176 196
72 79
111 137
130 244
195 242
1 151
2 177
86 95
31 174
57 228
81 169
2 107
83 211
8 188
27 136
75 106
38 208
95 190
135 142
35 136
232 240
160 164
115 138
34 73
71 76
33 244
11 182
143 221
22 163
91 107
65 230
76 129
14 108
143 218
207 242
117 198
9 63
82 107
179 199
10 193
21 64
207 228
141 242
81 201
61 232
112 119
137 227
208 228
83 222
177 224
1 186
37 108
88 121
37 233
32 203
5 10
12 99
3 93
51 236
22 155
144 200
30 249
73 204
113 128
41 104
102 105
79 241
52 66
80 205
36 214
143 159
79 94
117 247
124 167
19 219
75 193
55 113
6 150
1 86
138 173
129 183
26 147
21 38
163 223
116 155
30 113
6 72
42 235
105 127
54 144
49 109
51 109
116 221
54 158
82 223
44 156
71 211
101 156
92 231
14 60
136 147
26 209
11 153
116 247
17 38
0 106
68 74
221 227
46 128
59 173
55 122
96 211
40 75
89 192
79 101
88 127
140 242
95 240
106 226
50 226
44 117
88 227
105 123
34 135
156 226
151 231
119 195
173 220
11 126
16 199
41 105
111 184
55 147
51 123
168 208
20 185
6 245
142 243
23 30
38 183
101 186
122 220
45 132
8 42
93 158
116 127
90 134
50 134
101 146
109 206
19 231
127 243
135 227
10 156
147 214
19 93
77 184
79 166
75 187
24 166
159 191
7 241
5 43
4 194
211 213
204 236
192 213
63 191
72 202
72 219
17 18
54 239
94 155
133 230
50 158
23 169
116 159
64 164
60 68
125 227
54 181
68 119
224 233
28 191
55 161
46 72
101 150
18 157
4 86
96 240
13 156
15 65
130 181
42 229
0 58
156 168
88 91
26 65
173 217
94 229
230 242
130 153
24 195
32 38
28 230
143 184
101 246
29 125
168 182
29 240
38 188
81 128
146 166
51 133
92 132
85 114
36 96
132 162
164 236
42 116
78 145
10 243
135 179
22 111
154 155
101 195
44 182
73 210
125 180
23 195
7 59
145 210
8 92
57 244
109 201
106 111
29 223
201 208
75 210
69 116
22 229
61 125
204 237
85 237
31 112
112 221
174 192
117 200
16 26
47 227
10 228
7 83
85 136
45 68
137 212
13 43
160 177
169 216
4 164
55 128
137 167
80 99
91 216
132 210
31 95
73 187
123 143
182 228
0 111
24 73
139 240
2 117
36 66
82 218
24 142
30 210
43 60
135 212
26 196
95 223
80 134
46 223
81 109
202 221
78 81
71 146
13 69
73 238
144 151
44 70
20 31
63 176
91 240
50 219
186 247
16 193
91 132
92 93
146 172
106 166
63 224
29 145
76 205
80 133
99 204
124 221
87 152
30 136
142 187
78 249
44 184
168 197
39 238
12 185
30 118
11 93
148 156
22 103
40 102
54 96
78 127
183 230
13 213
122 200
52 64
211 237
101 155
140 199
19 63
50 177
182 188
182 245
119 197
89 137
43 73
37 151
170 220
35 233
35 105
88 99
111 162
82 213
104 204
27 31
61 106
72 101
95 121
73 232
146 210
25 247
47 48
82 104
170 239
55 101
97 218
180 212
168 181
60 134
52 240
121 124
193 216
16 245
50 57
75 163
63 156
224 225
94 159
181 185
79 236
29 36
56 249
209 238
19 195
71 150
22 185
47 230
42 90
141 247
12 201
68 107
43 75
21 184
115 202
133 207
204 243
10 162
94 223
100 114
185 205
23 233
113 186
35 127
4 79
47 175
38 224
218 223
22 245
190 202
7 144
170 196
142 155
5 245
6 164
6 44
131 221
129 157
6 97
44 203
187 193
78 128
167 198
15 153
93 220
69 228
117 238
0 245
10 245
102 118
11 211
162 233
41 92
41 242
37 150
189 245
82 123
17 102
72 170
117 144
14 38
104 224
156 224
166 201
53 72
34 83
14 49
66 209
59 90
0 92
97 198
32 132
49 221
145 234
203 220
39 86
116 242
42 148
90 243
14 166
148 200
15 98
16 249
76 192
76 177
34 227
110 247
94 218
40 244
48 135
40 126
1 20
40 194
115 206
13 208
8 56
8 130
73 206
52 102
86 135
80 161
5 190
158 223
4 34
13 184
139 241
76 141
11 116
187 228
72 145
183 241
202 224
127 191
95 180
65 229
59 181
38 226
101 236
11 136
172 232
117 249
225 230
115 162
40 208
52 159
213 223
90 206
111 172
124 144
83 202
35 185
133 173
95 173
115 142
192 196
123 164
81 206
116 204
29 133
79 159
22 147
110 218
46 92
106 129
141 146
166 187
40 191
71 213
38 139
85 105
83 228
39 249
55 162
7 45
84 189
83 205
25 211
7 193
115 238
43 155
53 83
198 226
87 148
14 106
173 199
172 186
91 98
98 228
144 164
37 201
100 248
191 226
107 195
93 198
137 162
205 215
72 153
43 221
160 241
164 179
109 115
188 200
166 214
151 210
13 181
91 141
100 122
68 138
48 50
118 129
157 161
0 202
71 131
33 164
165 233
121 236
54 227
175 240
168 235
183 209
18 71
67 129
186 223
91 172
105 120
28 181
61 203
147 152
118 125
95 133
160 179
16 187
78 120
97 225
43 105
16 143
188 210
61 120
34 65
51 93
240 249
155 193
52 151
26 163
110 185
57 96
73 149
19 26
123 150
62 107
139 180
1 78
140 164
50 101
40 151
56 100
85 103
210 248
231 247
38 210
93 109
120 213
114 230
42 95
73 87
74 75
17 215
67 91
23 243
168 174
34 121
42 224
206 220
32 39
96 235
60 142
122 207
52 174
17 247
92 139
156 174
117 159
75 182
106 144
115 188
116 191
82 188
122 147
220 244
209 214
156 166
80 189
62 179
2 205
70 161
72 146
183 196
140 154
107 179
93 147
27 48
48 85
149 158
108 144
50 224
126 163
197 232
9 223
79 117
189 237
183 225
217 224
6 87
32 74
5 123
60 193
23 209
101 167
75 170
46 217
199 239
62 243
104 212
79 138
125 184
11 121
58 197
229 247
53 55
30 61
28 90
4 51
105 151
71 218
32 37
123 220
65 236
51 186
170 176
130 206
51 103
211 217
0 208
19 238
78 130
23 182
82 230
5 150
225 238
26 143
26 77
165 202
60 121
15 105
66 88
137 168
25 127
115 239
119 248
46 124
51 128
54 104
133 219
60 120
188 206
50 121
141 212
98 242
182 227
165 248
42 69
58 227
157 225
178 203
81 99
56 183
67 135
25 229
130 187
188 202
59 119
66 153
145 217
85 234
7 143
26 120
36 167
96 197
47 239
29 173
103 164
74 246
168 198
12 146
52 71
15 118
85 224
13 161
188 231
86 179
75 135
164 227
80 100
44 181
163 177
125 130
80 177
129 147
12 33
41 56
61 123
105 106
101 192
34 237
18 113
151 220
82 194
15 107
111 133
41 236
116 122
15 169
14 70
151 205
27 44
2 11
118 207
59 107
142 162
46 180
5 197
3 51
18 132
11 243
3 154
