150 3000
92
100
22
39
58
26
86
52
41
39
100
87
33
73
83
79
80
116
108
37
41
62
114
25
45
70
90
39
104
90
73
29
70
75
100
60
82
66
92
55
37
25
23
102
78
86
114
91
34
102
108
55
44
54
113
21
104
35
40
40
105
93
49
108
49
29
48
63
27
73
98
96
78
101
79
88
119
73
111
86
107
99
21
83
33
66
84
69
81
104
90
67
29
119
107
58
81
35
53
40
40
32
117
50
65
28
119
117
81
110
83
20
42
36
35
107
83
99
57
44
35
27
43
44
78
30
35
91
98
68
112
118
32
109
101
78
69
100
27
82
42
90
82
64
106
97
52
69
28
41
33 39
99 127
29 40
15 98
17 134
83 108
40 146
19 83
6 21
79 99
95 146
79 128
7 24
16 80
60 134
2 76
17 77
98 129
117 144
98 101
56 64
87 104
52 106
37 126
14 38
55 63
33 133
43 142
72 109
59 71
108 135
27 73
52 62
27 82
99 125
13 85
31 74
19 136
56 82
97 112
17 147
62 130
54 102
23 113
28 82
34 136
108 119
13 84
40 62
16 63
67 101
98 128
78 147
10 136
98 106
9 103
17 71
21 135
61 125
3 134
45 71
15 41
81 106
99 143
17 48
109 115
20 87
98 116
85 102
11 93
20 51
46 120
31 92
119 142
28 92
25 138
66 99
30 55
23 56
71 76
35 73
89 93
24 55
94 109
7 105
104 110
0 27
81 119
84 125
78 141
3 16
5 118
23 134
59 87
13 79
2 33
100 122
125 148
27 144
91 99
47 126
128 143
77 148
5 41
8 58
26 109
65 93
3 50
55 129
68 88
34 71
60 84
87 98
78 84
23 79
70 77
107 123
100 105
102 105
10 48
7 16
37 81
3 87
58 136
107 118
54 146
28 56
126 138
45 118
68 112
92 99
41 57
65 141
17 64
113 149
15 80
117 120
123 148
37 54
74 129
19 135
30 102
64 138
1 87
58 94
25 46
111 137
95 136
25 74
44 53
52 142
70 98
89 101
22 135
1 31
59 68
11 73
1 113
2 127
36 102
148 149
113 135
58 110
34 122
77 83
127 130
50 129
75 120
54 98
7 137
1 66
55 126
56 129
89 107
42 110
45 108
8 41
53 146
67 118
52 87
45 119
30 77
72 105
99 126
105 107
9 15
70 75
55 135
29 127
41 64
19 109
0 112
117 146
15 86
4 16
41 113
71 123
92 97
78 94
73 86
51 140
28 147
34 61
83 142
11 147
30 33
8 33
28 44
59 81
16 149
57 63
15 89
9 30
11 36
12 103
4 97
33 115
18 30
42 107
68 141
76 124
19 76
60 104
121 130
96 111
28 126
35 111
123 136
89 122
37 121
92 146
81 117
109 147
1 119
69 91
12 66
88 146
2 137
50 117
12 123
54 63
0 40
67 78
26 39
70 115
10 118
57 127
49 69
26 50
38 118
22 50
70 86
40 73
72 143
40 98
5 6
54 97
6 121
26 32
10 148
72 148
107 116
26 127
19 116
41 147
68 83
109 111
6 86
99 102
9 34
88 105
8 13
34 111
23 46
84 96
50 95
98 105
34 117
39 75
0 73
80 121
65 132
30 136
14 116
21 145
3 106
34 67
90 132
24 90
78 87
86 127
87 146
12 120
22 35
18 137
46 143
14 125
13 96
79 111
8 62
18 100
64 134
4 137
19 129
80 97
109 118
55 85
55 106
43 119
107 130
113 123
55 127
1 68
37 147
23 149
87 107
35 94
54 143
73 125
41 54
85 139
93 96
66 97
38 77
54 75
32 50
83 103
59 100
118 149
43 96
50 54
32 85
25 148
124 140
44 52
39 67
14 33
34 130
73 132
57 109
10 127
60 141
113 143
119 133
44 118
26 94
22 58
29 72
38 98
16 115
129 149
14 82
31 64
87 89
75 116
16 78
100 111
5 52
68 78
99 142
30 39
24 116
65 102
67 114
81 94
13 66
0 10
97 129
106 141
115 142
74 95
35 60
45 112
15 40
41 59
123 132
58 78
75 143
71 126
41 111
81 111
72 80
28 102
97 146
42 102
57 137
19 88
5 79
22 112
45 145
55 123
38 130
18 66
51 129
34 107
81 143
114 147
61 109
46 113
5 103
2 93
24 133
1 39
35 52
13 142
25 103
24 95
19 127
28 75
11 120
109 125
19 120
65 88
94 135
70 137
90 120
27 88
25 58
79 123
7 18
42 76
102 147
20 79
36 101
59 121
49 58
88 95
61 143
82 83
58 104
23 48
131 134
73 113
9 91
22 86
26 36
8 63
41 109
1 2
60 132
52 123
45 57
34 140
30 92
106 146
30 140
90 115
67 109
87 145
73 93
5 101
46 136
113 137
49 95
3 99
7 120
4 100
49 131
45 148
40 87
79 127
6 120
28 115
18 89
33 110
17 143
36 129
63 149
14 18
20 147
17 117
79 118
122 128
1 22
75 88
53 63
17 69
75 97
15 34
17 46
10 100
63 136
28 139
38 60
43 87
80 112
61 106
80 130
39 81
66 71
88 121
99 135
71 88
16 105
116 117
82 116
4 7
94 110
55 67
31 49
18 40
98 110
23 82
3 120
89 143
126 144
82 92
99 108
89 118
33 50
63 127
32 118
61 134
101 136
137 146
48 121
121 145
18 26
11 136
15 20
4 6
16 114
83 146
51 143
26 35
0 16
55 101
116 119
7 85
67 81
46 91
31 69
101 138
96 124
15 18
21 41
58 75
37 71
43 82
24 78
41 108
14 79
100 142
32 129
9 100
60 108
92 93
27 81
25 43
107 110
44 149
21 131
57 71
2 92
3 116
59 61
28 103
60 63
73 82
45 62
5 83
110 137
82 86
44 136
76 95
5 54
97 147
1 56
38 115
15 25
2 95
30 65
57 113
40 120
8 123
27 47
16 136
31 122
60 74
57 106
53 111
50 111
69 110
103 127
20 107
54 109
85 115
23 77
48 117
45 56
72 91
5 77
36 88
50 101
13 109
9 66
120 122
18 82
91 122
49 111
16 44
60 62
101 137
51 85
32 105
9 98
6 14
77 95
50 80
47 63
39 57
11 129
50 79
22 106
118 122
32 122
30 125
17 72
26 79
35 49
27 56
6 49
53 100
2 86
27 65
97 111
38 41
85 147
71 114
93 138
39 118
70 72
93 144
87 120
39 73
2 57
95 107
8 50
52 76
14 121
23 61
48 71
91 142
33 111
5 105
28 144
3 127
33 35
6 30
44 66
55 132
35 63
86 131
57 101
58 148
77 98
31 71
90 142
6 102
11 25
105 110
5 87
11 91
24 69
23 120
6 135
25 100
59 93
37 44
87 116
43 102
16 35
27 28
22 32
85 104
112 142
132 143
6 94
9 29
67 79
54 82
10 113
54 119
56 131
58 77
93 143
21 93
18 22
54 127
5 98
141 148
134 139
46 110
70 91
113 124
23 26
140 142
100 139
48 94
44 134
7 115
62 71
36 119
20 27
2 118
4 95
43 55
102 113
66 146
20 140
92 130
64 74
3 15
52 115
100 109
74 148
9 60
45 48
68 81
49 124
69 122
68 106
58 124
22 83
26 73
20 94
9 105
95 109
24 60
63 133
61 62
71 109
7 23
104 116
127 142
2 56
12 61
70 87
55 70
12 149
106 129
114 115
139 147
77 112
24 139
23 36
61 98
43 79
73 105
11 72
35 75
47 75
25 47
37 102
46 133
66 143
22 109
19 30
0 107
77 132
57 149
60 113
6 58
13 41
15 131
76 108
1 51
57 128
15 95
45 60
63 67
71 93
124 139
103 121
51 102
28 66
64 86
105 124
8 99
25 121
74 116
52 127
86 119
33 124
29 37
32 101
75 90
37 113
28 41
94 141
105 130
113 120
128 131
59 84
60 147
73 137
16 112
61 81
42 94
12 131
15 97
66 89
90 103
20 52
96 145
2 16
128 137
17 101
11 58
41 123
102 126
19 106
99 119
46 52
118 134
38 127
90 124
21 49
36 66
23 66
41 53
26 122
96 142
4 39
56 80
29 33
38 85
34 104
6 7
43 132
20 125
72 99
111 122
49 120
45 90
45 116
44 86
17 131
56 140
39 66
124 132
86 104
92 140
57 119
11 31
24 120
55 142
73 145
38 91
26 40
58 135
7 28
11 111
65 81
97 141
79 91
38 132
45 61
83 121
27 121
76 96
16 22
42 75
23 102
91 103
132 146
9 49
130 143
75 142
56 122
6 84
47 146
103 117
74 130
108 144
20 69
17 34
36 109
41 119
17 50
24 99
27 69
4 132
62 104
48 60
12 108
115 147
29 75
39 122
59 138
41 112
20 75
31 56
52 86
97 136
23 70
97 138
22 145
3 57
7 40
4 73
5 148
33 96
73 120
5 63
36 77
40 67
35 126
35 120
15 92
55 58
53 91
77 94
12 105
132 145
32 63
55 148
55 136
20 74
61 133
70 142
14 89
104 105
14 106
9 47
34 43
93 102
7 88
135 136
70 140
40 48
86 125
96 146
11 131
55 109
48 51
7 69
55 77
64 73
53 69
30 146
38 73
59 137
23 29
31 123
7 70
16 111
55 122
49 66
27 100
114 148
9 19
75 82
20 109
139 145
126 147
72 106
6 138
76 97
47 59
102 144
43 83
13 18
34 45
11 55
87 106
39 92
90 118
8 127
51 115
102 109
101 103
0 87
62 81
4 48
26 74
61 71
72 108
28 116
9 68
2 110
45 88
15 68
73 98
102 138
32 143
53 119
18 45
49 102
66 128
25 127
49 130
2 111
48 113
113 136
8 128
30 107
53 55
94 103
7 37
60 87
35 58
10 130
12 40
23 44
48 125
24 50
86 124
13 101
12 74
119 131
24 110
83 128
118 147
46 56
26 55
41 118
61 73
53 148
3 7
54 111
62 69
43 95
50 91
17 130
10 101
30 59
23 85
29 38
99 148
82 147
86 106
22 39
42 134
63 96
67 98
9 44
59 60
76 78
121 138
30 81
19 78
6 48
3 86
2 35
43 51
8 73
102 134
57 132
6 15
24 49
12 102
28 135
90 106
16 21
39 87
56 146
23 31
11 103
55 111
85 91
73 131
54 57
36 95
28 134
53 103
101 142
4 140
79 136
4 61
21 70
16 23
33 123
37 118
54 64
12 39
35 115
116 145
2 19
4 142
83 95
57 86
99 140
2 138
58 126
56 133
18 72
76 134
89 127
64 76
42 54
111 125
96 103
29 31
101 140
91 116
57 90
38 111
36 38
73 135
3 145
71 146
25 39
10 115
116 141
7 103
104 144
25 108
35 59
53 68
52 60
12 115
40 123
55 78
10 40
5 53
95 101
128 135
41 126
2 20
59 62
53 123
68 133
103 131
7 147
112 149
107 129
32 58
14 56
134 142
12 41
33 95
32 93
7 57
48 75
29 93
88 130
35 89
9 50
54 140
119 120
28 63
54 77
84 90
27 122
57 102
37 123
0 130
94 101
89 108
130 137
111 127
65 127
102 136
17 93
93 137
58 114
18 67
54 136
10 108
81 113
67 106
0 120
139 146
71 97
51 86
115 136
64 113
17 82
1 99
12 146
86 126
4 55
41 47
5 58
41 103
20 118
20 50
39 140
17 113
38 103
24 67
120 131
39 53
40 50
2 114
37 89
91 92
138 145
35 53
40 45
46 60
86 103
85 103
25 66
35 108
49 79
69 140
119 132
31 36
84 120
77 125
114 120
51 117
12 75
91 124
53 130
20 67
31 33
62 135
110 131
125 144
3 58
30 139
58 80
80 85
58 147
140 149
32 130
44 104
47 102
112 119
31 146
0 94
12 33
8 75
58 130
119 141
49 119
49 87
22 143
22 141
75 134
2 80
30 101
84 142
70 116
60 73
37 135
18 103
35 39
50 127
69 149
44 113
73 80
10 68
51 61
3 60
22 24
9 129
42 118
19 22
48 80
52 125
19 100
15 23
1 53
1 63
79 122
120 130
66 104
73 134
18 58
27 98
2 106
0 56
67 73
126 132
121 133
39 145
62 98
95 132
68 122
92 119
76 119
8 43
10 66
61 74
64 114
33 137
15 31
2 113
54 148
49 112
2 31
56 111
86 148
77 126
63 109
31 40
21 102
85 106
118 139
72 149
56 87
54 141
5 68
37 144
28 117
41 93
53 143
10 23
3 21
33 74
43 105
47 54
113 140
4 15
28 95
85 141
15 65
11 108
33 105
22 29
36 148
62 80
5 116
21 127
8 45
25 123
86 112
77 135
22 102
13 89
14 131
24 104
62 93
49 88
12 96
78 132
10 42
60 144
69 88
39 114
53 94
5 95
46 109
0 38
36 132
115 124
83 113
48 147
7 112
67 115
8 106
99 136
80 122
2 74
3 144
30 99
51 76
110 142
129 146
124 146
109 120
8 109
74 106
56 81
22 120
128 148
37 128
77 100
19 131
23 76
27 106
24 79
85 134
64 71
33 97
55 112
71 108
32 64
79 120
15 50
13 44
74 80
60 102
76 122
2 41
47 69
11 71
50 96
23 107
62 140
46 130
110 147
79 132
109 144
97 101
19 28
112 121
30 70
41 83
35 43
39 52
27 141
24 112
3 78
3 135
31 59
16 42
53 61
44 76
76 126
9 146
39 70
11 45
5 91
15 36
94 138
2 79
21 134
22 42
86 107
0 148
4 51
100 113
39 127
25 77
49 64
60 146
1 58
127 146
41 72
93 112
19 79
121 134
123 126
120 126
73 127
78 90
31 51
5 128
80 106
43 128
3 68
32 46
51 73
29 118
19 113
0 142
34 126
10 24
99 144
39 129
31 119
57 72
62 114
45 51
70 146
23 138
55 149
34 102
31 54
102 132
69 124
2 103
16 127
4 23
107 133
138 142
40 65
4 102
116 147
112 126
73 114
13 30
7 61
14 149
77 123
19 82
28 48
32 98
55 71
15 115
30 48
13 48
97 139
62 72
5 127
103 108
66 145
116 144
1 20
27 48
49 126
22 80
83 147
29 138
70 104
21 128
60 83
51 65
56 113
42 122
4 105
24 137
8 66
72 110
28 132
22 51
140 145
16 76
118 136
1 71
104 114
30 127
2 124
124 129
9 13
17 55
24 29
12 32
52 136
63 86
43 81
22 53
21 97
1 60
14 145
24 115
35 121
37 78
105 117
56 134
43 141
127 135
20 60
113 118
42 66
103 134
67 129
19 84
18 56
76 82
42 99
20 80
28 125
11 142
60 127
104 139
45 49
64 121
33 48
80 146
87 136
65 66
10 120
67 140
95 142
17 91
29 133
111 135
26 89
36 117
127 144
41 101
116 135
92 142
72 137
126 140
108 110
94 132
11 119
111 123
8 42
105 141
71 90
4 10
117 122
98 146
102 116
38 134
4 119
5 114
78 99
96 99
110 121
20 112
14 67
11 137
16 60
138 148
6 75
43 89
22 45
49 118
25 141
13 121
12 124
70 136
35 85
6 101
2 69
62 89
43 125
39 119
34 42
77 134
1 79
26 142
16 145
52 59
90 138
73 146
98 148
68 76
40 89
55 130
31 84
19 105
61 117
96 141
21 95
97 148
3 141
7 31
57 146
105 122
120 121
47 53
140 146
24 126
44 79
98 133
7 124
4 44
43 146
51 55
34 132
49 94
37 142
63 69
0 113
48 105
81 138
84 127
90 91
21 148
1 35
95 140
100 148
40 139
14 102
83 100
2 67
22 98
5 28
20 121
27 114
92 117
44 93
2 34
4 90
79 85
1 44
46 83
53 84
32 49
75 100
21 133
30 93
6 36
9 120
73 116
110 125
19 40
94 105
45 105
26 45
93 109
79 92
12 43
14 140
35 143
75 123
30 129
14 40
2 130
113 127
55 98
18 148
91 145
29 139
21 94
32 35
77 84
109 122
2 140
42 68
48 142
21 58
121 137
27 62
12 129
25 49
18 59
79 100
23 91
28 34
0 20
15 55
62 136
107 149
34 57
75 128
21 100
29 94
106 148
109 143
72 124
59 118
145 147
58 146
8 49
75 78
6 141
5 61
0 96
115 128
37 130
9 24
74 131
17 27
33 142
110 149
8 139
57 147
38 57
73 115
36 81
81 121
34 138
107 111
78 144
47 103
3 80
21 27
107 113
65 109
77 107
10 149
67 137
10 140
33 60
94 123
73 85
2 104
105 134
34 133
57 91
24 147
7 102
101 112
6 89
54 81
36 141
78 98
131 138
34 105
107 134
40 88
21 109
5 125
1 115
50 66
70 139
57 143
32 115
82 113
20 104
0 118
40 138
12 24
15 35
108 121
6 140
130 141
93 99
51 116
67 97
38 117
61 137
78 140
5 56
54 91
20 25
26 49
65 67
58 60
9 97
2 119
55 81
34 82
73 81
3 112
48 77
0 88
40 131
97 130
34 38
90 110
42 111
10 141
76 91
60 98
22 27
31 44
92 134
36 108
30 50
9 147
96 140
58 119
8 84
87 93
8 76
70 101
63 68
42 91
86 90
122 126
80 132
13 65
32 134
22 46
15 124
69 75
53 136
56 145
56 115
120 136
34 80
26 61
16 85
3 148
67 68
1 11
0 135
11 68
69 143
62 143
24 31
57 81
23 88
49 109
65 106
40 63
76 127
69 114
125 127
120 137
33 45
32 69
64 89
2 52
14 21
112 123
70 133
11 37
89 103
3 14
114 130
33 143
96 107
73 102
82 142
29 43
1 141
53 66
47 106
19 142
85 133
123 140
139 148
43 120
22 118
0 124
41 82
116 136
14 43
15 113
35 81
45 64
73 141
35 93
80 92
19 117
69 70
8 92
30 112
60 112
75 96
41 110
21 56
27 108
137 148
91 104
43 134
27 38
20 21
91 118
41 90
49 62
24 32
132 144
36 147
68 90
49 89
76 146
47 134
40 74
25 69
97 110
131 142
33 90
2 71
78 117
0 116
50 110
28 54
5 140
118 137
67 82
23 58
10 65
87 130
91 134
10 45
51 54
26 72
46 54
34 74
18 85
10 44
54 128
11 75
59 141
77 102
76 88
0 103
23 131
47 127
87 113
137 139
89 95
25 85
20 73
95 116
74 83
20 61
63 85
22 89
67 145
7 126
11 26
89 115
0 138
135 145
46 101
74 92
121 140
2 97
49 121
74 140
13 135
7 144
50 142
23 142
55 128
76 137
19 59
1 145
77 145
63 116
65 119
18 115
79 88
12 142
69 128
77 78
24 70
48 127
115 120
20 145
8 26
71 85
79 119
75 138
46 51
15 93
33 107
78 138
37 132
66 72
37 82
37 103
84 115
13 57
50 144
26 38
72 121
65 142
10 87
23 124
14 117
3 139
72 111
11 140
1 78
17 31
85 132
96 143
71 122
62 144
27 133
17 144
35 61
74 142
3 26
18 88
133 148
29 77
125 132
66 122
44 117
29 91
9 90
58 73
36 113
83 132
95 131
25 118
20 46
80 90
37 116
29 88
1 8
46 131
13 119
17 95
60 90
19 124
52 143
14 122
77 142
59 112
134 149
25 72
44 80
89 91
45 137
49 52
29 147
53 58
9 85
26 57
5 75
37 101
64 85
59 117
36 52
108 133
80 91
49 143
31 130
43 97
85 96
58 101
45 122
4 35
7 55
21 72
11 144
53 65
31 101
7 139
84 98
36 122
3 91
16 134
3 102
113 132
6 53
8 65
71 74
35 65
100 138
19 20
27 52
27 32
36 143
39 147
2 102
46 62
17 102
19 126
47 116
53 145
14 133
54 107
42 48
122 147
62 85
17 119
14 124
28 61
9 18
87 90
13 118
8 31
4 67
81 84
39 88
69 94
84 97
59 145
108 126
20 91
18 112
75 104
99 122
84 91
60 120
31 127
66 111
8 30
62 105
115 121
3 143
25 136
99 112
66 96
45 76
105 136
46 63
75 146
76 102
14 37
22 70
67 132
30 84
5 33
130 136
12 70
19 108
96 137
9 41
72 85
66 68
66 135
103 136
7 72
20 37
59 77
28 64
109 128
31 99
86 138
127 141
20 136
7 84
74 110
69 80
136 140
117 145
24 125
97 120
64 81
24 37
22 88
33 117
66 118
8 93
28 97
32 131
7 8
74 149
41 143
46 69
16 68
35 149
41 124
31 73
91 107
73 106
17 120
86 142
93 94
118 145
61 138
67 126
64 69
3 146
48 70
65 87
122 137
31 148
54 149
45 94
41 61
54 145
54 83
20 114
5 7
4 143
42 60
63 113
45 139
39 134
1 133
136 148
28 96
52 91
134 135
4 107
45 63
8 67
102 106
28 43
15 52
95 149
1 95
130 134
51 77
28 141
31 52
42 115
102 128
85 136
39 82
0 125
125 138
28 127
54 132
27 84
55 134
8 149
4 86
6 132
76 107
6 64
64 102
72 130
45 87
106 130
38 114
71 107
109 126
12 36
87 129
37 106
43 78
21 115
25 98
29 131
75 98
106 120
107 136
57 69
81 134
93 145
130 145
10 39
64 77
22 40
9 23
39 65
56 65
16 26
22 123
89 121
52 134
12 121
3 44
7 135
14 123
33 114
79 125
62 92
8 118
36 46
9 82
1 110
127 139
25 87
98 100
102 121
9 107
18 133
71 103
53 110
130 132
22 72
3 42
39 132
64 140
49 100
50 65
73 79
83 84
101 113
47 86
5 121
60 61
43 66
56 99
10 50
7 75
2 142
32 81
15 117
11 42
94 119
29 82
18 106
21 117
78 95
57 138
101 139
111 113
42 89
67 121
34 124
37 136
7 129
131 141
6 62
20 59
42 129
89 145
17 145
73 136
18 99
5 21
20 64
56 60
53 118
43 118
48 49
9 76
101 109
14 100
70 96
16 131
54 117
2 135
4 75
42 127
107 114
65 89
33 61
8 134
40 69
106 109
28 110
25 128
108 147
109 124
66 114
2 29
104 122
53 134
31 125
101 118
53 85
64 145
6 38
46 65
18 93
6 43
17 124
41 135
43 57
72 103
75 111
58 79
44 115
26 78
35 44
21 125
22 121
80 82
14 108
97 107
141 145
67 99
120 138
2 61
71 80
101 122
90 121
46 74
51 112
84 149
39 42
7 80
7 119
10 52
15 29
12 29
17 146
97 106
119 130
68 101
93 107
39 55
3 18
42 142
34 134
65 133
41 102
124 145
80 84
22 93
73 83
83 112
2 26
138 147
6 145
36 100
12 50
75 85
71 77
1 5
14 137
97 140
60 70
73 148
61 114
11 145
47 120
50 70
56 139
139 144
53 71
6 44
23 30
88 129
77 144
24 75
36 48
109 136
46 100
72 94
94 111
43 63
29 67
36 123
71 78
117 142
33 63
50 64
29 87
54 66
75 129
90 111
27 129
45 131
70 93
58 108
45 95
18 81
10 14
60 126
101 141
30 69
10 67
1 65
17 37
53 139
72 98
81 116
28 60
46 140
36 49
67 131
48 118
29 129
68 129
36 144
32 73
21 63
28 138
21 126
103 113
12 144
72 83
64 109
46 132
26 100
5 146
27 31
3 125
59 63
49 91
39 112
15 67
3 88
96 116
78 128
15 51
76 145
27 145
5 22
65 82
86 132
58 125
94 125
42 97
40 64
33 94
51 145
97 109
47 92
42 87
21 92
20 138
27 134
47 122
111 134
64 99
9 95
47 90
60 129
7 49
2 77
40 75
7 71
81 131
8 100
77 114
45 135
72 144
106 133
33 51
93 114
18 31
20 72
77 79
27 40
29 108
42 82
100 120
47 83
77 143
119 126
34 73
50 61
16 93
68 89
48 83
12 140
88 91
20 92
49 76
84 123
56 106
99 131
3 36
122 127
39 128
74 144
34 142
55 120
51 98
41 132
39 126
61 140
26 53
78 146
103 124
101 133
79 96
20 22
73 108
64 111
22 111
116 120
69 92
47 51
9 125
12 52
6 107
38 58
135 139
63 137
73 122
74 86
57 144
0 114
25 116
76 128
65 125
26 41
79 135
105 144
137 143
28 53
30 40
55 66
54 89
112 122
61 147
40 130
46 125
2 15
52 139
47 68
2 139
20 96
89 94
5 122
78 120
24 135
99 115
116 126
34 63
52 128
111 138
35 48
81 90
79 89
12 34
34 75
124 134
88 149
73 76
76 77
42 90
4 53
76 84
65 108
45 59
144 149
11 56
85 114
104 131
81 141
83 140
66 144
10 85
11 115
139 141
49 99
106 147
8 11
26 59
5 82
70 85
5 111
32 38
99 104
40 68
6 128
107 120
77 130
6 40
32 88
100 145
80 128
18 96
12 17
5 42
18 73
24 82
0 62
7 101
91 102
108 138
27 68
1 137
25 65
48 82
100 132
23 117
77 106
90 108
3 108
2 7
6 115
0 109
111 139
108 109
47 111
26 139
10 64
89 98
14 111
23 143
59 146
3 51
10 132
129 143
34 115
62 75
2 14
15 62
80 127
43 52
69 85
6 125
27 136
62 76
84 126
80 116
46 108
37 127
18 91
43 80
106 123
109 142
11 98
17 87
44 135
23 75
33 85
1 61
71 134
27 29
30 79
119 135
55 108
37 69
26 48
62 124
59 149
44 58
18 95
103 119
24 40
35 106
5 59
66 101
113 138
47 89
16 148
60 99
94 108
50 53
84 117
40 124
43 45
51 93
44 81
45 86
6 146
36 39
26 88
36 86
39 84
98 142
76 109
65 149
28 142
9 114
57 148
18 117
109 145
23 127
4 98
88 101
137 142
22 31
31 120
43 107
59 98
17 62
123 149
33 49
82 103
68 77
2 11
49 103
42 100
122 143
18 145
93 113
4 82
1 74
19 107
26 81
66 83
59 134
8 111
28 38
74 101
42 146
58 92
73 149
80 113
29 99
66 91
46 57
8 32
41 148
46 55
100 135
59 124
16 51
11 107
107 109
85 124
86 89
55 57
79 101
112 114
5 109
106 110
107 122
3 59
34 79
64 139
25 139
130 133
52 141
39 142
17 133
28 72
41 107
23 57
35 69
82 115
43 124
4 106
35 127
18 90
1 126
26 131
13 17
9 70
53 56
73 109
37 137
71 95
8 54
50 51
6 28
56 57
93 146
94 127
25 109
42 121
81 112
25 56
13 52
10 57
25 146
33 77
33 84
36 140
39 120
97 131
6 106
121 129
87 117
95 143
21 122
0 57
38 44
65 86
31 45
54 125
35 118
41 48
19 97
30 117
11 78
15 75
99 100
12 44
96 138
89 113
0 110
35 55
78 103
78 129
45 92
108 137
20 63
13 92
79 124
14 47
25 29
112 129
15 57
3 4
9 42
105 138
81 127
93 147
78 119
27 76
12 65
141 149
44 88
6 39
8 15
37 149
63 103
53 81
44 61
57 124
3 69
54 120
45 120
69 82
117 121
34 129
53 54
34 143
66 103
58 120
31 110
132 133
21 39
9 77
47 131
92 145
18 116
20 29
40 117
82 119
64 123
4 46
65 103
31 72
94 146
87 88
49 107
100 126
3 97
39 56
64 131
38 120
134 141
48 78
17 128
12 27
10 26
3 124
29 111
41 44
75 105
66 113
6 66
72 116
66 129
32 90
58 138
113 129
4 59
33 79
87 94
43 62
93 128
103 145
55 80
74 139
25 48
56 62
12 63
1 120
86 141
101 110
42 108
109 123
55 114
118 135
20 116
6 9
40 83
103 109
75 139
17 105
6 18
49 128
6 79
9 93
126 135
86 98
31 102
41 122
99 147
32 45
8 120
29 81
59 78
78 136
104 145
51 146
144 146
21 143
94 107
28 31
54 74
33 134
62 106
34 92
48 132
