100 250
57
23
113
89
83
90
95
103
46
114
40
55
105
103
28
31
35
83
22
110
32
90
105
75
73
110
33
44
59
100
27
48
103
21
117
118
91
44
101
69
90
74
104
76
109
65
87
25
80
42
67
44
112
52
100
117
42
65
41
81
45
49
110
80
102
59
79
25
36
112
74
106
66
110
62
56
107
82
113
68
104
112
92
48
44
24
97
118
69
119
31
46
100
73
107
34
113
66
39
81
5 73
30 91
14 88
50 52
73 97
4 17
33 37
18 68
6 68
21 86
32 68
10 75
12 21
76 87
41 72
14 33
15 64
3 81
33 66
53 91
2 57
28 39
49 91
9 11
7 30
91 97
51 59
24 66
54 72
1 13
34 78
46 79
50 60
1 16
54 93
7 48
12 88
55 87
89 97
66 96
15 79
40 82
6 75
7 99
12 60
43 64
43 46
41 97
4 42
49 65
25 97
9 97
37 65
16 54
82 86
2 17
42 97
0 72
1 59
65 71
19 87
8 65
1 31
14 87
44 80
36 93
57 86
22 54
23 70
28 61
30 52
1 78
30 73
74 89
8 37
26 52
53 68
40 55
49 72
42 43
29 96
3 4
31 66
65 70
62 96
72 87
26 98
13 16
4 47
76 84
2 56
4 10
43 59
15 59
54 55
84 97
0 50
69 89
6 32
46 91
2 15
29 33
65 98
13 97
2 73
11 49
54 76
71 73
65 84
20 38
35 38
5 41
36 46
20 62
4 53
7 18
21 51
36 86
1 85
51 55
1 58
66 86
7 39
9 72
48 76
14 45
2 35
7 23
48 69
43 52
61 75
11 96
64 99
17 34
84 86
73 95
39 87
46 81
31 91
63 91
26 73
65 81
50 65
2 45
29 70
33 59
75 77
12 33
17 93
50 66
37 64
46 57
83 88
53 89
32 47
21 69
58 86
54 60
4 8
6 74
38 65
40 92
79 85
29 62
26 51
9 18
53 72
13 49
7 97
28 45
56 70
14 24
16 18
32 74
44 70
4 39
32 38
17 48
10 17
21 47
30 61
31 71
27 78
24 28
58 98
72 80
22 49
7 43
23 39
15 29
67 95
44 47
16 85
6 84
37 43
1 19
57 72
51 84
2 31
8 60
30 41
4 85
80 90
11 13
19 41
28 67
27 60
63 97
69 96
81 85
35 65
22 57
8 59
14 58
18 91
21 74
11 59
89 91
63 67
47 82
43 82
45 75
23 40
14 74
8 79
61 65
20 53
11 25
17 86
13 82
41 90
24 68
68 95
10 62
44 83
9 65
36 87
10 80
24 59
6 20
56 67
9 85
39 63
32 55
22 39
15 96
43 83
5 53
18 49
15 83
