200 250
50
91
30
51
41
71
57
107
83
105
31
112
56
28
95
106
112
99
49
75
41
38
50
68
40
119
82
91
48
116
75
78
87
37
62
108
89
51
95
104
89
58
49
25
67
76
111
111
55
41
67
29
111
49
77
31
49
91
54
77
87
109
87
54
79
29
94
100
113
22
36
82
60
65
87
107
73
78
51
109
51
98
70
42
79
79
106
108
50
40
117
69
82
37
55
41
98
29
21
91
31
89
53
72
35
72
111
88
83
42
29
114
72
31
89
32
90
75
72
72
47
22
21
109
39
56
82
117
118
35
41
29
105
74
33
72
27
25
40
42
99
102
36
104
65
57
68
36
112
20
40
92
74
42
81
93
30
44
43
80
111
64
90
96
70
55
48
29
112
21
51
44
55
68
28
100
57
76
68
50
28
89
74
35
111
35
60
73
111
83
34
103
79
56
31
30
91
60
39
36
71 142
143 181
24 126
7 53
155 177
85 156
16 143
0 149
4 150
13 64
7 164
3 22
44 100
97 161
49 172
121 143
102 115
70 91
29 155
84 198
66 154
28 82
104 180
108 184
45 198
4 24
20 27
73 105
18 23
25 122
43 190
57 168
97 190
5 101
19 99
86 89
54 69
110 120
50 105
95 170
55 194
51 75
156 174
148 149
71 127
69 174
66 95
127 164
28 85
57 121
10 79
85 95
15 80
130 195
72 117
127 177
64 180
3 38
103 137
16 139
66 126
85 193
12 161
109 198
30 192
55 72
40 150
72 109
57 118
154 190
83 174
38 70
64 73
28 153
128 168
55 169
34 54
0 147
19 109
145 163
91 153
83 187
55 97
125 156
110 154
116 128
138 146
10 119
147 163
91 115
84 115
101 146
90 146
48 109
7 146
25 98
12 51
106 182
90 109
32 63
100 152
98 144
38 63
1 60
162 175
30 44
11 191
102 131
89 132
49 163
78 188
99 129
1 33
110 187
123 171
28 126
22 71
61 78
37 139
14 199
59 114
29 78
2 161
43 180
45 143
92 123
132 192
4 133
25 143
101 195
73 115
129 138
7 95
132 152
98 166
84 165
113 177
43 131
23 26
71 175
19 118
50 146
102 163
135 141
46 83
113 194
75 156
4 51
3 82
133 136
122 172
51 98
86 141
64 183
110 116
34 136
34 81
37 197
124 137
135 138
7 84
48 164
51 159
168 193
7 56
126 129
24 29
67 132
67 117
83 185
19 177
11 20
6 9
8 95
98 133
30 141
78 182
57 141
129 177
134 136
13 185
17 166
37 102
107 185
69 169
92 99
40 64
46 110
25 70
141 159
168 171
52 102
1 61
83 195
38 129
19 175
142 189
132 142
91 127
60 191
35 148
111 189
21 52
35 77
43 129
11 188
40 52
54 65
60 101
91 137
108 142
36 67
9 97
120 140
88 111
37 153
64 99
151 178
13 38
81 180
94 169
45 147
110 161
15 153
42 123
65 106
150 173
0 101
22 134
92 175
45 85
164 184
110 142
87 100
68 107
2 181
26 37
101 150
54 89
12 165
72 96
77 198
130 197
43 104
11 190
88 175
126 150
14 69
50 176
82 184
