250 1000
71
47
77
77
32
104
86
30
33
73
43
115
59
73
84
113
106
33
90
73
49
84
78
75
42
58
95
54
44
69
88
47
96
46
105
108
82
23
70
95
29
93
42
68
99
58
113
85
71
83
39
52
47
49
108
21
39
35
56
64
84
76
91
112
54
28
53
116
84
103
43
93
29
65
93
108
103
86
73
106
101
44
39
28
25
79
81
45
46
69
41
62
78
64
54
112
25
87
109
89
23
84
62
32
82
87
20
117
53
25
104
34
102
75
94
107
86
107
84
112
109
105
106
67
102
40
59
107
60
100
76
63
65
70
75
27
37
27
24
70
32
60
36
114
115
62
54
81
49
118
25
38
56
111
85
38
84
77
77
24
57
33
67
102
83
74
61
52
81
66
102
45
106
70
92
54
112
26
67
41
76
73
112
112
116
29
82
80
86
39
36
24
52
35
58
67
41
100
99
102
98
33
80
36
35
52
22
27
110
70
101
66
75
93
59
23
54
21
36
21
41
52
77
25
20
67
73
41
47
104
76
77
70
36
46
85
68
48
93
110
98
26
56
105
99
95
109
85
49
25
55 148
49 177
195 237
51 234
73 74
210 240
58 82
121 132
39 132
150 207
46 248
106 125
60 177
121 177
74 126
74 81
8 181
225 228
27 97
172 212
25 100
14 34
135 185
18 169
78 174
69 72
175 178
197 238
68 205
131 166
46 99
80 205
180 210
57 160
59 123
12 81
0 95
37 148
19 82
109 207
26 97
25 181
54 129
9 115
49 133
96 140
197 233
28 193
188 229
39 102
61 184
153 163
29 51
201 214
158 172
19 73
4 36
90 146
114 235
35 99
91 247
230 233
11 38
18 25
128 199
113 159
62 164
26 193
67 79
157 240
82 237
24 111
8 87
114 174
66 122
209 221
44 157
48 202
55 79
107 168
77 207
121 220
98 241
58 65
30 74
17 150
12 157
96 143
110 122
20 96
28 82
37 67
19 126
34 85
3 99
158 243
65 182
25 30
15 197
45 186
86 123
30 165
58 98
220 228
20 249
66 150
183 236
161 188
5 125
47 206
40 129
163 217
99 105
41 121
46 227
63 183
14 52
30 94
86 114
5 131
64 117
55 241
98 226
23 180
157 161
124 166
21 177
218 223
121 244
13 195
110 142
194 196
142 226
63 77
7 208
68 226
23 161
31 101
9 63
166 226
142 225
142 152
16 115
10 222
88 167
125 231
129 174
27 106
66 104
169 175
63 89
151 188
0 182
39 111
15 98
73 130
10 22
26 77
49 240
36 78
14 68
161 197
188 189
53 106
43 74
32 208
15 183
117 146
37 218
66 229
155 211
165 241
68 233
75 191
79 219
37 154
65 93
133 234
4 140
150 240
22 66
82 108
57 107
51 127
132 246
45 151
36 93
168 179
206 211
4 27
41 158
64 236
76 151
120 182
41 110
184 209
43 234
2 143
123 195
179 248
2 168
23 57
22 202
115 234
58 143
69 127
113 207
145 210
179 233
103 195
63 114
9 31
175 206
3 11
111 150
68 183
58 215
227 238
93 112
74 170
201 236
45 239
166 236
2 108
166 211
30 197
24 81
39 83
108 152
8 188
115 223
81 178
31 156
171 245
97 249
87 166
150 155
66 234
92 244
68 160
54 118
42 180
51 183
115 159
85 156
19 52
129 197
13 235
156 205
8 56
105 174
5 143
182 230
174 176
94 174
188 228
64 230
11 115
163 228
100 126
134 145
116 152
138 195
129 150
146 239
2 207
16 202
109 198
34 135
209 226
16 230
39 146
50 246
11 114
131 240
111 117
115 238
35 233
3 214
2 185
204 244
106 220
49 215
20 83
98 203
42 183
82 114
110 181
45 234
36 84
85 126
68 199
55 161
33 198
57 89
15 45
59 94
181 230
177 183
29 72
218 245
6 150
207 240
180 195
83 208
14 43
61 65
213 222
222 246
23 131
68 187
98 146
14 229
29 43
160 162
115 233
121 155
112 235
32 214
144 172
116 158
67 177
30 76
2 48
127 129
32 66
178 195
61 165
46 157
104 172
207 220
155 214
140 193
157 179
24 73
79 140
84 248
160 170
24 29
10 60
92 151
178 198
21 195
30 111
215 242
51 202
37 107
15 231
124 138
70 120
116 204
68 138
199 216
14 26
17 61
221 240
94 215
178 185
29 124
77 144
80 181
36 198
162 238
153 244
112 114
75 80
170 245
71 136
85 195
6 163
103 236
98 170
34 80
99 204
95 165
31 246
26 170
41 46
40 158
46 122
7 121
177 202
23 116
64 163
79 211
22 64
65 120
86 145
6 37
172 201
132 233
20 159
66 153
52 61
98 106
183 215
219 237
143 187
59 113
101 176
123 138
55 240
178 243
102 200
151 216
24 98
44 236
109 241
13 110
68 154
111 189
34 182
29 222
88 142
68 73
196 226
133 160
41 190
83 245
8 86
19 107
165 175
18 68
82 127
25 48
45 214
80 184
95 213
52 237
51 125
129 157
169 173
12 66
197 212
62 220
135 183
60 179
201 248
78 181
182 206
227 228
162 170
16 159
125 211
105 176
86 115
111 157
136 169
178 200
92 116
2 171
127 202
78 164
197 200
9 234
153 237
64 176
2 223
44 127
1 185
123 156
63 218
87 105
15 85
157 201
78 209
55 86
31 72
17 83
19 26
25 170
117 201
59 245
96 97
3 246
215 220
57 66
151 172
79 174
205 235
10 112
143 173
36 190
78 158
68 248
36 183
84 134
144 153
0 231
79 92
62 105
146 172
68 221
175 247
0 232
112 232
156 197
5 233
83 198
17 141
176 184
18 53
58 162
14 143
107 161
16 223
21 119
40 243
40 68
142 240
75 152
4 99
9 83
31 185
178 194
128 150
55 105
17 249
114 115
13 127
222 236
143 244
184 207
89 99
104 181
6 241
108 245
106 191
106 143
153 223
71 225
28 133
31 132
46 247
59 248
72 124
17 147
104 168
53 109
9 204
41 195
16 149
43 224
1 193
117 166
40 154
38 243
24 69
22 115
21 122
26 145
173 195
15 113
129 170
185 223
116 180
48 233
26 117
22 60
27 241
34 78
72 100
94 198
93 217
14 217
16 84
229 248
54 107
37 183
166 170
140 187
192 209
52 72
200 233
106 231
30 55
3 184
1 226
45 75
95 145
59 213
39 229
86 211
93 145
116 225
162 163
108 208
160 223
143 238
50 109
43 120
96 156
44 231
139 142
53 228
103 208
92 166
38 146
163 224
6 77
114 238
35 212
126 167
122 237
96 155
127 172
139 180
36 223
175 242
21 130
52 113
47 199
3 62
9 25
13 139
123 174
102 225
65 193
200 224
161 248
77 153
51 179
189 193
18 216
39 185
199 238
5 246
8 39
58 64
50 120
77 95
76 155
20 197
171 220
220 233
48 170
201 238
177 201
71 144
181 246
195 213
21 70
43 60
180 203
50 226
3 156
80 146
61 93
31 202
24 117
116 139
72 105
90 125
32 86
49 130
12 17
39 75
82 118
12 201
72 178
165 177
61 84
109 247
6 61
130 225
86 246
10 114
56 101
236 238
37 142
12 116
44 151
51 85
104 162
86 199
114 134
116 218
27 225
34 67
139 197
9 225
194 226
87 147
32 75
27 133
102 214
39 115
146 192
160 200
46 150
99 181
116 215
1 144
42 171
30 181
39 118
156 164
117 244
2 62
47 171
29 136
149 170
103 147
54 112
10 58
9 56
24 43
76 147
118 168
50 68
50 186
90 206
59 203
15 52
61 76
90 164
64 212
10 167
63 224
121 221
87 129
130 232
58 154
27 174
177 197
225 227
167 236
35 189
190 226
56 140
16 220
80 82
136 195
200 247
71 169
6 173
52 156
206 239
118 214
233 243
60 66
52 220
108 227
48 149
166 195
28 119
6 246
75 95
206 244
18 231
71 103
92 137
27 204
112 210
128 197
20 172
149 180
23 230
28 57
144 194
42 234
59 150
208 239
8 156
9 189
79 179
203 208
133 163
71 182
95 144
54 74
34 97
154 200
62 122
108 110
16 95
2 18
6 94
78 162
18 102
33 171
124 197
93 182
16 140
114 136
112 169
209 210
160 203
113 118
75 135
3 78
170 183
22 177
27 100
191 231
113 220
14 19
89 209
53 81
20 226
88 217
30 189
47 244
12 42
177 214
43 87
55 78
105 139
7 80
86 228
45 202
99 237
153 161
137 170
138 173
214 225
20 124
60 62
127 238
92 178
22 125
38 100
29 180
187 205
41 109
17 155
219 243
6 244
164 224
144 147
154 221
174 213
23 198
89 186
150 181
114 172
4 56
22 88
33 79
127 143
120 247
150 215
144 216
42 74
58 218
189 213
41 152
27 239
28 78
54 142
19 249
107 179
8 32
27 87
186 231
48 177
4 173
84 192
149 235
234 239
75 138
69 118
103 148
98 180
55 200
97 234
159 231
98 242
9 223
34 38
38 124
64 246
84 148
171 189
25 47
160 185
131 202
37 131
6 186
89 205
100 170
15 186
90 233
188 214
2 124
63 208
2 150
197 232
129 244
81 234
91 125
7 239
97 230
45 69
52 68
91 169
83 220
25 240
56 178
92 180
155 180
182 240
9 222
138 231
216 217
71 194
61 159
201 241
99 158
60 63
81 167
6 102
154 246
127 210
175 219
140 207
124 232
140 235
57 121
24 123
47 189
70 98
22 108
89 118
1 223
33 140
89 242
36 221
49 63
41 43
19 20
12 125
5 182
128 134
58 73
129 175
24 135
3 215
106 226
139 217
31 210
93 169
33 142
76 232
35 104
96 160
101 117
93 103
81 151
109 176
30 200
135 244
166 202
111 235
123 239
82 141
42 175
76 126
1 213
82 97
123 199
132 154
72 81
204 241
87 133
90 151
40 201
136 234
31 227
107 172
1 161
89 199
201 229
150 176
53 113
17 96
168 185
28 200
84 123
213 217
7 235
16 224
93 149
52 53
174 215
53 123
134 156
176 209
48 77
161 237
83 232
19 30
2 231
47 227
116 167
4 42
58 226
69 80
60 134
122 234
