300 750
111
71
83
104
38
108
80
68
100
65
71
81
111
40
43
25
102
114
62
96
95
21
22
54
112
73
67
95
97
24
105
89
75
20
25
94
109
85
94
41
82
45
54
73
117
77
30
99
23
73
28
51
74
30
85
119
83
84
94
60
88
32
81
95
32
38
69
73
103
95
94
65
72
29
71
70
38
81
49
94
34
109
25
41
119
42
40
34
106
66
27
26
30
40
101
43
59
103
48
42
78
23
40
31
84
43
33
102
104
114
76
71
104
33
44
55
107
116
22
93
62
29
99
25
49
33
48
88
116
28
63
74
31
35
37
95
58
102
30
94
97
38
97
33
52
21
20
91
69
22
65
112
83
96
117
113
109
97
33
105
105
28
112
69
43
81
96
33
64
106
60
93
77
89
106
61
43
106
32
92
61
77
36
24
106
85
69
47
62
83
85
100
91
77
101
67
38
77
32
34
116
72
107
73
94
45
114
117
32
26
89
73
36
106
29
22
71
79
101
66
42
66
98
65
23
79
64
94
88
77
60
84
81
48
89
55
73
83
104
37
42
26
42
58
64
52
112
115
111
93
113
85
40
43
82
95
54
27
21
23
36
62
39
49
42
109
85
95
24
21
65
46
27
87
36
71
71
28
119
114
54
64
79
26
88
42
53
74
101
107
77
117
49
49
46
23
38
63
50
94
67 295
28 45
220 236
98 161
57 76
44 205
265 286
67 237
90 194
117 176
39 237
58 122
16 39
212 290
183 218
2 3
100 213
83 149
72 244
148 248
1 205
39 244
170 181
12 106
76 223
167 189
63 160
226 228
102 268
193 285
186 196
39 99
48 122
1 120
1 118
20 119
17 258
129 159
17 198
26 141
30 293
205 246
145 224
134 247
27 192
131 284
76 275
23 282
198 283
17 195
36 267
188 295
99 284
176 235
17 169
13 162
100 259
67 245
183 253
128 245
32 229
7 259
5 241
82 256
25 277
65 245
60 213
65 281
216 236
6 234
148 230
106 241
103 267
177 221
5 100
30 253
13 16
9 87
95 286
120 125
52 122
86 164
103 203
72 101
107 189
37 54
265 295
4 120
224 277
221 229
3 283
245 296
142 255
143 290
20 293
97 162
0 142
262 298
63 203
70 92
176 222
129 239
186 223
111 148
32 215
77 198
75 87
246 282
82 142
127 272
134 162
57 225
135 187
55 90
2 177
183 224
64 105
28 215
2 26
176 218
111 254
168 198
81 167
215 232
9 204
42 223
91 267
278 280
87 206
68 208
16 251
121 184
68 99
122 150
26 178
40 289
32 261
165 239
128 172
80 137
123 128
112 219
93 142
49 197
180 266
9 249
194 269
70 89
45 220
212 223
4 247
31 264
256 265
145 197
180 277
8 34
147 152
47 280
229 240
148 172
157 247
173 269
103 244
58 149
22 164
124 163
79 141
96 247
97 144
242 277
173 276
37 78
69 175
125 167
273 299
92 246
182 265
267 286
78 209
126 135
11 100
41 231
152 288
28 249
22 132
58 278
50 68
136 226
13 137
93 188
38 237
135 220
154 203
112 206
41 232
33 290
32 53
257 264
20 44
205 259
66 237
117 263
5 151
43 195
164 188
83 202
126 270
29 174
81 125
57 193
174 184
142 279
159 268
40 237
196 203
245 270
185 260
87 191
130 163
79 138
70 221
196 281
156 244
69 225
171 289
163 178
21 107
75 143
80 180
83 115
28 113
53 213
73 192
156 237
74 294
68 145
41 212
19 258
33 299
190 211
162 297
57 284
124 164
137 239
217 248
52 53
131 178
246 287
20 167
34 235
2 165
37 259
47 266
51 278
46 168
261 262
217 247
18 41
163 208
32 163
125 137
217 256
15 215
234 296
82 287
169 205
136 259
102 216
58 194
105 205
114 167
83 118
136 166
30 124
96 208
222 245
45 214
60 230
129 278
169 294
60 216
126 196
42 227
50 285
236 255
102 142
123 260
41 185
61 149
123 245
69 269
15 167
150 283
127 165
122 128
86 189
90 212
17 85
136 254
54 242
91 197
44 266
157 281
58 60
42 183
4 11
4 223
40 78
73 206
202 205
80 291
91 222
203 228
209 239
116 293
151 260
242 247
100 278
38 280
22 158
214 274
85 278
138 216
18 211
122 275
165 254
8 266
176 221
115 237
105 182
33 160
65 103
32 44
12 255
134 165
86 108
80 224
139 218
140 209
14 181
47 185
203 268
55 144
177 292
11 59
150 171
145 215
26 177
11 281
146 242
80 199
254 279
4 93
196 249
55 130
210 240
178 229
195 285
72 74
29 85
132 179
257 277
35 95
106 154
69 148
4 268
229 259
285 299
0 104
159 182
130 144
112 151
47 75
97 149
119 126
235 251
58 244
205 280
187 279
48 63
35 68
16 68
27 67
2 183
119 236
2 95
132 246
114 207
45 211
57 165
89 292
147 168
149 236
52 215
36 168
16 123
136 236
15 140
194 256
75 198
45 182
14 77
191 292
37 222
102 279
244 254
23 175
91 259
76 196
164 226
64 294
52 287
131 179
67 87
17 125
7 162
63 292
74 107
183 296
38 196
27 203
50 282
78 125
61 206
73 287
70 189
57 282
165 241
60 289
4 114
130 166
174 193
210 248
52 94
0 244
23 184
166 203
33 73
134 291
117 239
61 173
6 207
171 248
72 160
8 76
26 138
200 295
83 205
148 187
51 144
235 240
143 167
153 292
197 229
178 220
14 52
20 282
84 268
29 65
91 212
219 259
55 292
165 192
268 294
37 234
130 256
109 249
6 59
31 127
20 231
41 65
243 270
61 79
87 142
231 291
114 251
221 275
167 168
188 215
150 256
144 213
32 254
143 214
12 93
33 174
25 292
20 126
14 239
99 102
90 134
33 248
8 93
221 261
136 227
150 184
38 46
70 97
0 63
13 213
140 156
98 233
132 276
146 253
0 101
85 195
49 288
145 270
2 73
159 204
9 197
158 250
20 251
221 233
16 77
114 125
11 257
142 264
57 156
69 208
159 264
46 260
191 252
254 283
16 194
77 210
91 161
163 235
156 164
97 180
222 286
46 297
188 232
13 140
82 297
100 208
46 146
51 221
90 204
57 106
98 268
236 241
129 171
45 105
28 254
14 225
23 228
63 212
76 263
52 260
153 211
9 221
51 142
60 141
46 170
0 196
190 236
71 189
46 107
116 187
0 93
253 281
16 116
79 193
145 298
56 91
12 203
65 254
178 206
4 148
100 148
200 290
84 90
61 243
136 229
131 189
22 136
170 190
115 205
21 50
112 165
68 158
177 275
75 83
205 223
5 88
40 71
47 207
108 182
71 150
33 89
12 111
170 234
53 75
49 74
177 267
87 239
35 116
62 110
251 268
85 91
156 273
21 184
115 118
181 266
23 189
51 253
186 273
187 240
100 289
14 277
253 256
64 291
121 179
125 154
147 291
172 268
152 200
15 245
23 179
212 281
85 202
88 218
58 105
28 159
43 94
50 188
253 296
94 170
0 132
31 295
263 291
191 203
168 201
191 259
80 240
155 282
73 77
70 136
151 231
25 295
183 194
128 242
188 274
72 164
159 274
17 103
59 175
95 261
220 260
38 92
212 245
74 290
19 196
2 178
47 173
27 293
108 207
288 297
152 181
69 207
64 225
277 291
36 290
48 86
176 210
140 174
121 214
192 216
94 162
194 262
19 274
128 255
181 295
115 177
200 298
22 264
275 299
7 11
145 289
59 251
21 251
142 178
146 217
35 80
281 293
12 42
49 255
189 192
97 121
4 297
26 120
13 95
20 78
107 119
165 218
123 186
53 170
80 87
167 199
192 219
13 149
156 257
63 201
45 160
23 49
143 157
128 222
206 290
149 242
77 107
68 200
290 293
73 253
129 205
49 241
142 149
106 114
177 298
44 60
83 89
273 278
220 268
162 231
9 118
21 238
66 261
228 267
109 192
133 172
21 210
25 27
25 180
254 292
44 121
75 267
53 94
15 292
73 224
191 229
233 251
129 246
17 109
209 213
85 271
94 181
159 173
91 206
161 251
72 83
158 257
