100 750
105
65
100
94
32
77
57
34
41
36
94
76
113
111
66
21
51
109
46
48
60
58
109
107
104
56
24
61
49
88
89
34
34
70
60
98
79
49
112
100
66
86
108
111
78
107
112
61
96
38
89
36
28
31
24
112
119
80
105
48
49
75
114
115
25
55
93
36
84
86
117
82
104
105
74
114
44
118
56
21
89
77
89
97
88
45
42
40
106
27
68
87
82
63
82
39
50
107
56
66
82 94
32 61
63 76
82 87
25 29
37 71
39 80
36 88
54 61
31 48
35 70
58 59
39 89
37 55
43 44
10 77
42 90
18 90
58 78
1 35
24 59
72 98
8 57
18 86
18 62
18 49
30 40
8 29
15 21
18 64
11 29
2 94
23 84
20 33
14 73
68 73
92 98
55 72
0 10
14 25
80 95
21 64
24 25
2 47
21 39
51 63
2 57
5 77
25 94
8 63
51 83
1 82
6 76
8 76
16 85
43 97
7 80
58 70
31 72
22 57
20 93
25 47
30 77
8 24
32 40
23 59
12 66
72 99
20 28
5 89
38 71
30 37
8 95
13 80
35 52
25 26
25 61
55 91
2 31
51 94
62 63
18 30
69 74
43 49
33 89
2 41
67 84
74 89
3 52
14 16
69 77
32 59
11 52
15 26
73 96
48 97
18 52
67 94
46 47
40 81
35 94
19 22
48 62
8 17
0 74
33 78
43 92
10 47
55 88
29 63
12 85
3 29
16 23
22 64
21 62
45 56
9 19
23 28
68 88
40 68
25 63
58 98
6 25
21 49
6 34
33 35
50 89
10 11
14 32
11 26
40 87
30 68
10 98
9 50
19 72
17 27
30 96
36 78
21 27
27 57
13 43
2 14
77 93
59 65
43 61
1 70
30 52
22 40
31 51
22 42
3 69
39 85
17 66
39 74
44 83
57 67
26 81
11 71
29 58
19 82
4 72
3 73
57 95
43 60
26 38
81 82
7 21
18 25
91 92
35 65
76 84
45 54
8 65
26 76
37 60
20 65
13 22
8 67
82 93
16 98
26 58
45 89
80 83
0 89
65 68
65 84
2 20
73 98
63 78
58 77
23 73
38 98
65 97
31 98
11 97
47 89
34 90
24 69
37 91
27 41
2 13
29 76
11 59
22 39
37 64
87 97
2 95
26 52
15 49
5 26
56 63
47 91
32 67
22 90
9 17
22 24
0 47
58 86
8 91
7 95
5 82
52 61
14 87
2 79
15 57
7 72
20 51
4 19
9 18
27 78
3 78
2 25
36 47
48 83
5 6
66 68
5 58
82 89
59 97
46 67
18 69
18 40
74 88
1 53
16 80
56 70
57 63
10 93
58 62
29 69
15 47
37 73
19 52
11 14
12 68
30 90
0 30
57 82
84 89
10 57
16 18
25 27
37 81
71 96
62 65
88 99
2 73
41 62
45 67
31 97
14 45
6 86
16 50
18 43
22 86
20 43
59 66
16 58
66 81
13 21
35 61
8 64
15 79
49 82
24 33
21 32
38 99
1 8
7 51
19 45
14 74
65 85
33 81
96 99
66 69
1 65
30 81
9 97
11 60
36 80
64 96
47 58
2 66
48 61
19 69
24 85
33 66
24 66
78 80
12 39
25 77
2 9
61 98
19 73
76 97
37 97
59 89
16 96
2 54
21 87
20 31
38 68
55 66
69 85
34 46
25 76
11 27
72 85
59 78
44 75
33 87
73 76
41 92
25 99
46 95
16 38
7 29
54 84
47 62
0 73
26 37
4 97
93 96
32 83
12 71
37 50
46 70
62 64
0 68
44 45
22 69
21 58
21 31
48 59
29 52
7 74
36 43
1 93
25 55
44 96
42 95
56 79
4 95
24 76
74 95
18 21
79 95
17 39
11 39
28 92
44 87
66 80
20 30
22 45
81 92
12 64
1 20
3 96
3 17
73 99
64 97
60 68
4 48
0 52
42 58
3 39
32 37
32 96
49 85
57 68
14 17
12 70
34 37
41 53
57 91
89 95
9 76
60 94
0 98
0 33
84 87
81 88
21 50
9 53
30 98
52 85
28 71
12 61
71 76
89 94
13 83
6 13
33 58
20 46
28 42
15 61
30 58
3 49
12 20
2 18
39 95
66 70
20 84
31 96
20 55
68 90
55 96
41 81
55 80
13 49
8 74
65 90
39 53
84 93
71 79
33 94
53 98
29 78
1 91
5 8
38 87
49 94
18 63
78 96
37 61
68 70
7 33
17 75
1 47
86 97
47 93
23 91
65 83
22 37
2 65
0 39
69 78
11 62
28 37
29 80
29 36
29 67
58 76
2 4
37 77
12 75
14 33
55 81
7 76
69 76
5 87
7 19
86 95
6 49
16 25
29 82
19 94
23 42
20 56
71 99
27 84
53 99
56 66
12 86
8 43
88 94
12 62
36 97
56 69
17 44
8 23
22 93
31 77
2 30
68 83
47 87
54 82
41 55
83 92
52 54
11 48
23 93
42 62
8 11
34 88
16 81
9 47
31 94
16 41
86 98
49 79
33 93
33 86
4 34
31 80
67 91
84 99
7 71
41 67
43 52
96 98
64 74
12 91
15 40
48 92
25 86
42 86
17 59
8 22
42 66
50 87
28 85
3 30
32 73
30 51
47 68
21 60
14 83
31 52
0 29
18 42
41 87
1 17
30 83
9 28
0 15
37 59
41 95
14 44
13 57
12 31
73 95
45 77
79 97
49 59
52 91
36 60
18 53
33 43
27 44
1 38
33 96
26 79
24 45
33 71
35 59
64 84
31 61
10 14
10 25
54 59
47 77
14 82
58 66
15 45
16 54
36 87
15 65
14 41
13 37
72 74
72 91
8 55
52 74
15 17
28 99
28 69
76 83
10 94
78 93
39 99
46 75
11 87
43 53
8 52
27 42
40 70
22 70
39 67
66 89
58 68
44 47
57 94
87 90
81 87
34 87
9 26
45 52
12 73
44 77
87 99
9 84
49 63
17 70
21 69
13 67
55 78
36 94
0 45
20 45
49 51
61 95
5 24
23 63
42 73
45 97
60 74
43 67
33 36
15 63
8 81
2 99
81 97
74 78
46 77
8 26
1 50
16 65
7 26
41 75
5 15
72 87
10 72
18 61
9 33
30 42
20 61
28 90
88 98
54 60
13 27
1 54
69 70
41 43
13 79
50 56
32 39
24 83
68 93
35 64
25 50
7 79
6 16
19 59
7 25
71 86
73 91
61 92
4 25
60 98
75 89
11 44
37 66
30 79
24 82
7 84
13 75
32 90
35 49
58 87
31 49
10 79
64 77
3 67
62 79
4 78
41 76
65 70
42 55
0 16
10 80
11 56
12 35
41 74
41 51
44 65
72 75
0 69
16 91
41 66
34 64
2 38
27 88
14 65
46 65
58 90
30 82
17 52
83 86
1 43
27 39
24 61
42 47
40 80
9 49
40 72
80 89
80 99
30 55
64 72
29 60
56 73
86 99
32 93
33 73
34 73
65 82
6 23
45 57
3 82
0 22
4 13
7 39
17 97
11 69
93 95
19 44
52 81
15 37
62 77
1 11
8 27
25 35
17 90
7 40
44 98
94 95
17 95
40 57
12 76
