200 500
105
69
108
65
90
22
93
79
24
29
117
70
78
40
71
41
53
36
97
45
34
31
77
62
84
76
77
89
28
79
84
66
80
72
111
103
74
36
114
30
97
111
81
55
83
84
76
117
100
106
42
66
117
52
108
33
60
117
102
20
28
66
66
41
71
110
24
77
26
118
88
56
61
49
91
25
65
48
74
45
34
48
43
83
32
83
96
72
80
31
73
41
29
71
62
80
61
66
90
20
116
110
56
109
91
27
66
36
107
20
113
73
101
36
36
113
99
65
118
111
76
23
32
85
74
26
98
68
24
20
68
20
110
104
110
81
63
56
49
51
109
42
56
90
110
25
35
41
70
85
32
78
88
97
95
95
103
25
43
108
25
91
60
67
27
102
28
70
91
109
53
32
31
90
54
73
95
69
94
97
87
59
107
55
36
82
30
71
88
105
111
93
76
104
41
35
38
101
86
109
167 195
45 128
36 120
98 161
157 176
5 44
65 186
67 137
94 190
17 76
39 137
22 58
16 139
12 90
83 118
2 3
0 113
83 149
44 72
1 48
70 139
6 181
12 76
23 89
67 160
63 126
2 128
93 168
85 86
39 96
48 199
101 122
118 120
101 120
58 119
59 117
98 129
17 141
126 193
30 146
45 105
24 34
47 192
84 127
31 175
76 182
23 198
83 95
117 136
167 188
84 195
76 199
135 169
13 17
0 162
67 159
45 183
45 53
128 132
129 159
5 107
82 141
156 177
25 177
65 145
13 60
165 181
116 136
106 134
48 130
41 106
67 103
121 177
100 105
30 53
16 113
109 187
95 195
86 125
120 152
22 86
3 164
3 101
72 89
7 154
65 137
4 195
120 124
21 77
29 83
3 45
142 196
143 155
190 193
20 62
42 97
62 100
103 198
70 163
122 192
129 176
123 139
11 86
48 115
32 77
187 198
75 146
82 182
42 72
62 127
25 134
35 57
55 87
2 90
77 83
5 124
15 164
26 176
11 118
54 68
81 198
32 167
9 15
104 142
23 191
80 167
6 178
68 87
8 116
84 151
68 121
50 99
22 78
26 140
32 89
39 161
65 128
72 80
128 137
23 112
119 142
97 193
80 149
109 166
69 149
70 194
45 89
112 120
123 147
4 164
131 165
156 197
45 180
77 134
52 108
47 180
40 147
29 48
72 147
157 173
103 169
44 58
149 164
24 122
63 79
141 147
97 196
42 144
77 173
137 176
175 178
69 125
99 167
173 192
46 82
165 167
9 186
135 178
100 126
111 141
52 131
88 128
32 149
122 178
50 158
68 136
26 137
13 193
138 188
35 137
20 103
6 154
112 132
141 190
33 53
132 164
20 57
44 159
5 166
137 163
5 17
43 51
64 95
83 188
2 126
70 174
25 29
93 181
74 157
84 142
79 168
59 137
103 140
96 145
70 185
60 87
63 191
38 130
70 79
81 121
144 196
25 56
169 189
71 78
63 107
21 143
75 80
15 80
128 183
53 113
113 173
56 92
37 174
68 94
45 168
41 102
112 158
19 33
90 99
111 162
84 197
24 57
137 164
39 148
17 152
131 153
46 78
67 187
20 34
65 135
2 37
59 66
78 147
46 51
162 168
117 161
18 47
141 163
108 132
63 125
17 37
56 115
15 196
134 187
69 182
5 136
16 59
2 158
5 94
5 14
118 167
83 166
24 136
130 196
108 145
122 145
114 130
60 129
78 194
60 69
16 26
27 196
42 150
136 185
142 155
102 123
60 185
41 149
123 161
69 145
67 69
15 183
27 150
28 65
89 190
85 112
17 154
36 154
42 191
97 144
66 157
60 81
42 58
4 183
4 111
23 78
140 173
5 106
2 80
22 91
3 128
39 109
116 193
60 151
42 47
0 78
80 138
58 122
14 74
78 185
16 38
11 18
122 175
154 165
8 66
21 176
15 137
5 82
33 160
3 65
32 144
112 155
34 165
108 186
124 180
18 139
109 140
14 181
85 147
103 168
144 155
77 92
111 159
50 71
115 145
26 177
11 181
42 46
99 180
79 154
93 104
49 196
30 155
10 40
129 178
85 95
74 172
129 185
132 179
57 77
35 95
54 106
48 169
68 104
29 59
85 99
100 104
59 82
44 130
12 51
147 175
49 97
26 119
35 51
44 158
5 80
79 87
48 63
135 168
68 116
27 167
2 83
19 36
95 102
32 146
7 114
11 45
57 165
92 189
147 168
49 136
15 152
136 168
16 23
36 136
115 140
94 156
175 198
45 82
77 114
191 192
37 122
2 179
144 154
23 75
91 159
76 196
126 164
94 164
52 187
79 131
87 167
117 125
7 62
92 163
74 107
83 196
38 96
3 127
150 182
25 78
61 106
173 187
70 89
57 82
141 165
60 89
4 14
66 130
93 174
48 110
152 194
0 44
123 184
3 166
33 73
134 191
117 139
73 161
6 107
148 171
60 72
8 76
26 138
0 95
5 183
48 87
44 151
40 135
43 167
53 192
29 197
78 120
114 152
82 120
5 59
68 84
29 65
91 112
119 159
55 92
92 165
134 137
56 156
9 130
49 159
6 127
31 120
31 65
41 43
61 70
114 131
151 175
15 67
88 156
44 150
13 32
14 54
12 143
125 133
126 192
14 120
139 199
102 134
33 190
48 93
8 121
27 161
50 136
38 184
46 197
70 100
13 163
56 113
140 198
132 133
53 76
15 146
0 52
101 195
