50 250
94
74
76
107
40
92
54
41
53
73
101
98
91
26
24
35
98
54
71
27
116
38
80
20
92
62
114
36
112
71
62
86
25
118
25
97
42
60
119
76
113
100
106
84
106
62
51
36
96
55
17 34
0 38
8 18
23 36
26 29
2 42
0 32
26 27
28 44
15 45
5 29
21 43
8 27
7 12
10 36
27 46
37 45
10 35
14 23
13 16
15 48
41 42
29 38
9 24
40 43
36 47
0 24
13 45
34 36
11 13
10 11
2 6
9 30
28 48
26 43
18 48
27 37
8 48
1 41
37 48
25 41
6 34
11 18
18 27
28 29
31 38
23 46
20 34
18 26
11 19
16 31
8 44
9 39
40 47
2 48
29 43
13 25
0 36
20 32
13 15
47 48
1 23
7 22
18 41
8 43
2 49
4 38
1 13
15 30
1 9
10 26
12 23
7 15
30 32
24 29
5 25
13 47
39 47
33 40
33 49
3 44
7 23
4 6
8 24
15 37
36 40
1 49
34 47
13 18
24 46
38 43
35 39
24 32
26 31
9 22
33 36
30 43
6 39
3 6
39 43
45 47
43 46
27 29
18 47
14 40
23 29
8 14
16 42
39 44
24 48
10 17
5 22
5 10
31 49
2 28
44 45
25 26
22 45
12 22
11 48
19 41
8 12
1 12
2 38
0 21
33 48
6 20
8 26
16 39
19 23
0 37
24 42
0 4
22 43
25 35
3 39
8 36
27 38
2 24
32 34
23 42
32 38
32 37
26 32
6 28
29 36
11 21
16 27
1 4
30 35
16 43
8 17
18 44
1 48
24 49
21 36
28 37
16 25
9 38
25 39
17 42
2 29
22 24
20 33
27 44
26 39
11 36
10 44
16 40
11 49
0 6
7 42
16 29
32 49
25 49
29 40
22 30
7 40
15 29
21 25
22 25
10 15
21 40
16 48
21 42
15 23
0 2
2 31
9 44
12 33
20 24
3 24
5 30
3 19
32 46
25 42
12 16
14 30
14 37
23 38
3 25
35 42
11 46
18 22
33 41
6 17
3 32
21 35
39 42
21 38
13 40
4 13
29 35
17 46
22 37
7 28
25 48
20 27
10 16
26 35
8 15
0 47
20 40
6 43
33 34
34 44
6 19
31 48
15 31
25 45
2 43
7 30
23 28
37 41
25 40
18 39
11 32
24 47
11 30
14 47
1 11
7 16
20 43
28 36
10 27
2 15
1 2
30 44
41 48
5 24
