200 3000
23
25
104
60
71
119
37
114
57
119
27
21
68
85
113
32
55
113
89
56
92
102
114
80
102
89
86
68
85
113
82
40
70
118
80
21
118
98
116
55
49
75
57
49
41
102
62
28
95
83
64
20
117
111
32
99
80
98
99
97
43
113
117
93
112
78
95
110
108
43
97
37
98
86
67
71
69
61
80
96
24
76
96
21
119
108
52
79
39
32
56
62
25
106
88
117
64
115
59
104
38
89
73
68
55
72
72
56
113
84
33
69
40
61
22
40
102
55
51
21
67
40
115
24
26
83
74
22
78
65
106
48
34
111
49
70
64
101
106
109
65
71
59
37
113
61
109
95
48
93
48
47
113
95
52
71
111
58
73
21
103
111
50
118
54
31
20
98
112
106
88
109
110
79
78
55
72
20
30
101
93
110
80
38
37
112
89
28
50
94
30
86
37
112
84
71
23
84
50
67
103 183
147 163
146 156
102 154
78 85
31 135
31 128
77 101
43 184
26 48
81 82
52 54
109 131
46 106
12 133
71 115
69 170
25 31
68 185
127 146
14 22
6 129
142 158
59 126
2 59
36 105
140 159
49 88
43 194
47 55
70 80
123 149
40 154
60 126
5 91
113 158
20 88
71 114
130 198
0 41
146 189
130 189
57 77
100 131
24 131
104 108
1 31
5 194
131 137
54 180
13 136
45 108
53 117
23 51
16 47
4 37
162 193
119 171
2 22
24 46
132 133
87 102
59 115
4 81
135 190
79 184
100 181
105 187
98 162
146 157
113 178
92 135
6 106
64 80
8 88
79 94
172 181
39 181
62 193
135 195
149 179
2 14
154 160
11 107
16 116
95 109
44 129
2 187
3 68
10 91
104 147
15 80
37 54
51 73
9 49
1 180
155 175
93 129
62 104
31 46
13 93
9 160
32 100
11 36
168 173
67 127
30 95
67 147
149 173
119 151
72 182
83 157
27 176
39 41
32 37
72 197
130 185
114 158
85 169
5 150
30 143
24 125
125 171
26 192
63 144
78 129
13 135
114 188
141 179
126 156
16 180
98 123
82 117
12 154
3 163
98 159
183 193
23 70
107 168
3 96
26 31
34 119
22 191
33 132
1 141
58 169
74 134
67 191
16 31
19 146
57 194
70 139
41 93
9 100
58 61
93 103
36 89
27 164
111 197
64 159
91 170
33 165
52 104
120 156
84 102
30 91
160 161
122 153
7 131
5 68
60 141
113 177
77 150
4 13
27 116
78 118
63 86
35 190
116 143
62 152
105 198
158 182
19 104
26 63
68 188
81 94
128 160
11 30
15 37
16 44
83 122
86 121
121 137
5 111
65 125
63 157
31 92
50 173
148 188
76 88
8 122
88 170
82 181
72 119
148 163
88 184
37 175
105 174
48 169
113 132
41 94
77 128
53 133
34 127
155 193
1 122
30 44
42 112
161 177
78 184
25 76
14 65
0 119
48 191
40 123
87 114
165 194
50 164
0 44
84 193
159 199
147 181
155 189
85 94
30 102
115 130
55 129
55 195
0 186
41 56
110 122
27 128
44 116
77 116
88 114
40 62
9 73
21 180
67 150
52 65
98 180
153 182
61 129
62 161
115 169
25 55
91 135
52 159
82 179
20 76
90 196
60 69
33 51
1 101
5 19
151 199
104 139
13 68
17 27
183 186
34 161
29 169
13 189
95 100
17 120
43 59
64 132
110 166
66 111
67 85
18 68
7 36
27 92
10 28
14 30
60 171
135 137
1 36
170 184
108 180
29 41
44 139
7 110
2 26
70 147
44 184
29 118
56 185
10 166
41 66
132 190
53 68
54 79
15 104
24 164
53 195
5 40
144 164
102 146
50 190
16 186
45 186
105 123
101 115
89 119
22 108
61 161
42 140
98 167
108 191
62 103
20 196
95 140
184 198
86 127
0 54
113 186
18 99
109 152
86 151
72 194
125 133
156 167
26 123
65 134
15 189
37 147
84 108
146 187
11 187
1 76
52 173
34 47
133 157
29 185
79 110
35 114
29 92
94 111
130 178
120 174
121 145
5 157
144 157
152 168
83 153
8 197
44 157
42 114
28 129
8 95
90 162
120 196
54 107
14 185
140 189
86 105
14 62
19 92
44 110
140 193
89 149
1 106
43 85
14 21
23 68
22 114
30 170
37 186
29 152
18 22
79 93
105 107
93 197
78 155
18 193
142 148
59 101
48 144
21 144
120 158
90 133
72 186
103 172
109 133
83 124
17 103
160 162
7 124
3 157
102 162
62 173
44 185
45 163
60 129
18 40
60 132
118 125
28 133
42 90
14 113
78 169
40 184
0 39
15 114
141 189
138 177
92 174
55 183
104 153
36 95
14 20
99 154
1 44
66 93
11 171
35 147
12 165
7 164
156 175
78 97
55 116
35 42
100 170
4 97
76 145
41 90
117 195
118 189
82 192
137 155
54 124
18 102
41 61
182 197
36 60
95 104
68 82
146 168
5 44
81 172
165 189
58 171
112 113
105 129
66 146
60 152
114 190
32 122
56 127
116 181
69 76
20 137
111 167
57 116
163 181
104 197
147 168
60 162
32 91
117 178
129 157
83 100
5 43
84 122
62 65
38 131
11 94
5 20
77 178
121 141
10 118
109 197
38 159
70 169
38 51
0 160
35 167
41 96
55 85
75 162
56 186
86 158
13 64
134 187
157 197
4 154
42 107
28 114
64 117
16 67
34 77
52 90
45 197
34 186
100 109
38 156
169 196
60 183
55 170
59 132
39 76
53 190
68 117
59 87
86 137
121 138
70 179
135 165
35 104
18 166
25 174
21 162
96 174
103 156
88 144
21 163
80 168
38 175
124 187
64 108
14 43
131 149
160 187
136 178
153 161
105 115
134 153
56 138
130 171
10 111
110 130
2 97
6 66
20 158
61 89
21 121
28 57
152 182
57 170
49 104
91 162
146 170
76 182
93 142
34 39
120 149
116 122
122 199
157 188
49 94
15 198
23 26
24 127
146 160
10 184
50 98
53 148
68 187
24 162
15 81
1 148
64 165
124 164
64 138
32 73
66 71
41 199
97 175
58 168
104 121
20 123
2 25
22 71
13 48
46 185
63 133
47 180
123 150
88 96
140 169
6 73
24 40
90 199
0 167
73 100
23 120
25 149
20 97
47 62
20 184
36 108
70 108
16 20
31 113
34 85
75 129
80 110
62 165
65 199
22 135
84 137
186 199
47 57
1 29
109 183
53 65
82 169
1 25
86 147
124 181
6 171
8 33
86 125
86 95
142 183
31 108
19 108
18 76
19 107
42 106
80 123
50 96
5 73
3 104
79 159
38 83
46 85
116 124
66 162
98 166
68 130
189 195
53 87
119 184
80 176
121 134
105 124
65 190
4 28
41 100
27 168
151 165
84 127
31 169
32 150
97 135
22 174
102 158
30 46
167 190
95 116
44 107
48 112
12 87
89 114
7 133
17 134
1 187
6 84
117 151
0 94
68 91
49 54
66 84
1 134
60 78
47 78
11 147
14 119
126 144
114 183
61 170
97 115
18 129
23 166
9 18
43 72
10 110
49 108
61 96
126 136
121 135
4 21
187 195
50 170
63 109
24 93
22 160
42 79
12 197
40 88
36 99
102 144
100 198
6 188
76 79
75 80
100 174
39 156
158 169
10 30
55 173
6 133
29 48
26 164
12 53
0 18
4 144
71 102
148 193
68 134
34 180
136 194
74 163
36 46
19 145
43 151
72 105
69 151
50 163
68 74
115 178
12 189
61 183
114 128
0 161
141 196
35 191
30 61
76 106
49 52
92 96
1 3
107 116
70 166
22 145
34 138
75 176
58 150
16 189
150 186
17 135
4 91
121 126
17 184
66 150
46 188
110 144
26 47
51 69
73 192
166 178
11 42
113 154
52 143
39 130
45 147
137 174
52 103
10 120
160 188
177 186
48 158
121 157
74 172
18 27
145 197
161 196
139 151
74 192
4 46
92 183
103 109
6 181
161 191
126 149
64 104
62 78
112 199
138 172
123 199
73 156
96 153
34 36
56 60
102 180
17 163
120 194
72 175
79 185
119 157
86 175
165 174
86 189
116 161
177 192
112 133
9 65
51 86
94 197
111 177
128 197
92 143
1 116
80 119
101 190
139 189
163 165
104 154
2 173
116 179
165 180
112 182
151 189
33 138
96 197
67 194
25 159
26 90
75 161
58 128
68 163
22 124
49 117
90 96
71 166
148 160
12 63
133 151
7 18
55 130
33 97
58 157
43 86
42 161
29 106
5 182
4 74
32 94
122 198
83 117
82 99
98 184
33 111
3 14
21 119
133 168
6 91
49 179
129 140
35 92
49 170
169 174
1 124
20 46
90 152
51 81
172 180
157 187
2 91
112 162
175 198
83 182
62 89
31 170
123 154
76 157
126 173
23 80
32 143
25 65
35 189
22 157
0 98
10 176
152 163
8 198
49 134
60 165
166 171
41 128
7 45
63 87
6 20
71 85
58 183
26 92
32 124
9 93
8 87
47 113
6 47
18 49
20 164
5 184
27 101
108 171
34 73
170 193
131 176
28 109
21 60
114 186
21 25
122 134
72 80
121 133
94 98
34 55
62 195
55 179
13 87
132 154
6 124
15 135
77 104
156 164
22 63
88 138
72 144
24 112
158 186
8 74
80 108
15 27
122 194
8 188
94 166
61 64
53 168
90 161
84 153
22 183
79 193
47 106
103 157
92 129
124 165
38 180
151 160
175 185
74 135
125 168
101 189
155 181
24 109
116 193
52 177
123 168
131 167
181 187
25 124
41 116
106 149
21 52
19 148
93 189
83 114
13 185
55 146
92 164
160 170
12 29
23 96
148 156
24 83
181 199
65 82
39 58
77 134
123 187
71 122
135 189
8 44
52 81
52 160
12 21
152 177
3 127
73 151
83 108
16 128
59 145
98 117
32 184
124 146
68 107
96 195
3 155
37 92
4 7
89 171
25 193
148 180
72 173
84 155
12 81
141 171
21 157
10 94
18 112
25 165
160 181
4 120
18 127
8 59
50 185
52 151
124 166
50 76
31 158
14 154
51 123
13 127
17 132
170 187
148 196
152 156
72 129
147 160
120 151
154 158
10 57
23 105
86 181
25 69
91 191
142 175
102 115
34 78
30 72
176 178
107 138
1 50
6 152
164 170
27 106
126 163
3 164
145 180
36 185
124 160
131 191
62 191
48 75
69 99
30 48
28 168
29 107
18 66
133 140
30 40
109 120
75 155
25 100
11 55
89 131
171 172
122 186
150 163
184 186
17 49
77 184
58 156
110 192
168 184
1 139
43 179
51 192
33 190
113 182
5 105
51 120
38 55
7 56
41 134
85 144
100 144
136 147
39 149
117 120
60 193
161 172
12 52
85 114
146 179
42 51
31 114
21 106
163 170
163 180
49 124
0 193
147 177
82 126
132 195
62 108
56 66
72 170
19 103
145 149
70 132
59 129
105 182
44 85
93 145
146 162
38 139
45 120
12 123
116 137
121 172
4 193
59 94
44 164
5 35
116 186
160 198
71 96
5 33
42 43
39 124
116 141
24 191
140 154
27 80
36 65
159 172
96 137
101 155
84 124
40 69
68 70
0 93
5 164
79 158
0 3
68 149
145 173
51 59
114 140
78 179
2 176
72 90
46 91
15 125
130 195
7 152
7 15
131 197
76 164
41 117
80 190
177 185
164 197
28 30
58 89
65 161
51 60
15 97
119 179
127 162
131 177
81 86
3 108
149 157
120 189
57 140
56 166
54 146
47 156
161 169
3 98
73 196
170 192
127 133
11 71
62 158
92 123
49 113
24 185
116 191
42 109
49 172
56 58
12 144
57 133
12 108
6 56
183 199
68 183
70 194
130 180
53 86
45 88
30 78
79 194
25 188
26 119
129 196
122 161
180 187
94 95
101 192
127 151
52 86
74 195
78 81
7 119
52 131
7 161
60 108
27 179
8 156
88 95
135 140
85 142
36 45
12 40
132 160
114 165
38 73
84 121
44 126
83 161
82 143
13 21
107 122
30 141
29 115
8 126
68 164
93 152
57 114
192 198
17 59
7 163
132 199
10 129
43 164
78 171
107 192
91 181
32 51
11 119
62 137
127 178
158 172
27 181
151 174
158 171
87 88
3 105
10 62
49 53
43 101
55 86
100 172
99 144
30 54
23 113
4 78
52 141
155 179
66 141
109 114
76 93
94 123
129 167
147 167
119 174
19 70
125 193
155 163
56 150
105 160
36 101
123 138
29 83
126 197
138 171
13 73
66 155
13 180
106 122
55 177
54 144
49 59
9 151
116 121
8 104
23 132
106 194
121 161
51 56
81 92
64 110
36 197
76 159
103 161
32 53
16 197
17 38
0 56
124 168
121 177
28 96
23 109
22 155
11 96
25 140
89 92
51 129
38 127
40 142
40 45
56 126
42 165
26 50
117 194
123 155
135 184
90 130
6 26
31 101
119 145
73 170
26 111
49 66
5 41
84 111
97 105
1 123
108 118
35 70
145 156
43 142
73 130
88 133
51 186
132 145
92 158
8 93
166 177
40 134
50 184
51 146
6 59
81 169
77 193
27 135
6 160
69 193
166 179
175 187
24 116
141 159
157 191
55 143
154 194
61 163
36 54
63 192
113 141
102 172
72 169
17 18
39 104
5 94
33 83
73 150
19 59
16 114
10 114
68 127
104 125
118 181
74 119
91 183
55 128
61 146
72 100
51 118
57 86
104 190
6 146
63 165
65 80
31 179
42 100
156 191
38 76
65 173
167 194
29 180
53 92
80 95
124 138
28 182
80 128
34 143
46 51
29 175
18 182
40 129
38 138
66 96
33 101
42 82
14 135
46 136
12 182
136 164
16 192
45 178
43 160
29 135
11 72
105 154
51 195
82 144
10 123
25 130
173 195
9 107
60 195
8 42
7 144
151 159
156 161
73 129
151 158
160 175
66 169
129 172
25 61
54 137
35 137
31 162
21 62
0 17
116 176
27 97
10 128
57 183
35 86
168 195
13 143
27 110
116 169
4 164
5 78
67 187
99 180
10 132
45 181
37 173
143 173
178 182
11 150
73 174
40 139
17 102
166 186
18 82
24 142
130 160
43 60
62 185
146 176
80 184
23 146
81 109
2 121
71 146
19 163
138 173
101 144
20 44
120 181
41 140
100 169
47 86
143 166
32 41
96 122
106 166
24 113
129 195
55 76
130 133
154 199
71 174
52 87
80 186
87 192
49 78
134 144
118 197
138 139
12 35
118 130
11 43
6 48
72 103
2 140
46 54
133 180
13 63
150 172
37 111
151 155
49 90
13 119
50 77
88 132
45 132
47 69
139 187
23 193
137 151
70 83
35 85
55 188
10 49
25 112
132 161
4 113
4 127
6 81
11 122
51 95
73 121
60 82
75 96
48 197
19 97
131 182
54 139
101 147
62 168
80 81
18 84
90 171
93 174
66 95
100 166
63 107
56 175
24 63
75 194
81 159
85 129
136 186
29 56
49 109
19 138
50 145
35 71
22 197
40 80
47 92
141 151
62 68
7 125
34 93
52 71
115 157
4 133
143 162
60 144
23 150
164 168
1 35
23 155
33 36
63 77
4 35
29 97
118 174
23 45
90 122
2 7
94 146
155 170
42 145
6 105
106 114
21 194
81 179
57 97
44 56
37 53
78 93
67 178
148 153
65 70
19 43
78 138
0 117
45 160
102 145
11 118
112 161
33 42
42 91
91 100
87 145
89 132
23 67
152 172
17 20
64 194
24 188
106 154
24 151
66 122
53 184
14 133
49 166
9 140
48 192
82 197
21 132
84 149
145 170
53 139
42 186
92 116
140 148
43 166
14 48
148 150
15 199
66 176
76 84
27 74
160 166
47 68
44 144
98 190
35 176
140 151
20 40
15 44
6 58
63 108
6 30
73 108
35 52
36 80
61 155
40 108
23 84
39 134
26 141
66 187
72 128
45 191
52 133
41 174
77 180
129 145
15 181
9 76
1 88
111 136
86 92
76 172
75 199
65 130
58 62
59 90
2 23
63 176
16 140
94 183
135 152
41 185
23 46
123 133
65 195
92 146
23 92
106 164
54 81
83 166
29 59
122 197
110 168
79 156
91 196
16 37
90 191
13 171
139 188
85 105
33 128
49 139
55 162
45 57
39 84
33 105
25 161
57 143
69 100
65 88
105 143
33 103
187 198
14 56
73 199
122 136
91 98
148 178
14 144
48 100
26 191
95 157
43 198
112 187
15 55
171 193
91 160
164 179
115 159
38 50
14 16
110 151
31 138
31 63
41 191
22 100
18 88
153 157
129 168
57 161
52 100
31 121
33 64
54 99
65 83
71 186
54 127
125 190
68 85
59 183
71 168
29 67
23 186
172 191
29 68
105 120
81 178
97 104
3 11
47 152
68 175
33 195
29 110
66 137
120 178
125 147
143 155
93 166
110 138
120 161
15 34
1 193
90 99
5 93
51 52
26 113
60 85
7 196
73 149
69 126
12 57
151 178
40 64
50 55
50 51
1 140
6 150
153 185
10 98
47 131
80 114
92 195
74 175
15 117
91 167
23 93
18 24
34 121
19 30
6 70
39 132
35 96
60 192
72 157
152 174
97 117
92 139
56 124
59 167
82 175
60 194
94 106
88 115
32 88
72 147
59 164
16 56
30 189
58 120
12 79
102 155
20 161
122 196
183 196
54 190
29 57
47 143
127 198
98 135
108 199
58 94
24 150
13 26
132 147
159 173
167 179
87 89
83 175
24 117
6 137
32 174
5 173
93 160
23 159
1 117
25 170
67 196
39 199
62 143
54 162
129 188
34 75
161 171
147 158
47 79
53 105
80 111
40 178
1 4
5 151
118 121
137 182
70 173
136 165
36 51
20 176
6 180
51 103
161 167
3 46
8 108
88 100
23 128
32 180
105 150
88 175
93 176
27 76
71 160
16 38
18 37
25 127
65 89
98 119
74 146
54 83
142 169
10 11
56 70
91 121
162 192
98 177
115 182
108 157
28 125
103 199
33 131
6 185
117 175
79 80
102 137
88 176
9 152
19 66
117 153
143 184
76 107
167 170
96 186
89 147
53 123
64 192
96 181
24 118
112 198
46 102
65 121
74 168
135 163
71 161
59 68
148 181
86 188
77 175
14 50
31 130
63 194
125 182
3 27
147 198
29 133
11 56
55 151
84 142
87 118
101 113
44 120
115 132
41 133
16 136
22 115
19 20
1 14
77 105
61 144
102 107
118 157
12 59
42 146
130 155
3 47
132 151
3 143
4 32
171 178
99 143
114 150
55 144
88 143
69 197
139 195
54 155
149 151
0 34
37 160
84 107
123 179
62 127
11 34
63 106
8 177
121 129
16 24
37 161
21 156
163 176
77 79
65 115
115 134
151 161
131 169
96 176
154 157
139 163
12 86
62 131
81 84
44 175
90 160
41 176
27 95
22 179
9 191
110 185
4 39
146 147
86 162
0 61
98 192
23 63
99 160
56 104
111 149
31 153
72 109
81 136
103 120
67 129
46 177
38 114
61 134
48 184
99 197
63 189
20 101
76 114
26 157
86 131
13 165
85 175
42 68
14 115
128 172
105 106
89 141
86 154
27 189
161 170
84 128
37 110
63 177
101 194
7 142
75 119
41 142
47 149
62 88
54 103
57 126
43 153
4 27
33 112
42 70
57 174
48 120
35 127
106 163
49 149
37 49
51 98
1 137
16 106
10 149
121 190
154 155
54 148
28 177
5 177
149 163
28 120
42 150
56 135
157 185
103 186
46 123
56 152
67 91
13 53
7 9
63 120
97 107
91 112
75 192
28 147
173 178
60 189
35 146
192 197
141 183
96 139
59 104
91 150
123 144
11 195
39 85
76 160
104 183
59 156
48 82
69 169
146 166
39 62
110 150
9 178
111 138
27 118
18 185
57 99
11 61
165 192
70 101
0 118
69 70
17 36
56 83
138 193
35 99
8 160
11 50
126 190
4 42
56 86
67 99
17 44
138 145
8 17
15 38
3 25
34 122
67 142
41 69
27 29
4 77
156 194
56 102
144 151
7 94
146 196
40 74
163 164
132 185
0 173
122 150
3 196
97 184
5 64
35 91
95 121
42 143
23 151
167 193
46 152
163 192
3 178
107 143
39 140
68 92
18 161
96 158
145 155
160 174
90 138
113 126
71 194
40 81
23 196
1 184
91 152
82 164
43 185
33 135
90 153
127 130
2 167
35 51
129 144
138 149
0 182
23 178
114 178
82 176
5 25
87 127
64 189
97 188
68 169
146 165
23 149
78 101
78 106
36 83
14 53
151 182
96 108
7 175
31 39
25 88
171 191
39 68
112 166
4 135
116 157
58 161
94 177
100 108
9 123
84 157
72 123
97 140
12 111
32 40
151 153
107 198
40 66
64 95
13 75
8 142
121 158
19 89
164 173
36 176
97 116
61 85
28 78
45 131
31 43
23 38
55 62
27 71
79 82
3 169
37 93
48 136
25 134
196 199
48 87
64 125
44 61
3 106
175 186
101 166
161 163
32 173
55 190
111 112
10 101
5 146
91 101
169 171
122 142
117 182
122 133
107 183
62 178
89 105
48 143
9 71
44 106
49 194
58 99
61 160
117 159
7 61
9 131
103 182
51 53
85 176
144 184
111 162
6 153
6 68
91 96
2 168
136 162
51 187
12 172
49 131
8 129
90 144
78 139
145 194
31 81
66 121
32 176
134 180
0 137
33 141
61 92
36 180
39 175
3 168
30 85
127 177
5 121
86 153
81 105
8 15
38 108
42 130
30 121
96 110
21 29
25 43
26 150
62 79
153 189
110 147
111 113
54 199
70 97
64 92
25 173
46 60
55 122
28 143
138 151
53 101
67 164
69 180
57 80
168 180
177 193
136 192
33 184
15 76
97 198
6 22
18 23
21 78
43 58
54 112
97 171
29 131
40 188
20 61
54 108
44 150
134 199
77 166
120 164
101 187
122 138
17 30
38 75
25 45
74 139
16 71
56 59
77 117
12 179
113 123
42 89
27 121
53 147
174 192
9 19
84 87
44 84
24 71
109 127
106 196
26 138
39 43
30 33
9 84
89 154
80 156
81 193
90 129
12 169
8 127
53 103
31 154
158 198
15 56
153 155
27 83
70 74
61 107
13 197
17 93
30 162
121 175
144 174
0 134
103 197
103 166
53 76
109 118
71 183
11 144
18 141
34 193
125 141
6 90
23 90
121 136
111 185
111 194
55 194
49 164
60 102
24 163
2 108
35 95
21 126
4 41
47 114
23 30
8 78
72 141
72 148
18 70
67 153
13 34
74 169
132 143
40 85
119 193
34 58
123 173
17 81
104 178
65 93
80 137
42 98
7 147
117 193
86 160
55 67
118 170
153 163
146 155
14 82
5 180
13 139
117 174
70 174
125 135
24 62
9 172
121 176
10 195
176 180
65 81
21 95
27 129
159 187
86 126
61 125
82 120
7 77
21 58
132 193
30 104
103 169
114 164
32 46
3 142
4 142
20 110
123 129
87 110
70 110
74 161
82 152
161 199
64 181
75 158
120 136
78 182
92 124
54 98
15 65
77 130
41 152
99 116
143 161
75 164
98 157
134 156
60 150
7 195
103 131
39 153
35 170
61 135
38 174
2 30
49 199
7 70
5 107
3 182
86 115
87 154
10 160
105 132
82 171
80 112
125 129
111 196
88 161
59 70
67 113
95 179
22 46
0 125
112 134
87 178
84 94
116 142
7 68
70 197
168 183
54 194
28 107
121 159
2 143
6 88
5 158
23 52
35 117
23 153
81 118
67 138
111 154
94 105
51 122
100 102
21 158
62 112
20 117
0 122
130 165
13 105
130 169
92 193
36 174
105 111
77 124
24 32
142 180
194 198
7 67
159 166
48 141
77 154
46 154
39 72
130 187
6 103
10 64
88 188
13 172
20 67
163 166
26 30
171 180
14 125
61 86
85 113
52 186
57 107
44 68
74 162
61 173
13 187
166 185
32 151
35 159
17 82
32 167
54 159
45 73
97 139
11 148
4 31
92 120
7 105
42 65
55 193
97 167
28 66
49 195
9 50
1 95
34 92
45 145
41 101
28 138
20 133
96 112
5 103
64 169
11 29
37 129
156 178
4 136
45 53
95 132
14 85
88 178
45 171
73 189
109 162
5 159
74 164
60 196
29 42
110 159
79 116
35 89
40 136
55 181
22 76
55 152
53 164
75 106
37 68
94 141
153 154
90 135
50 147
26 45
86 118
13 170
54 172
59 154
33 61
30 68
147 185
60 121
53 152
137 189
95 167
10 42
30 190
60 76
130 168
162 182
52 135
111 188
41 49
23 144
81 117
122 191
141 175
89 143
0 84
168 178
10 178
11 190
38 179
72 153
113 124
88 101
81 188
104 172
27 166
59 163
58 154
107 149
79 142
74 75
5 100
63 85
75 147
19 195
28 108
68 143
83 162
16 149
6 168
134 188
103 185
91 145
46 161
56 198
25 126
26 130
30 167
42 129
37 195
23 148
44 97
11 92
127 193
28 47
168 199
181 184
24 79
76 185
26 125
51 193
52 76
30 34
38 164
64 109
6 14
60 106
170 188
99 198
118 169
35 142
0 63
125 128
42 73
149 159
80 193
31 44
61 197
50 121
20 55
137 158
79 170
159 161
3 95
129 183
79 166
15 126
58 187
109 164
20 60
122 129
79 100
123 189
45 189
20 86
15 47
62 132
2 117
39 51
51 174
131 133
59 141
98 199
46 62
58 60
34 142
42 55
31 54
100 141
3 67
95 130
52 121
98 104
31 95
36 187
85 90
48 99
134 147
31 190
184 199
39 54
147 171
39 159
41 106
134 159
162 185
15 57
16 154
46 107
138 147
34 46
24 177
24 78
113 117
30 81
52 119
158 168
55 160
69 74
40 84
56 84
38 130
63 116
102 120
109 144
79 187
120 193
26 65
78 79
10 103
143 171
55 94
85 151
67 137
5 66
130 138
35 139
131 155
84 187
106 110
52 185
81 185
86 88
57 91
137 183
65 135
154 174
2 41
84 160
20 179
75 166
158 159
146 180
117 199
103 139
25 32
123 143
12 100
62 187
54 64
166 180
100 111
127 186
78 98
0 86
94 184
132 152
74 103
104 135
48 51
10 86
138 175
37 162
53 193
32 98
35 148
70 187
42 54
119 146
121 189
2 15
25 89
66 73
100 153
37 43
36 189
42 83
100 147
40 150
28 180
2 98
15 92
57 87
190 198
160 192
31 82
11 182
11 136
9 180
49 150
91 168
177 191
123 170
125 173
160 182
12 151
132 172
95 97
109 177
81 120
17 111
72 132
149 181
22 118
7 24
15 138
109 185
138 142
16 129
42 115
79 150
83 145
40 51
33 81
31 165
106 132
98 128
50 123
88 141
25 90
2 181
35 197
70 114
166 182
63 115
33 79
112 128
78 172
44 128
46 53
3 141
94 139
141 166
27 85
25 176
120 150
35 75
58 173
32 125
5 69
87 96
117 126
60 113
55 113
58 159
6 51
104 124
83 192
9 169
59 130
120 135
45 165
118 145
22 81
27 102
189 198
96 125
49 161
114 180
73 190
72 124
95 148
116 178
38 158
40 190
125 158
22 75
36 44
129 138
23 127
120 127
52 129
81 184
154 195
20 175
70 78
0 78
185 190
95 118
67 75
50 89
86 102
31 85
109 176
55 159
62 136
132 148
123 169
104 199
72 145
97 98
83 151
21 40
107 130
97 132
149 199
18 186
146 183
95 142
2 76
105 138
12 22
126 128
25 163
62 151
54 123
97 163
28 75
160 171
76 131
59 158
5 77
77 170
64 144
41 144
4 23
170 174
45 66
28 164
8 55
182 192
104 180
56 106
35 64
65 67
20 21
7 96
18 30
115 125
138 191
82 113
112 148
112 118
56 147
6 161
87 148
22 154
165 196
14 174
