250 1000
41
70
46
55
89
86
63
39
113
99
59
99
31
114
50
46
53
89
90
71
113
72
73
115
28
80
93
100
90
103
70
111
105
48
99
27
115
42
46
60
21
86
91
32
32
21
111
117
42
81
68
87
34
21
83
94
33
108
74
103
91
76
47
29
105
26
36
52
48
62
92
101
80
63
113
45
116
56
42
39
118
91
106
84
44
21
58
58
61
112
93
33
20
20
42
105
26
110
89
54
104
113
87
65
108
81
90
105
69
112
76
67
35
114
31
60
116
69
98
57
113
71
22
114
24
96
51
30
38
73
117
23
66
84
20
55
97
90
92
47
34
48
46
50
42
58
42
90
59
72
80
53
75
34
99
79
63
30
90
81
83
39
84
82
103
84
117
33
106
89
112
21
69
38
103
91
76
77
114
116
29
26
101
84
40
80
96
83
42
66
45
106
37
61
68
72
26
117
85
112
86
29
65
87
48
100
110
104
57
104
52
118
110
33
35
83
45
111
46
68
109
23
54
26
65
54
78
23
51
96
67
69
105
113
36
33
45
26
70
35
63
54
33
105
20
100
68
45
91
47
173 222
118 133
67 94
84 152
85 131
130 189
74 104
101 124
172 233
11 221
27 65
75 185
109 221
176 197
129 249
73 140
111 154
58 249
178 211
115 185
194 226
97 150
153 222
1 136
114 144
24 107
144 179
2 201
3 128
52 104
109 192
29 116
53 87
83 217
4 150
51 196
148 230
96 133
199 222
117 121
63 228
94 243
46 224
97 227
26 149
183 238
193 212
99 104
152 173
34 154
85 177
157 203
49 86
58 143
14 101
27 164
20 95
9 69
67 208
149 195
82 107
50 183
37 147
1 49
36 210
55 239
8 121
207 249
160 244
11 16
8 43
27 205
36 166
85 127
26 96
30 203
210 214
106 107
103 209
8 166
166 245
117 155
6 174
176 186
0 44
49 111
77 190
66 106
193 215
43 62
73 219
32 117
75 139
95 139
0 35
11 132
18 166
90 249
25 28
127 129
72 178
12 238
55 107
175 220
13 100
172 237
189 206
180 204
93 134
21 25
93 138
111 153
5 157
34 202
135 183
161 207
150 213
71 72
57 144
98 157
10 187
79 199
135 143
129 231
7 81
2 26
145 156
138 154
13 192
148 188
100 125
190 207
29 102
113 159
174 211
168 184
100 148
144 235
68 235
23 66
26 75
73 93
34 231
47 227
166 173
47 150
4 118
90 220
34 204
60 231
149 165
64 96
183 249
60 235
1 83
51 179
211 246
2 97
227 229
2 246
43 247
115 152
48 95
184 187
49 168
66 244
68 192
67 232
42 125
126 154
58 228
41 55
54 159
134 139
135 139
136 238
31 141
79 206
88 143
13 137
62 109
55 232
38 51
151 176
56 182
154 160
62 114
54 168
193 221
154 212
41 180
63 201
34 157
142 224
7 152
213 214
18 116
19 48
158 200
91 195
6 202
103 120
14 157
87 140
45 202
50 235
1 188
48 74
10 43
48 162
11 50
19 229
27 131
38 40
79 86
86 140
57 154
50 244
93 196
143 197
33 135
82 246
6 61
109 227
21 129
102 222
103 148
39 231
61 143
126 227
117 248
158 213
59 123
208 216
5 7
141 212
142 208
55 75
52 67
16 88
181 238
42 182
23 193
189 221
50 186
65 185
130 167
93 142
153 189
47 210
160 172
154 188
13 131
50 61
65 77
98 240
32 167
30 110
55 103
94 151
69 153
29 172
199 224
166 241
127 229
38 139
49 78
32 145
91 206
8 82
72 135
52 208
91 104
12 14
166 194
106 200
87 237
36 224
141 211
27 42
18 167
169 181
178 245
188 202
134 136
7 209
165 173
98 187
29 144
135 205
42 94
69 224
37 181
60 62
79 182
112 228
75 101
40 155
14 26
42 62
1 147
70 171
18 121
48 110
16 167
35 212
10 210
133 243
47 53
133 229
81 91
132 209
223 236
28 158
137 158
131 161
2 228
32 190
50 150
85 108
170 215
197 200
97 163
68 248
76 227
19 202
160 161
147 151
162 236
27 123
11 70
136 150
13 169
91 165
51 171
102 238
50 221
189 236
39 249
54 177
16 108
177 196
19 200
5 176
203 214
66 117
36 181
127 138
96 162
178 199
1 150
101 191
202 237
144 230
129 247
2 177
26 124
127 202
193 231
7 212
74 227
116 182
70 107
204 243
24 232
153 235
25 106
115 176
9 58
9 39
108 113
134 216
196 237
188 219
139 195
181 219
121 215
85 229
36 180
120 183
188 204
82 207
44 236
49 204
58 245
103 243
171 209
11 237
7 27
230 249
13 222
196 218
53 229
117 175
85 210
40 237
0 47
146 224
23 33
28 100
93 183
131 206
154 220
14 217
49 99
13 71
165 231
119 144
44 136
113 221
100 106
106 113
189 249
32 104
204 212
60 247
43 149
156 204
23 115
22 214
35 73
138 238
7 118
106 234
52 97
10 77
43 49
49 219
73 232
47 81
130 244
29 44
37 100
37 153
59 124
94 107
37 64
115 123
19 170
100 220
29 121
100 143
170 227
104 174
54 126
98 171
185 237
21 223
140 247
32 212
46 229
69 185
36 43
58 66
55 130
166 187
2 161
24 37
63 138
117 128
78 117
38 155
66 161
58 230
11 114
20 57
93 192
95 239
5 228
73 136
221 240
86 110
14 76
174 245
143 193
83 175
48 241
130 245
50 108
172 245
17 190
112 114
31 93
118 188
106 127
113 200
96 199
60 212
26 86
59 219
230 235
53 130
150 226
11 128
6 110
51 127
165 196
228 240
8 210
18 237
66 132
162 187
81 100
107 226
36 186
166 179
21 84
47 247
86 160
126 196
166 177
73 214
165 194
44 203
63 125
190 191
195 230
128 205
80 182
17 218
91 183
82 203
39 88
66 242
10 87
12 95
40 76
121 178
95 155
137 184
199 231
117 154
109 197
188 197
8 214
66 249
19 99
40 81
160 175
99 208
37 156
112 113
142 196
143 234
20 47
30 246
3 213
43 95
12 161
52 79
3 160
93 200
145 213
18 104
55 62
10 174
58 169
5 66
201 216
83 128
212 231
67 231
179 194
59 111
15 90
1 138
18 190
94 164
153 215
68 120
20 130
41 242
40 161
93 149
27 127
176 191
8 158
9 55
87 222
114 177
104 237
5 178
44 125
21 50
90 141
118 212
21 212
106 163
5 225
6 204
134 183
142 146
7 91
30 197
61 229
207 216
17 238
62 73
95 215
55 214
184 236
110 119
225 248
23 224
30 82
30 216
65 176
109 156
158 183
14 186
220 245
89 230
156 233
151 198
1 217
89 105
3 225
2 199
75 200
33 78
108 207
22 101
137 210
30 70
68 119
187 191
19 63
30 149
34 175
28 97
107 118
30 169
82 109
39 96
155 217
69 147
136 177
59 131
102 207
127 246
43 191
15 176
90 191
39 62
71 165
189 196
22 78
211 233
13 57
124 230
124 213
151 242
10 135
52 69
179 237
65 133
81 222
59 164
121 124
47 204
2 138
13 237
50 81
94 246
121 209
24 176
97 180
17 107
65 171
154 177
202 242
27 37
175 198
151 191
69 247
60 199
0 38
73 81
88 171
27 149
42 203
174 241
43 133
50 99
26 214
18 205
120 242
45 148
43 89
49 214
86 248
24 188
97 138
19 226
19 148
126 163
102 152
87 155
4 195
11 138
132 195
29 104
39 177
2 82
52 118
71 152
41 143
14 21
40 119
15 97
55 117
62 249
56 194
168 194
50 205
87 241
31 155
116 157
113 234
12 61
40 214
35 84
107 207
152 226
99 167
74 154
90 217
120 135
137 177
38 128
45 116
11 232
54 227
68 116
109 239
175 182
39 144
46 132
117 231
65 191
201 238
57 117
42 89
31 44
16 82
11 235
125 229
34 69
102 138
2 91
99 184
95 119
75 103
192 244
59 85
134 175
11 103
155 232
26 44
38 60
49 211
147 190
26 217
76 128
78 207
56 72
114 191
151 189
44 247
132 231
57 118
8 68
73 240
75 117
113 119
29 80
14 177
41 122
199 246
169 203
93 129
111 244
34 114
35 181
112 167
14 169
23 137
62 89
115 164
179 234
61 129
143 166
39 90
86 184
206 238
117 141
49 104
111 186
147 218
80 219
85 166
101 156
42 210
70 76
102 206
79 163
81 105
117 118
191 208
73 184
75 225
38 39
6 13
38 232
56 189
142 169
64 130
135 185
58 243
220 237
2 181
49 114
19 107
150 231
157 227
53 84
224 234
194 247
82 232
123 229
0 140
16 205
130 201
90 188
77 194
159 227
60 181
38 91
159 188
82 124
64 66
8 200
32 165
92 246
24 246
40 127
130 225
21 65
59 76
101 240
192 239
28 171
68 117
51 80
192 247
142 219
107 134
26 52
34 130
35 127
58 177
106 135
57 171
9 116
100 110
52 236
22 112
44 156
73 200
143 145
1 194
29 220
53 160
107 190
139 165
117 245
26 153
18 162
142 220
124 202
28 161
23 188
152 196
170 226
63 146
90 223
2 166
162 219
14 19
11 153
37 230
148 190
6 19
0 204
180 239
151 202
208 242
26 111
48 188
84 189
112 162
26 130
16 189
31 202
208 213
184 245
185 194
37 52
204 241
45 53
5 171
196 232
75 248
38 93
123 134
87 123
46 149
62 218
88 170
232 235
31 144
34 167
84 223
25 137
18 49
67 244
133 242
78 142
15 31
6 212
110 205
7 173
24 198
195 220
32 97
93 202
64 221
0 127
5 46
137 166
39 233
226 227
109 117
95 181
50 217
41 76
75 167
24 122
137 223
154 191
169 218
14 46
60 218
153 207
59 227
62 191
40 67
230 237
49 100
139 243
125 214
150 161
86 150
92 225
92 144
43 131
19 196
191 246
6 234
58 160
3 52
85 126
39 78
134 178
9 72
233 244
11 182
89 133
25 77
188 233
26 184
171 203
75 214
51 81
198 211
53 241
14 219
155 240
48 124
120 186
180 236
99 103
88 215
92 188
24 166
132 202
50 155
7 125
58 120
58 170
