150 1000
82
58
107
47
51
65
63
91
54
26
66
29
66
43
103
102
114
25
69
52
90
74
25
44
104
23
52
41
76
88
53
90
78
92
118
61
37
113
32
71
119
30
81
117
54
116
51
100
73
101
32
95
107
37
119
91
93
104
65
101
24
98
71
34
70
21
75
87
66
39
91
65
49
52
63
35
100
94
115
53
27
28
80
115
97
80
38
22
116
83
55
72
61
107
86
63
60
93
83
107
112
54
104
93
38
99
109
118
26
104
103
33
64
115
80
94
75
51
48
23
114
84
75
108
23
93
51
63
66
114
50
110
100
87
84
118
66
25
68
72
61
51
38
58
47
50
32
54
81
60
67 145
28 45
70 86
11 98
57 76
44 55
115 136
67 87
44 90
26 117
39 87
58 122
16 39
62 140
33 68
2 3
63 100
83 149
72 94
98 148
1 55
39 94
20 31
12 106
73 76
17 39
10 63
76 78
102 118
43 135
36 46
39 99
48 122
1 120
1 118
20 119
17 108
9 129
17 48
26 141
30 143
55 96
74 145
97 134
27 42
131 134
76 125
23 132
48 133
17 45
36 117
38 145
99 134
26 85
17 19
12 13
100 109
67 95
33 103
95 128
32 79
7 109
5 91
82 106
25 127
65 95
60 63
65 131
66 86
6 84
80 148
91 106
103 117
27 71
5 100
30 103
13 16
9 87
95 136
120 125
52 122
14 86
53 103
72 101
39 107
37 54
115 145
4 120
74 127
71 79
3 133
95 146
105 142
140 143
20 143
12 97
0 142
112 148
53 63
70 92
26 72
89 129
36 73
111 148
32 65
48 77
75 87
96 132
82 142
122 127
12 134
57 75
37 135
55 90
2 27
33 74
64 105
28 65
2 26
26 68
104 111
18 48
17 81
65 82
9 54
42 73
91 117
128 130
56 87
58 68
16 101
34 121
68 99
0 122
26 28
40 139
32 111
15 89
22 128
80 137
123 128
69 112
93 142
47 49
30 116
9 99
44 119
70 89
45 70
62 73
4 97
31 114
106 115
47 145
30 127
8 34
2 147
47 130
79 90
22 148
7 97
23 119
94 103
58 149
14 22
13 124
79 141
96 97
97 144
92 127
23 126
37 78
25 69
17 125
123 149
92 96
32 115
117 136
59 78
126 135
11 100
41 81
2 138
28 99
22 132
58 128
50 68
76 136
13 137
38 93
38 87
70 135
4 53
56 112
41 82
33 140
32 53
107 114
20 44
55 109
66 87
113 117
1 5
43 45
14 38
52 83
120 126
24 29
81 125
43 57
24 34
129 142
9 118
40 87
46 53
95 120
35 110
41 87
13 130
79 138
70 71
46 131
6 94
69 75
21 139
13 28
21 107
75 143
30 80
83 115
28 113
6 87
74 144
68 145
41 62
19 108
33 149
40 61
12 147
57 134
14 124
89 137
67 98
52 53
28 131
96 137
17 20
34 85
2 15
37 109
47 116
51 128
18 46
111 112
67 97
18 41
13 58
13 32
125 137
67 106
15 65
84 146
82 137
19 55
109 136
66 102
44 58
55 105
17 114
83 118
16 136
30 124
58 96
72 95
45 64
60 80
128 129
19 144
60 66
46 126
42 77
50 135
86 105
102 142
110 123
35 41
61 149
95 123
69 119
15 17
0 133
15 127
122 128
39 86
62 90
17 85
104 136
54 92
47 91
44 116
7 131
58 60
33 42
4 11
4 73
40 78
56 73
52 55
80 141
72 91
53 78
59 89
116 143
1 110
92 97
100 128
38 130
8 22
64 124
85 128
66 138
18 61
122 125
15 104
8 116
26 71
87 115
32 105
10 33
65 103
32 44
12 105
15 134
86 108
74 80
68 139
59 140
14 31
35 47
53 118
55 144
27 142
11 59
0 21
65 145
26 27
11 131
92 146
49 80
104 129
4 93
46 99
55 130
60 90
28 79
45 135
72 74
29 85
29 132
107 127
35 95
4 106
69 148
4 118
79 109
135 149
0 104
9 32
130 144
1 112
47 75
97 149
119 126
85 101
58 94
37 129
48 63
35 68
16 68
27 67
2 33
86 119
2 95
57 114
45 61
15 57
89 142
18 147
86 149
52 65
18 36
16 123
86 136
15 140
44 106
48 75
32 45
14 77
41 142
37 72
102 129
94 104
23 25
91 109
46 76
14 76
64 144
52 137
29 131
7 12
63 142
74 107
33 146
38 46
27 53
50 132
78 125
56 61
73 137
39 70
57 132
15 91
60 139
4 114
16 130
24 43
60 98
52 94
0 94
23 34
16 53
33 73
134 141
89 117
23 61
6 57
21 98
10 72
8 76
26 138
50 145
55 83
37 148
51 144
85 90
17 143
3 142
47 79
28 70
14 52
20 132
84 118
29 65
62 91
69 109
55 142
15 42
118 144
37 84
106 130
99 109
6 59
31 127
20 81
41 65
93 120
61 79
87 142
81 141
101 114
71 125
17 18
38 65
0 106
63 144
32 104
64 143
12 93
24 33
25 142
20 126
14 89
99 102
90 134
33 98
8 93
71 111
77 136
0 34
70 97
0 63
13 63
6 140
83 98
126 132
103 146
0 101
45 85
49 138
120 145
2 73
9 47
8 100
20 101
71 83
16 77
114 125
11 107
114 142
58 69
9 114
46 110
41 102
104 133
16 44
60 77
11 91
13 85
6 14
30 97
72 136
46 147
38 82
13 140
82 147
58 100
46 146
51 71
54 90
57 106
98 118
86 91
21 129
45 105
28 104
14 75
23 78
62 63
76 113
52 110
3 61
9 71
51 142
60 141
20 46
0 46
40 86
39 71
46 107
37 116
0 93
103 131
16 116
43 79
145 148
56 91
12 53
65 104
28 56
4 148
100 148
50 140
84 90
61 93
79 136
39 131
22 136
20 40
55 115
21 50
15 112
8 68
27 125
75 83
55 73
5 88
40 71
47 57
32 108
0 71
33 89
12 111
20 84
53 75
49 74
27 117
87 89
35 116
62 110
101 118
85 91
6 123
21 34
115 118
31 116
23 39
51 103
36 123
37 90
100 139
14 127
103 106
64 141
29 121
4 125
141 147
22 118
2 50
15 95
23 29
62 131
52 85
68 88
58 105
9 28
43 94
38 50
20 94
0 132
31 145
113 141
41 53
18 51
41 109
80 90
5 132
73 77
70 136
1 81
25 145
33 44
92 128
38 124
14 72
9 124
17 103
25 59
95 111
70 110
38 92
62 95
74 140
19 46
2 28
23 47
27 143
57 108
138 147
2 31
57 69
64 75
127 141
36 140
48 86
26 60
24 140
64 121
42 66
12 94
44 112
19 124
105 128
27 115
50 148
22 114
125 149
7 11
139 145
59 101
21 101
28 142
67 146
35 80
131 143
12 42
49 105
39 42
97 121
4 147
26 120
13 95
20 78
107 119
15 68
20 53
80 87
17 49
42 69
13 149
6 107
51 63
10 45
23 49
7 143
72 128
56 140
92 149
77 107
73 103
55 129
49 91
142 149
106 114
27 148
44 60
83 89
70 118
12 81
21 88
66 111
78 117
42 109
22 133
21 60
25 27
25 30
104 142
44 121
75 117
53 94
15 142
73 74
41 79
83 101
96 129
17 109
59 63
85 121
31 94
9 23
11 101
72 83
8 107
51 91
84 113
88 118
48 60
45 130
11 51
120 141
23 55
82 144
26 42
25 51
102 134
53 142
4 27
119 135
0 55
24 105
121 124
25 112
34 103
60 129
58 103
4 31
10 15
49 63
114 124
90 118
12 75
99 118
124 125
52 95
9 101
100 118
11 79
5 39
21 49
70 72
14 36
7 96
10 56
20 131
23 139
78 133
108 122
53 120
11 114
13 123
82 134
56 144
1 34
74 113
87 135
46 52
123 142
29 59
55 79
63 78
46 68
58 93
4 111
67 115
75 88
60 132
124 127
18 27
63 132
100 101
49 121
42 113
26 97
43 89
13 77
8 135
42 149
11 123
113 126
36 144
23 140
69 107
86 141
112 122
57 91
54 66
65 136
127 149
13 142
15 30
21 57
47 81
57 68
62 114
52 146
103 137
24 125
94 97
12 56
69 103
2 59
51 59
31 96
46 72
28 145
103 109
74 94
7 68
64 90
78 111
69 135
13 53
117 134
106 122
122 138
32 144
42 45
73 91
43 65
120 123
112 125
53 101
42 116
19 129
22 89
75 115
1 4
95 126
67 107
1 58
49 144
34 144
56 59
4 83
87 131
57 97
76 129
53 68
30 93
124 147
101 125
95 104
96 130
59 91
14 53
73 126
55 78
107 142
37 106
16 23
33 76
28 136
107 111
25 134
32 114
79 133
78 140
49 113
29 71
4 123
1 78
57 100
57 58
95 101
14 125
99 112
98 103
60 127
55 111
75 97
26 87
59 129
6 74
77 80
84 104
51 105
1 64
12 24
110 114
27 94
57 96
4 112
30 132
80 89
57 62
11 16
48 67
15 116
31 120
39 133
9 38
45 89
30 34
91 146
108 126
49 95
28 111
32 41
5 133
2 53
20 103
68 125
103 108
0 108
19 20
90 117
11 27
7 147
25 118
115 116
74 76
8 144
13 19
76 149
1 48
53 129
74 100
27 29
39 110
31 80
72 111
122 148
47 99
120 129
72 146
49 86
80 124
45 57
57 145
43 121
3 110
34 97
28 103
63 114
96 119
81 146
18 145
20 105
94 137
17 140
35 76
10 118
58 77
53 55
36 79
147 148
35 83
25 99
0 47
45 146
30 64
135 141
84 86
24 126
5 60
25 52
27 102
63 106
38 90
61 75
73 138
25 73
35 70
65 70
36 113
22 103
101 127
8 148
37 50
9 85
