150 150
67
24
84
51
85
76
117
65
100
97
54
28
72
67
100
67
60
49
68
92
67
77
93
89
23
64
78
69
84
42
44
83
99
61
67
116
117
64
62
97
93
96
57
98
95
89
45
87
119
93
112
66
102
85
87
106
29
98
55
46
20
31
61
51
72
108
48
69
52
42
98
78
70
88
56
46
57
33
113
108
58
57
55
40
23
74
26
32
52
61
110
53
73
52
84
77
40
64
79
25
86
57
83
37
25
71
63
115
84
108
103
22
46
90
94
49
45
101
113
77
94
104
62
99
88
79
57
60
23
116
65
90
105
80
107
111
83
50
58
99
90
41
101
116
64
76
45
89
109
91
67 145
28 45
70 86
11 98
57 76
44 55
115 136
67 87
44 90
26 117
39 87
58 122
16 39
62 140
33 68
2 3
63 100
83 149
72 94
98 148
1 55
39 94
20 31
12 106
73 76
17 39
10 63
76 78
102 118
43 135
36 46
39 99
48 122
1 120
1 118
20 119
17 108
9 129
17 48
26 141
30 143
55 96
74 145
97 134
27 42
131 134
76 125
23 132
48 133
17 45
36 117
38 145
99 134
26 85
17 19
12 13
100 109
67 95
33 103
95 128
32 79
7 109
5 91
82 106
25 127
65 95
60 63
65 131
66 86
6 84
80 148
91 106
103 117
27 71
5 100
30 103
13 16
9 87
95 136
120 125
52 122
14 86
53 103
72 101
39 107
37 54
115 145
4 120
74 127
71 79
3 133
95 146
105 142
140 143
20 143
12 97
0 142
112 148
53 63
70 92
26 72
89 129
36 73
111 148
32 65
48 77
75 87
96 132
82 142
122 127
12 134
57 75
37 135
55 90
2 27
33 74
64 105
28 65
2 26
26 68
104 111
18 48
17 81
65 82
9 54
42 73
91 117
128 130
56 87
58 68
16 101
34 121
68 99
0 122
26 28
40 139
32 111
15 89
22 128
80 137
123 128
69 112
93 142
47 49
30 116
9 99
44 119
70 89
45 70
62 73
