300 300
111
117
64
86
77
101
80
78
62
103
24
31
24
43
98
60
93
26
25
22
100
111
111
42
23
48
59
29
36
113
71
80
62
67
98
20
100
58
78
42
94
34
105
98
58
36
38
31
42
95
85
74
86
28
96
41
57
35
102
25
80
53
85
23
52
64
75
32
54
85
106
28
100
44
59
38
60
29
101
34
105
67
88
23
75
64
97
112
31
79
70
91
65
35
46
97
31
101
62
66
119
100
74
99
24
113
69
116
75
50
30
60
49
98
115
105
94
92
49
105
52
99
77
97
115
55
74
26
89
68
24
88
49
79
119
105
24
20
102
79
50
64
71
32
95
67
117
69
39
46
55
71
78
64
100
25
99
107
83
68
55
88
88
36
47
87
22
103
39
56
115
22
52
66
34
27
65
31
77
85
109
112
88
67
56
69
72
35
56
88
36
43
56
56
60
35
76
114
118
95
102
65
97
34
112
111
42
57
22
99
74
64
43
95
111
79
96
116
46
84
84
114
107
72
51
99
87
107
45
37
82
27
83
112
94
27
103
116
116
58
47
23
102
70
98
45
81
26
93
107
90
109
102
77
61
85
109
80
24
34
50
86
94
113
30
68
72
114
64
20
104
43
23
86
93
53
111
54
59
37
93
81
26
27
91
68
92
80
28
96
46
58
115
20
103
25
68
107
71
64
67 295
28 45
220 236
98 161
57 76
44 205
265 286
67 237
90 194
117 176
39 237
58 122
16 39
212 290
183 218
2 3
100 213
83 149
72 244
148 248
1 205
39 244
170 181
12 106
76 223
167 189
63 160
226 228
102 268
193 285
186 196
39 99
48 122
1 120
1 118
20 119
17 258
129 159
17 198
26 141
30 293
205 246
145 224
134 247
27 192
131 284
76 275
23 282
198 283
17 195
36 267
188 295
99 284
176 235
17 169
13 162
100 259
67 245
183 253
128 245
32 229
7 259
5 241
82 256
25 277
65 245
60 213
65 281
216 236
6 234
148 230
106 241
103 267
177 221
5 100
30 253
13 16
9 87
95 286
120 125
52 122
86 164
103 203
72 101
107 189
37 54
265 295
4 120
224 277
221 229
3 283
245 296
142 255
143 290
20 293
97 162
0 142
262 298
63 203
70 92
176 222
129 239
186 223
111 148
32 215
77 198
75 87
246 282
82 142
127 272
134 162
57 225
135 187
55 90
2 177
183 224
64 105
28 215
2 26
176 218
111 254
168 198
81 167
215 232
9 204
42 223
91 267
278 280
87 206
68 208
16 251
121 184
68 99
122 150
26 178
40 289
32 261
165 239
128 172
80 137
123 128
112 219
93 142
49 197
180 266
9 249
194 269
70 89
45 220
212 223
4 247
31 264
256 265
145 197
180 277
8 34
147 152
47 280
229 240
148 172
157 247
173 269
103 244
58 149
22 164
124 163
79 141
96 247
97 144
242 277
173 276
37 78
69 175
125 167
273 299
92 246
182 265
267 286
78 209
126 135
11 100
41 231
152 288
28 249
22 132
58 278
50 68
136 226
13 137
93 188
38 237
135 220
154 203
112 206
41 232
33 290
32 53
257 264
20 44
205 259
66 237
117 263
5 151
43 195
164 188
83 202
126 270
29 174
81 125
57 193
174 184
142 279
159 268
40 237
196 203
245 270
185 260
87 191
130 163
79 138
70 221
196 281
156 244
69 225
171 289
163 178
21 107
75 143
80 180
83 115
28 113
53 213
73 192
156 237
74 294
68 145
41 212
19 258
33 299
190 211
162 297
57 284
124 164
137 239
217 248
52 53
131 178
246 287
20 167
34 235
2 165
37 259
47 266
51 278
46 168
261 262
217 247
18 41
163 208
32 163
125 137
217 256
15 215
234 296
82 287
169 205
136 259
102 216
58 194
105 205
114 167
83 118
136 166
30 124
96 208
222 245
45 214
60 230
129 278
169 294
60 216
126 196
42 227
50 285
236 255
102 142
123 260
41 185
61 149
123 245
69 269
15 167
150 283
127 165
122 128
86 189
90 212
17 85
136 254
54 242
