200 250
22
57
79
86
67
98
71
66
88
82
81
37
67
38
61
83
28
52
83
45
57
37
76
35
35
116
54
107
102
89
25
56
79
36
22
78
114
25
25
34
87
38
103
86
56
44
50
116
28
65
42
65
34
50
80
49
98
114
89
80
36
46
116
47
62
70
105
56
75
62
22
43
80
105
61
69
81
43
65
89
89
87
35
103
70
47
85
48
42
106
109
110
32
105
37
74
56
74
62
111
117
64
86
77
101
80
78
62
103
24
31
24
43
98
60
93
26
25
22
100
111
111
42
23
48
59
29
36
113
71
80
62
67
98
20
100
58
78
42
94
34
105
98
58
36
38
31
42
95
85
74
86
28
96
41
57
35
102
25
80
53
85
23
52
64
75
32
54
85
106
28
100
44
59
38
60
29
101
34
105
67
88
23
75
64
97
112
31
79
70
91
65
35
46
97
31
101
62
66
119
167 195
45 128
36 120
98 161
157 176
5 44
65 186
67 137
94 190
17 76
39 137
22 58
16 139
12 90
83 118
2 3
0 113
83 149
44 72
1 48
70 139
6 181
12 76
23 89
67 160
63 126
2 128
93 168
85 86
39 96
48 199
101 122
118 120
101 120
58 119
59 117
98 129
17 141
126 193
30 146
45 105
24 34
47 192
84 127
31 175
76 182
23 198
83 95
117 136
167 188
84 195
76 199
135 169
13 17
0 162
67 159
45 183
45 53
128 132
129 159
5 107
82 141
156 177
25 177
65 145
13 60
165 181
116 136
106 134
48 130
41 106
67 103
121 177
100 105
30 53
16 113
109 187
95 195
86 125
120 152
22 86
3 164
3 101
72 89
7 154
65 137
4 195
120 124
21 77
29 83
3 45
142 196
143 155
190 193
20 62
42 97
62 100
103 198
70 163
122 192
129 176
123 139
11 86
48 115
32 77
187 198
75 146
82 182
42 72
62 127
25 134
35 57
55 87
2 90
77 83
5 124
15 164
26 176
11 118
54 68
81 198
32 167
9 15
104 142
23 191
80 167
6 178
68 87
8 116
84 151
68 121
50 99
22 78
26 140
32 89
39 161
65 128
72 80
128 137
23 112
119 142
97 193
80 149
109 166
69 149
70 194
45 89
112 120
123 147
4 164
131 165
156 197
45 180
77 134
52 108
47 180
40 147
29 48
72 147
157 173
103 169
44 58
149 164
24 122
63 79
141 147
97 196
42 144
77 173
137 176
175 178
69 125
99 167
173 192
46 82
165 167
9 186
135 178
100 126
111 141
52 131
88 128
32 149
122 178
50 158
68 136
26 137
13 193
138 188
35 137
20 103
6 154
112 132
141 190
33 53
132 164
20 57
44 159
5 166
137 163
5 17
43 51
64 95
83 188
2 126
70 174
25 29
93 181
74 157
84 142
79 168
59 137
103 140
96 145
70 185
60 87
63 191
38 130
70 79
81 121
144 196
25 56
169 189
71 78
63 107
21 143
75 80
15 80
128 183
53 113
113 173
56 92
37 174
68 94
45 168
41 102
112 158
19 33
90 99
111 162
84 197
24 57
137 164
39 148
17 152
131 153
46 78
67 187
20 34
65 135
