50 100
103
100
56
38
26
53
113
98
73
46
36
119
88
51
93
42
92
41
101
25
23
73
51
84
93
22
97
54
40
117
22
75
98
58
93
56
43
38
34
48
117
102
100
85
85
73
107
109
94
41
19 23
18 32
6 48
9 39
12 36
27 48
14 22
25 32
1 29
2 43
15 41
8 14
0 20
7 28
3 8
29 30
35 49
29 44
10 18
22 30
9 18
32 45
22 44
14 45
15 18
7 38
3 33
15 33
25 44
35 40
22 49
16 34
23 46
30 33
13 14
8 35
5 22
16 17
27 33
13 43
1 4
0 34
9 17
19 36
11 13
12 22
34 38
7 49
29 36
3 43
1 42
15 38
6 7
33 35
41 49
28 42
3 30
12 29
11 48
10 22
26 44
13 25
1 3
4 46
4 49
42 49
7 16
0 49
43 48
23 35
3 4
14 17
2 15
25 40
21 41
5 18
7 26
11 25
6 24
34 42
8 43
1 27
0 42
38 47
5 6
10 15
20 33
26 47
19 25
18 31
38 46
13 40
3 21
39 48
9 31
19 32
9 24
18 20
11 18
16 20
