100 100
68
35
52
97
118
107
95
66
102
102
62
92
47
82
54
45
77
55
107
75
110
22
97
103
44
25
84
35
48
22
46
96
38
31
74
88
118
101
87
52
35
29
24
62
43
111
87
100
98
26
107
88
28
36
71
104
41
88
119
70
42
98
46
60
109
52
81
59
85
48
92
100
57
48
43
32
39
62
113
117
69
100
86
29
69
89
114
90
109
65
40
32
43
67
24
84
51
85
76
117
67 95
28 45
20 36
61 98
57 76
5 44
65 86
37 67
90 94
17 76
37 39
22 58
16 39
12 90
18 83
2 3
0 13
49 83
44 72
1 48
39 70
6 81
12 76
23 89
60 67
26 63
2 28
68 93
85 86
39 96
48 99
1 22
18 20
1 20
19 58
17 59
29 98
17 41
26 93
30 46
5 45
24 34
47 92
27 84
31 75
76 82
23 98
83 95
17 36
67 88
84 95
76 99
35 69
13 17
0 62
59 67
45 83
45 53
28 32
29 59
5 7
41 82
56 77
25 77
45 65
13 60
65 81
16 36
6 34
30 48
6 41
3 67
21 77
0 5
30 53
13 16
9 87
86 95
20 25
22 52
64 86
1 3
72 89
7 54
37 65
4 95
20 24
29 83
3 45
42 96
43 55
90 93
20 62
42 97
3 98
63 70
22 92
29 76
23 39
11 86
