100 1000
51
63
66
114
50
110
100
87
84
118
66
25
68
72
61
51
38
58
47
50
32
54
81
60
110
28
24
65
116
79
91
47
23
37
94
105
28
74
72
44
25
71
101
73
23
42
57
93
80
36
24
92
22
37
85
112
45
41
110
93
101
81
73
104
50
47
41
110
53
94
34
58
97
115
64
100
90
101
26
50
117
82
75
119
99
40
112
77
113
54
50
94
115
103
30
45
82
104
88
68
67 95
28 45
20 36
61 98
57 76
5 44
65 86
37 67
90 94
17 76
37 39
22 58
16 39
12 90
18 83
2 3
0 13
49 83
44 72
1 48
39 70
6 81
12 76
23 89
60 67
26 63
2 28
68 93
85 86
39 96
48 99
1 22
18 20
1 20
19 58
17 59
29 98
17 41
26 93
30 46
5 45
24 34
47 92
27 84
31 75
76 82
23 98
83 95
17 36
67 88
84 95
76 99
35 69
13 17
0 62
59 67
45 83
45 53
28 32
29 59
5 7
41 82
56 77
25 77
45 65
13 60
65 81
16 36
6 34
30 48
6 41
3 67
21 77
0 5
30 53
13 16
9 87
86 95
20 25
22 52
64 86
1 3
72 89
7 54
37 65
4 95
20 24
29 83
3 45
42 96
43 55
90 93
20 62
42 97
3 98
63 70
22 92
29 76
23 39
11 86
15 48
32 77
87 98
46 75
42 82
27 72
34 62
25 57
35 87
55 90
2 77
24 83
5 64
15 28
2 26
18 76
11 54
68 98
67 81
15 32
4 9
23 42
67 91
78 80
6 87
8 68
16 51
21 84
68 99
22 50
26 78
40 89
32 61
39 65
28 72
37 80
23 28
12 19
42 93
49 97
66 80
9 49
69 94
70 89
20 45
12 23
4 47
31 64
56 65
45 97
77 80
8 34
47 52
47 80
29 40
48 72
47 57
69 73
3 44
49 58
22 64
24 63
41 79
47 96
44 97
42 77
73 76
37 78
69 75
25 67
73 99
46 92
65 82
67 86
9 78
26 35
0 11
31 41
52 88
28 49
22 32
58 78
50 68
26 36
13 37
88 93
37 38
20 35
3 54
6 12
32 41
33 90
32 53
57 64
20 44
5 59
37 66
17 63
5 51
43 95
64 88
2 83
26 70
29 74
25 81
57 93
74 84
42 79
59 68
37 40
3 96
45 70
60 85
87 91
30 63
38 79
21 70
81 96
44 56
25 69
71 89
63 78
7 21
43 75
15 80
28 83
13 53
13 73
56 92
37 74
68 94
45 68
2 41
12 58
19 33
90 99
11 62
84 97
24 57
37 64
39 48
17 52
31 53
46 78
67 87
20 34
35 65
2 37
59 66
47 78
46 51
62 68
17 61
18 47
41 63
8 32
25 63
17 37
15 56
15 96
34 87
69 82
5 36
16 59
2 58
5 94
5 14
18 67
66 83
24 36
30 96
8 45
22 45
14 30
29 60
78 94
60 69
16 26
27 96
42 50
36 85
42 55
2 23
41 49
23 61
45 69
67 69
15 83
27 50
28 65
22 86
89 90
12 85
17 54
36 54
42 91
57 66
60 81
42 58
4 83
4 11
23 78
40 73
5 6
2 80
22 91
3 28
9 39
16 93
51 60
42 47
0 78
38 80
14 74
78 85
16 38
11 18
22 75
54 65
8 66
21 76
15 37
5 82
33 60
3 65
32 44
12 55
34 65
8 86
24 80
18 39
9 40
14 81
47 85
3 68
44 55
77 92
11 59
50 71
15 45
26 77
11 81
42 46
80 99
54 79
4 93
49 96
30 55
10 40
29 78
85 95
72 74
29 85
32 79
57 77
35 95
6 54
48 69
4 68
85 99
0 4
59 82
30 44
12 51
47 75
19 26
35 51
44 58
5 80
79 87
48 63
35 68
16 68
27 67
19 36
2 95
32 46
7 14
11 45
57 65
89 92
47 68
36 49
15 52
36 68
16 23
36 40
94 98
75 82
45 77
14 92
23 44
75 91
59 76
26 96
64 94
52 87
31 79
17 25
7 62
63 92
7 74
83 96
38 96
3 27
50 82
25 78
6 61
73 87
57 82
41 65
60 89
4 14
30 66
74 93
10 48
52 94
0 44
23 84
3 66
33 73
34 91
17 39
61 73
6 7
48 71
60 72
8 76
26 38
0 95
5 83
48 87
44 51
35 40
43 67
53 92
29 97
20 78
14 52
20 82
68 84
29 65
12 91
19 59
55 92
65 92
34 37
30 56
6 59
27 31
20 31
43 70
61 79
42 87
31 91
14 51
21 75
67 68
15 88
50 56
13 44
32 54
14 43
12 93
33 74
25 92
20 26
14 39
2 99
34 90
33 48
8 93
21 61
27 36
50 84
38 46
70 97
0 63
13 56
40 98
32 33
53 76
15 46
0 52
1 95
49 85
45 88
2 70
59 73
50 97
20 58
21 51
16 33
11 14
42 57
56 64
57 69
8 59
46 64
52 60
83 91
16 54
10 94
77 91
35 61
63 64
56 97
80 86
22 46
32 97
13 88
40 97
0 82
8 46
21 46
51 90
4 57
6 98
29 41
5 71
25 54
14 28
23 63
12 63
52 76
11 60
21 53
9 51
42 60
41 46
0 70
90 96
36 89
7 71
16 46
0 87
53 93
16 81
45 79
91 98
3 56
12 65
48 78
0 48
84 90
61 90
36 43
29 31
22 89
36 70
5 90
15 21
50 65
68 77
75 83
5 23
5 88
40 71
7 47
8 82
33 89
11 12
34 70
53 75
49 74
67 77
39 87
16 35
10 62
51 68
85 91
56 73
15 18
66 81
51 53
73 86
40 87
0 89
14 77
53 56
64 91
21 79
47 91
68 72
23 79
12 81
2 85
18 88
5 58
28 59
43 94
50 88
53 96
70 94
0 32
31 95
63 91
3 91
1 68
59 91
40 80
55 82
73 77
31 51
25 95
83 94
28 42
74 88
64 72
59 74
3 17
59 75
61 95
20 60
38 92
12 45
74 90
19 96
2 78
47 73
27 93
7 8
88 97
52 81
7 69
25 64
36 90
48 86
10 76
40 74
14 21
16 92
62 94
19 74
28 55
81 95
15 77
0 98
75 99
7 11
45 89
51 59
42 78
17 46
35 80
81 93
12 42
49 55
21 97
4 97
13 95
7 19
18 65
23 86
53 70
80 87
67 99
19 92
13 49
56 57
1 63
45 60
23 49
43 57
22 28
6 90
42 49
7 77
0 68
53 73
5 29
6 14
77 98
44 60
83 89
45 98
73 78
20 68
31 62
9 18
21 38
61 66
28 67
9 92
33 72
10 21
25 27
25 80
54 92
21 44
67 75
53 94
15 92
24 73
29 91
33 51
29 46
9 17
9 13
71 85
81 94
6 91
51 61
72 83
57 58
51 91
63 84
48 60
45 80
20 91
82 94
42 76
1 75
2 34
4 77
69 85
0 55
5 74
65 89
21 74
25 62
34 53
57 97
10 79
3 53
8 31
10 54
65 99
12 68
61 75
12 18
49 53
45 74
9 52
50 51
18 61
14 89
5 21
22 99
14 20
46 86
10 20
23 81
39 83
3 58
11 20
23 64
13 82
84 94
51 56
13 84
24 35
87 96
2 73
9 42
5 79
13 29
28 68
8 96
43 54
11 15
17 75
38 82
10 74
18 77
13 77
1 32
0 71
2 49
45 92
63 76
93 97
77 89
13 85
8 85
49 92
13 76
44 86
41 86
12 72
41 57
4 16
27 49
42 63
65 80
57 71
47 81
18 57
12 14
52 96
53 87
25 74
94 97
53 69
16 86
2 9
46 81
45 78
3 59
44 74
57 68
40 64
28 61
53 63
17 84
6 22
22 38
92 95
73 91
65 93
20 23
62 75
7 34
16 42
19 29
65 75
1 4
26 45
7 67
8 51
94 99
34 44
22 68
33 54
81 87
26 29
3 18
30 43
74 97
8 69
41 59
3 64
23 26
55 78
7 42
56 87
26 83
78 86
57 61
75 84
14 32
79 83
40 78
13 99
29 71
23 54
51 78
7 50
8 57
14 25
12 49
27 60
11 55
25 97
76 87
9 79
6 74
30 77
4 84
1 55
62 74
60 64
34 41
27 44
7 84
57 96
54 62
1 21
30 82
80 89
57 62
67 98
16 65
31 70
9 47
9 88
89 95
80 84
41 96
58 76
49 95
11 78
32 91
67 89
5 33
68 75
8 53
0 58
20 69
17 40
61 77
18 25
15 66
26 74
63 69
26 99
29 53
24 50
29 77
10 39
30 31
11 22
97 99
29 70
22 96
74 80
7 95
21 43
3 60
53 78
14 63
69 96
18 95
5 70
44 87
40 67
35 76
10 68
8 27
3 5
79 86
47 98
47 82
35 83
25 49
47 50
45 96
64 80
34 36
24 26
55 60
2 75
10 70
2 27
6 63
40 88
11 75
23 88
25 73
35 70
15 70
13 86
53 72
1 77
8 98
0 37
35 59
38 62
27 87
31 45
43 71
9 46
23 46
82 83
32 49
54 70
5 24
3 84
21 32
56 68
33 70
58 72
41 98
17 93
10 99
61 97
34 96
31 80
53 81
12 75
17 87
71 99
73 84
45 81
4 78
1 50
55 67
19 46
45 71
29 32
15 43
33 95
60 95
60 77
2 18
63 96
35 52
41 87
43 66
63 87
34 92
18 79
89 98
6 84
13 83
44 95
60 74
31 55
55 88
3 73
