200 2000
66
57
56
32
60
28
30
108
113
111
114
83
21
80
31
59
27
91
90
109
82
49
33
51
84
99
80
49
30
82
61
76
71
50
40
112
58
102
52
103
45
46
119
47
107
30
38
66
101
60
108
115
89
21
98
53
101
58
34
63
73
27
72
24
57
92
68
47
75
100
31
100
27
30
79
66
92
49
112
26
89
52
73
110
106
104
43
87
42
109
82
47
69
34
104
106
107
52
86
114
85
97
46
92
59
58
90
83
87
34
89
57
67
43
47
53
27
23
72
101
64
34
81
113
49
65
52
88
49
118
34
114
47
60
38
86
98
108
49
118
23
71
55
70
94
34
55
53
37
107
86
34
73
47
27
102
44
59
22
74
57
36
20
84
29
39
102
59
79
32
57
82
83
44
84
109
59
71
94
28
58
60
42
64
40
50
46
64
41
101
70
79
117
23
95
78
94
78
118
53
55 198
27 99
137 145
151 184
73 74
10 190
108 182
71 82
39 132
50 157
98 146
6 125
10 27
77 171
24 126
174 181
8 181
25 78
97 177
62 172
25 50
114 184
85 185
18 169
24 128
19 122
25 178
47 188
5 18
66 181
96 199
30 155
160 180
57 60
109 123
112 181
95 100
48 137
19 32
9 107
126 147
125 131
104 179
65 109
83 149
46 90
83 197
28 43
88 129
39 52
11 34
63 103
129 151
1 114
108 122
69 123
54 186
90 146
164 185
135 199
41 47
130 133
38 161
125 168
49 178
13 159
12 14
76 93
29 117
7 40
82 137
61 124
8 137
14 74
166 172
9 171
7 94
102 198
55 179
57 118
77 157
70 121
91 98
8 15
80 174
0 17
57 62
93 146
22 60
20 146
178 182
117 137
19 76
84 135
53 199
93 108
82 115
30 125
165 197
45 86
86 123
15 180
108 148
78 170
99 120
50 116
33 186
61 188
5 75
97 156
129 190
17 163
105 199
41 71
127 196
68 119
13 83
52 114
130 144
36 64
105 181
14 67
55 91
48 76
130 173
11 157
116 174
21 127
168 173
44 121
95 113
60 192
44 196
92 126
127 163
108 157
68 176
111 123
31 151
113 159
76 116
125 192
42 52
15 166
10 172
67 88
75 81
24 79
6 77
4 116
25 169
113 189
1 188
32 100
11 139
15 98
23 80
122 160
27 126
90 199
136 178
18 164
11 97
89 188
56 103
24 93
82 158
83 165
17 146
37 68
29 166
5 61
141 165
168 183
25 91
119 179
4 137
15 143
34 83
90 104
140 150
22 66
32 108
7 57
1 77
182 196
1 195
43 136
118 179
56 161
4 127
8 141
51 176
32 120
60 141
134 159
34 43
43 143
2 145
73 198
68 79
123 152
22 157
102 165
58 184
77 93
19 157
113 195
33 160
53 179
45 114
13 31
109 156
75 111
53 100
61 133
165 168
8 77
62 188
43 124
120 136
1 139
45 66
86 158
52 66
24 180
81 89
108 133
138 152
8 165
23 128
31 131
6 71
45 49
147 166
100 137
105 134
144 166
18 92
10 104
68 142
80 101
165 183
9 135
56 169
52 79
97 135
55 63
6 108
56 105
74 193
5 132
80 124
76 124
38 94
28 114
61 180
15 163
176 178
34 50
102 145
66 195
38 129
50 196
107 189
16 102
52 59
84 148
135 176
9 30
166 189
96 146
50 64
61 181
40 111
138 167
33 165
3 85
114 135
104 152
6 194
120 199
20 65
83 153
92 148
114 183
31 82
60 84
73 95
65 136
184 185
26 149
18 111
105 133
57 198
145 189
15 109
80 144
27 81
29 33
72 168
95 106
0 107
95 190
8 180
164 183
161 193
65 163
72 122
23 96
37 131
146 168
64 98
43 179
12 160
115 133
21 55
85 162
132 164
94 172
58 116
77 117
76 80
77 129
82 166
28 45
61 65
7 196
104 172
20 157
105 164
190 193
79 157
74 173
184 198
20 60
74 79
10 160
92 151
78 148
95 121
80 161
65 92
1 52
37 157
31 165
99 196
174 188
70 170
116 154
68 88
99 166
114 176
11 17
21 90
94 165
78 185
29 174
27 144
30 181
136 148
12 188
144 153
114 162
30 175
20 195
71 186
95 185
106 163
3 136
120 148
30 134
4 199
95 115
31 146
76 120
41 46
108 190
22 146
57 121
52 77
116 123
64 163
61 179
22 64
115 170
136 145
56 87
101 172
133 182
59 70
53 116
52 161
106 198
115 183
119 187
187 193
9 63
76 151
173 188
55 140
28 143
0 152
101 116
98 124
186 194
109 191
110 113
104 168
39 111
84 182
29 179
42 122
38 73
26 118
10 46
33 141
33 190
45 58
86 169
25 157
18 115
168 177
25 132
98 195
64 134
130 195
52 163
1 37
107 125
123 179
12 69
12 16
62 197
35 70
179 183
51 60
181 198
28 82
6 78
70 77
12 159
66 175
11 55
136 176
107 115
11 136
28 119
100 116
42 171
152 177
102 164
28 100
9 97
103 134
87 164
52 126
123 144
27 135
151 156
18 23
63 187
135 155
7 15
9 51
155 178
81 186
72 167
133 169
20 176
15 25
59 67
47 95
46 146
3 170
65 66
157 172
1 124
5 179
85 110
23 112
136 143
28 190
58 118
48 83
86 184
34 153
44 81
0 142
79 155
96 112
21 22
68 175
0 97
132 182
5 6
133 148
33 191
34 67
26 153
12 18
14 58
11 93
157 173
21 166
69 140
43 90
68 140
42 152
75 104
33 149
35 109
94 181
0 178
5 128
99 105
17 164
63 65
22 127
36 93
44 57
34 39
54 99
131 141
6 158
45 156
106 191
143 173
121 153
33 125
31 78
96 132
147 198
74 159
147 172
167 168
4 153
104 159
91 159
45 166
43 49
17 101
54 166
88 169
74 172
21 65
122 176
95 123
15 63
79 120
23 135
66 80
133 198
67 176
60 72
41 77
84 178
22 131
100 172
48 144
70 165
67 93
114 117
16 84
48 129
104 157
37 183
116 170
187 190
59 92
2 122
100 133
6 31
130 155
3 84
1 26
25 45
95 159
63 179
89 111
136 193
95 125
116 163
58 112
8 123
60 130
175 193
88 159
100 170
43 56
42 81
128 139
3 153
42 108
66 196
113 188
56 74
77 138
85 114
62 126
37 167
55 72
172 196
39 177
173 180
14 36
167 175
121 142
2 130
163 197
103 199
25 62
139 159
73 163
24 25
143 152
15 24
11 150
127 148
3 129
39 101
68 143
85 166
49 189
88 105
39 46
8 108
64 120
0 27
145 176
5 97
20 120
70 183
138 198
51 151
94 177
71 96
13 131
145 171
70 143
10 30
3 26
3 150
6 96
11 180
52 193
31 67
74 166
72 89
40 105
75 82
86 99
17 130
75 112
182 189
18 151
12 22
115 178
177 184
11 109
147 156
130 161
36 175
64 96
1 60
56 88
36 142
166 187
51 112
101 194
12 185
4 149
134 186
64 116
27 118
17 25
139 184
147 159
44 175
176 187
32 197
33 75
14 127
39 152
65 146
50 92
96 110
0 49
16 31
101 165
44 142
71 180
18 81
56 139
12 44
52 71
179 197
86 149
103 170
47 62
154 158
106 110
93 159
74 76
118 147
18 50
36 100
156 190
3 9
15 152
61 176
40 164
62 114
10 117
24 113
71 87
129 182
4 180
58 127
74 77
97 125
86 177
67 85
76 89
56 190
90 166
20 82
86 180
45 97
0 69
23 121
2 156
6 89
6 64
33 168
66 93
70 110
41 108
5 98
49 95
16 69
178 196
156 175
44 118
131 153
121 137
42 127
10 154
47 112
22 28
70 180
130 199
4 44
44 134
0 192
109 189
106 108
39 108
29 59
53 129
83 108
21 63
44 82
104 195
24 147
34 150
62 104
60 172
16 58
2 195
56 168
28 144
52 162
21 68
33 197
74 93
32 90
66 114
62 86
19 110
9 53
60 113
68 185
78 125
120 153
33 122
150 177
91 181
113 170
14 119
59 139
103 181
126 170
67 188
130 189
194 197
62 142
93 187
60 81
78 155
55 189
57 80
28 36
37 99
3 61
170 187
38 173
114 175
120 124
60 62
27 138
78 142
72 175
138 150
79 130
5 187
41 159
105 167
19 43
56 94
64 174
44 147
54 171
13 174
48 73
186 189
100 131
64 172
106 154
122 188
33 79
127 193
47 120
50 115
66 144
124 192
8 168
63 139
91 152
139 189
177 178
30 78
61 142
119 154
29 49
82 107
108 187
27 181
77 186
4 48
172 173
134 196
92 135
149 184
39 138
75 168
69 153
130 198
48 105
50 97
109 134
42 131
48 159
23 34
24 188
38 114
34 196
48 89
121 197
25 160
52 135
4 81
6 87
89 136
55 70
150 186
65 199
40 97
33 38
24 64
13 152
0 58
102 132
79 197
44 84
41 89
80 157
45 47
102 169
41 133
70 90
56 125
128 142
80 155
9 22
88 181
66 67
144 171
59 61
91 101
99 108
60 163
131 167
52 156
46 154
10 177
119 175
7 90
74 132
35 40
21 107
123 174
39 47
70 98
108 172
168 189
1 23
83 190
39 85
39 42
86 171
13 49
43 91
20 69
12 175
82 105
28 34
8 73
75 79
124 135
3 65
26 56
67 139
16 152
10 131
143 169
133 192
176 182
35 154
151 167
93 153
101 131
26 159
150 180
94 135
35 161
42 129
139 173
82 91
25 142
26 76
1 13
47 182
23 149
68 150
54 82
81 122
41 54
87 183
151 190
184 186
77 81
51 111
89 149
79 151
61 102
126 150
53 163
68 135
50 128
34 123
113 167
157 185
16 124
49 93
2 153
65 174
53 123
84 106
9 26
98 177
61 87
33 182
30 69
81 102
177 197
67 116
4 42
26 58
80 119
34 60
34 122
51 127
12 157
166 184
39 95
153 164
93 186
70 113
29 53
58 64
55 122
138 175
124 134
49 168
127 176
85 126
3 50
9 175
22 173
48 79
93 138
51 65
119 163
27 32
19 101
15 36
64 144
71 156
34 192
23 183
73 109
45 73
183 188
53 166
19 124
5 108
59 161
25 26
121 149
42 58
34 144
5 92
167 189
69 103
142 164
12 162
0 167
97 133
5 84
14 82
55 74
66 87
64 187
89 92
86 185
82 147
39 120
40 87
156 180
143 145
50 155
17 107
4 107
112 150
40 116
95 194
34 142
129 161
18 36
91 165
118 164
4 157
113 137
54 163
132 141
146 161
25 82
34 172
6 92
21 147
56 153
92 192
109 196
160 162
66 119
15 32
38 147
21 180
79 182
78 113
16 160
15 132
2 107
90 150
81 146
55 73
3 39
1 134
1 116
32 121
105 157
0 147
21 53
84 127
156 157
116 150
126 165
48 128
73 90
78 106
36 85
75 179
65 89
5 29
66 102
175 189
7 189
12 123
2 11
49 167
112 199
35 38
35 164
37 166
125 197
143 161
74 82
171 189
92 170
128 158
72 118
31 86
70 196
45 163
75 189
44 176
8 113
11 32
88 198
29 93
2 111
120 191
12 35
113 115
122 185
8 33
93 168
121 164
85 115
57 161
112 157
178 185
118 149
10 116
37 191
39 161
89 182
45 95
5 168
32 190
1 128
35 50
117 151
79 87
160 199
97 188
106 129
46 139
84 174
130 136
75 185
58 169
15 26
31 153
135 186
63 174
9 139
56 65
112 152
24 87
76 104
168 182
125 157
7 52
45 128
14 144
138 171
29 128
132 168
90 197
2 177
27 158
44 149
143 179
20 117
88 122
28 133
2 124
99 140
47 81
154 183
13 197
81 82
133 172
31 62
85 127
79 154
43 123
103 186
102 172
159 190
46 187
48 75
63 175
111 140
56 124
5 65
89 99
87 174
24 118
37 151
3 68
112 191
46 136
84 95
83 188
34 64
83 98
24 39
47 161
26 100
52 141
77 91
101 115
104 161
61 172
66 164
3 173
10 162
50 150
45 85
128 166
5 135
96 152
4 74
9 145
100 103
13 157
14 117
90 175
6 197
100 152
62 168
2 70
39 107
36 37
174 194
22 140
145 151
48 160
90 152
12 55
26 109
63 109
58 197
21 50
141 162
112 164
11 20
0 156
8 82
148 195
98 105
58 136
57 70
166 191
49 116
110 189
131 138
152 168
82 188
53 93
46 105
25 154
33 57
4 37
133 142
102 179
47 160
57 67
10 183
23 184
127 164
58 94
14 103
11 43
56 96
48 94
73 113
49 171
58 86
175 192
30 180
36 190
0 125
12 109
138 155
31 169
27 101
65 157
75 160
71 101
161 194
159 199
103 169
131 151
26 110
94 168
19 99
111 169
48 81
36 39
23 138
6 39
23 50
77 197
20 135
96 178
14 90
47 135
145 178
87 124
89 181
92 140
33 51
42 62
0 22
65 180
40 115
3 189
91 145
9 123
139 175
165 187
110 111
149 165
6 35
82 127
35 146
141 197
20 155
40 42
57 107
99 174
125 130
70 88
21 49
145 160
24 111
87 99
22 65
9 188
71 88
18 106
167 181
78 136
73 159
17 44
142 177
12 184
150 185
20 162
49 162
27 194
3 37
44 69
25 166
188 197
114 148
70 158
5 117
11 47
23 189
127 197
60 132
89 105
23 90
2 99
55 79
53 140
74 99
58 124
163 190
125 148
43 80
91 106
90 95
39 66
150 174
63 100
7 75
59 153
33 77
114 131
125 165
157 183
41 172
32 39
116 135
132 167
38 111
10 153
28 86
60 193
93 131
124 138
29 168
14 197
63 80
139 180
38 123
10 22
6 114
30 98
17 138
47 180
40 75
85 91
151 182
5 133
3 131
147 195
83 87
73 175
149 162
86 155
46 58
103 152
83 175
0 190
40 44
17 135
78 121
83 117
49 54
1 38
74 196
40 123
147 154
73 135
180 182
21 193
26 77
1 145
97 160
156 191
90 161
92 168
82 161
10 42
89 158
82 116
15 82
36 107
151 171
114 164
1 61
114 115
59 111
1 70
20 114
102 121
38 190
79 118
149 186
31 161
2 150
105 138
25 73
29 189
31 91
2 159
97 113
18 119
66 190
34 139
62 92
16 82
52 134
1 113
27 121
75 184
122 129
2 180
9 100
143 192
11 89
9 120
77 110
169 195
9 154
185 188
61 71
15 102
81 144
19 199
10 74
164 199
161 174
107 117
15 92
151 155
14 61
151 160
50 173
22 104
119 188
137 140
138 147
63 140
51 170
4 57
29 126
142 199
74 155
139 181
58 105
18 42
44 56
30 144
84 100
37 149
24 40
38 136
178 181
121 188
48 185
137 169
142 195
103 176
171 186
73 194
17 167
78 102
57 126
70 146
0 117
47 145
19 133
7 161
52 152
81 194
132 155
126 171
54 198
52 191
1 132
47 147
44 154
87 95
34 158
117 191
96 195
169 189
76 177
121 133
9 199
7 104
48 54
11 138
1 141
93 148
141 199
36 144
87 160
70 197
14 194
114 142
36 110
39 131
5 64
25 172
4 28
10 32
43 76
77 101
137 146
78 177
122 145
66 184
34 88
133 180
0 102
12 122
6 188
51 52
11 175
78 167
4 62
80 178
31 58
110 195
87 177
25 74
91 161
59 147
179 192
82 128
50 192
46 180
50 56
19 185
29 187
39 62
124 148
34 77
11 163
77 151
102 162
24 82
107 152
99 116
155 162
32 163
164 169
183 190
136 170
117 171
39 185
139 157
109 143
73 168
119 155
57 150
34 126
91 141
7 31
186 192
24 122
132 145
33 76
0 54
45 151
108 185
47 184
51 152
6 72
24 174
100 107
131 199
115 191
37 117
19 168
65 123
99 110
50 104
89 155
92 110
136 161
8 196
134 136
30 35
29 195
62 118
36 173
93 99
7 175
110 158
9 79
20 183
11 128
24 121
20 113
35 168
73 107
8 189
19 195
43 190
1 161
53 126
104 149
19 108
31 129
110 171
91 191
45 102
70 71
43 176
11 183
8 12
118 153
16 113
11 172
103 125
108 125
3 74
44 135
56 106
107 147
49 104
49 121
174 177
109 116
128 188
106 118
81 86
6 171
27 98
23 83
87 135
49 148
13 184
69 145
4 90
16 92
18 108
13 35
81 195
96 136
10 14
43 194
101 166
49 151
85 193
23 172
181 185
126 160
50 55
23 82
94 190
59 193
25 189
122 141
141 194
37 196
92 182
5 63
42 196
142 154
74 197
156 173
51 146
110 166
107 124
51 198
2 184
56 86
149 180
24 28
43 178
43 135
37 39
77 191
27 113
0 198
118 167
43 109
160 178
41 114
80 115
16 170
12 168
36 65
79 191
68 130
7 182
47 59
34 159
20 186
157 187
18 57
35 183
131 176
149 198
56 72
68 166
31 40
105 140
26 136
131 156
115 168
64 102
37 40
23 97
7 158
84 138
34 135
88 191
54 58
12 50
37 69
63 190
73 157
114 171
87 90
83 154
10 141
181 190
13 199
7 79
163 172
97 107
50 159
14 192
83 199
41 93
17 72
107 162
104 190
45 68
58 153
104 178
24 57
111 148
9 173
7 74
9 147
24 43
59 169
15 195
19 100
32 160
88 182
2 102
7 85
13 63
37 112
121 175
46 137
144 184
83 120
105 154
23 129
144 150
41 111
143 164
98 153
56 183
53 68
63 66
127 132
5 55
103 192
39 51
88 171
123 193
78 98
75 180
16 194
77 106
9 41
1 163
92 185
19 145
34 53
163 185
18 162
17 190
162 193
117 179
22 29
24 127
4 38
0 130
131 197
89 163
68 134
122 186
120 149
59 82
2 167
81 99
108 195
64 83
31 87
11 69
53 138
44 93
23 142
44 92
106 159
175 181
93 120
69 108
48 189
62 99
10 70
7 106
47 74
86 137
116 190
9 24
119 186
30 184
11 42
141 144
34 169
64 170
0 86
31 48
27 93
49 147
103 107
92 106
21 183
119 159
4 122
113 145
67 83
83 180
53 132
36 169
148 180
185 198
138 153
44 163
179 198
33 66
1 20
54 131
58 120
34 54
73 156
69 88
74 156
20 78
111 152
26 193
31 176
170 178
130 142
73 185
93 113
167 186
59 177
31 178
45 134
56 114
22 164
42 188
51 194
173 194
44 177
79 99
66 117
142 159
3 72
36 189
13 192
48 170
93 196
4 56
30 159
100 168
72 115
88 148
37 147
123 199
69 192
17 180
20 134
53 122
9 197
10 87
35 167
55 175
15 39
5 160
29 115
18 75
163 199
118 146
0 41
69 97
33 114
50 120
55 134
42 96
52 130
106 171
117 161
146 157
128 151
117 195
132 144
14 131
107 132
126 127
81 111
41 83
31 128
26 90
24 142
82 108
25 65
163 195
124 182
51 66
119 198
85 147
54 129
158 170
66 96
30 191
7 72
17 183
77 166
31 65
60 102
