250 3000
98
116
48
39
83
78
49
90
95
114
85
26
74
23
104
86
87
41
33
37
72
94
82
76
78
27
111
85
64
38
38
95
86
118
114
49
76
95
72
51
41
37
58
96
40
42
62
60
115
27
77
68
53
91
76
64
98
67
29
95
37
47
70
104
45
116
85
102
43
89
85
65
59
23
93
31
97
87
71
93
94
80
41
79
52
49
23
82
48
85
57
65
64
107
101
90
55
119
24
79
88
89
24
27
45
97
39
22
116
42
47
90
55
20
101
39
49
57
101
77
22
39
23
118
78
56
88
114
55
44
25
76
66
81
35
91
110
106
45
106
81
73
28
116
73
109
35
55
98
116
112
52
87
67
51
98
104
71
44
91
96
49
99
94
110
115
117
100
101
94
38
114
99
46
110
105
87
25
40
66
74
32
98
93
80
81
71
64
33
95
87
61
76
67
87
66
114
84
98
95
58
116
42
38
94
32
23
62
90
43
60
96
107
38
69
67
52
73
63
117
48
31
58
57
30
25
103
24
41
34
51
79
82
73
49
57
86
104
51
108
27
91
84
115
61
85
114
93
38
58
219 223
68 132
48 206
89 109
12 86
27 98
22 214
132 175
129 151
102 193
191 241
115 164
200 208
78 170
7 8
103 230
79 235
49 229
10 44
68 130
18 22
9 45
232 244
72 214
15 145
168 188
7 33
103 215
125 233
44 240
235 249
72 166
223 234
130 146
214 233
108 113
85 122
5 67
77 116
113 133
51 93
100 154
84 109
167 169
63 86
11 72
62 84
149 238
57 236
29 143
53 142
1 138
6 15
57 233
185 191
28 199
103 242
179 230
148 212
48 98
110 211
126 222
63 194
25 103
54 151
204 246
49 99
92 166
150 207
143 149
98 193
23 185
4 53
114 117
65 152
18 215
175 240
91 221
155 218
57 176
25 125
11 174
124 206
184 192
193 208
77 151
42 100
188 197
155 206
65 210
83 220
176 247
119 175
81 218
88 246
213 240
21 103
239 248
59 181
119 182
9 124
18 20
61 211
20 68
133 216
186 230
68 156
183 243
3 128
176 216
18 249
31 123
121 122
155 181
53 153
131 164
2 173
227 234
70 247
52 55
228 238
123 236
23 218
114 128
182 247
15 230
65 103
39 137
171 224
129 194
74 76
43 247
122 180
0 84
120 136
55 200
30 227
38 102
153 248
231 245
187 211
11 105
64 148
140 144
69 191
19 143
119 164
49 243
36 179
8 49
167 206
60 144
99 236
234 247
104 228
41 82
41 93
207 248
93 143
15 97
186 218
55 158
3 234
122 206
107 182
100 131
63 191
49 96
142 195
135 246
25 217
66 140
138 162
23 108
133 222
69 123
133 190
174 226
34 137
149 171
30 141
123 204
73 220
105 216
17 93
43 64
162 204
75 109
93 235
78 183
158 207
0 41
26 226
113 178
100 175
4 57
61 75
45 233
18 199
63 111
115 208
24 70
67 201
15 154
93 236
214 246
93 214
37 172
68 92
18 137
141 168
95 177
160 202
221 243
56 211
77 184
60 116
147 183
14 113
190 201
107 154
53 197
118 235
62 77
53 66
73 80
8 207
12 168
161 168
85 130
19 69
59 185
182 206
45 221
13 72
31 99
46 167
137 186
13 133
38 199
132 181
139 213
234 242
12 151
88 247
67 244
53 107
104 141
111 177
39 183
138 190
209 215
151 184
170 198
17 148
198 208
132 172
124 189
8 192
5 136
30 233
174 240
36 131
0 131
58 170
101 183
0 58
95 162
4 111
21 117
71 243
11 201
209 219
55 207
86 215
139 190
76 79
20 59
79 181
114 230
134 140
46 115
87 119
9 56
120 242
165 234
185 215
28 184
84 145
110 142
82 170
101 246
122 161
92 157
137 155
39 207
72 130
69 187
43 49
126 137
110 169
52 135
45 81
42 69
63 165
85 152
106 248
11 183
80 90
104 235
61 80
62 126
165 235
130 131
7 214
17 134
69 219
117 121
42 150
65 159
106 164
2 104
20 185
100 217
71 128
187 208
63 234
20 219
3 228
99 193
113 116
38 50
51 188
92 211
50 106
108 227
6 247
146 224
24 199
45 136
84 132
199 206
29 101
53 209
174 222
21 151
59 109
160 201
100 146
206 223
196 200
64 203
49 210
29 100
86 176
170 236
37 58
12 126
67 188
39 65
112 188
43 221
244 248
98 234
59 140
156 189
112 220
13 244
23 33
114 119
100 199
8 142
18 138
20 205
187 206
96 171
139 227
77 244
228 236
27 228
38 183
2 167
6 161
15 39
36 129
10 236
152 230
96 220
171 218
27 229
7 123
150 234
115 145
62 101
89 225
79 115
23 99
29 117
10 235
149 170
114 180
196 237
83 185
166 208
45 153
12 187
169 190
98 136
160 187
14 237
66 102
227 232
99 165
28 108
84 130
51 177
16 162
97 247
16 201
55 104
61 95
218 230
66 137
74 116
79 205
181 190
124 172
10 39
118 124
60 169
198 248
111 160
109 214
110 165
125 165
121 186
10 89
19 249
8 237
73 87
116 193
18 169
38 130
60 162
230 248
75 98
30 186
97 110
45 220
12 22
236 238
61 100
177 182
100 185
25 169
124 214
141 244
32 133
124 194
46 224
26 121
56 174
35 58
5 205
107 120
80 197
106 141
48 135
0 73
94 173
25 47
19 161
42 146
153 166
90 199
141 218
65 173
127 231
132 202
38 162
2 220
109 210
9 111
36 96
9 19
137 233
144 168
156 210
59 142
85 229
110 222
33 53
139 180
92 116
7 165
106 167
67 227
191 230
76 77
86 227
62 197
75 115
58 231
178 201
142 157
3 36
129 191
5 224
139 212
12 170
158 239
138 238
65 180
10 66
3 13
79 174
129 233
57 162
36 157
66 72
12 195
115 150
65 89
7 130
19 228
152 239
111 140
127 143
57 194
61 153
59 78
40 242
6 163
97 199
15 163
123 175
62 238
76 128
78 83
110 158
12 205
66 147
127 153
62 209
173 215
123 232
43 217
23 58
222 224
7 137
130 238
50 63
220 241
30 48
176 242
59 131
5 206
10 49
9 185
72 108
48 76
193 221
15 216
29 239
40 138
130 229
42 120
33 90
135 165
61 241
50 158
15 45
6 94
44 127
51 205
31 152
99 197
2 217
15 31
56 58
37 169
38 39
71 181
168 232
223 237
230 247
23 127
12 131
139 221
175 177
42 180
208 244
127 211
143 211
94 121
51 116
11 89
44 155
161 239
0 213
45 212
235 247
9 172
143 219
0 144
42 172
131 176
36 54
99 194
38 49
73 100
6 84
14 189
128 202
3 91
202 216
51 238
53 160
22 162
54 162
19 226
57 195
195 209
5 101
147 150
44 220
0 152
42 54
166 182
170 244
49 126
114 238
41 100
115 127
166 181
27 37
9 186
71 84
186 234
76 131
188 222
41 101
125 155
41 83
179 189
63 167
51 228
32 181
159 195
111 148
27 192
0 53
84 214
124 198
53 122
79 163
25 180
2 204
37 187
44 126
209 216
44 47
11 178
80 206
189 228
169 233
107 169
36 71
13 105
80 121
52 66
193 243
84 197
21 196
92 234
0 52
51 146
164 201
133 176
115 120
39 213
71 98
60 236
142 166
101 116
19 98
91 168
3 65
11 38
124 126
205 228
124 230
23 152
215 245
17 179
35 217
0 197
56 244
157 215
63 212
131 177
154 242
44 236
105 214
162 168
49 193
122 169
131 247
72 96
191 243
127 130
127 159
67 77
43 224
38 224
3 106
21 113
7 97
54 157
74 178
119 216
79 191
140 210
188 212
56 181
6 184
17 61
163 241
84 239
34 160
28 242
49 164
113 207
115 159
85 168
145 236
204 224
94 177
116 184
92 159
149 165
63 128
144 182
54 118
190 235
13 28
182 192
165 242
158 176
76 107
11 104
62 67
92 180
114 161
60 172
58 209
39 189
124 223
178 183
20 91
118 222
34 153
16 51
145 174
79 104
0 90
60 165
157 240
7 170
169 206
14 195
134 230
105 155
190 210
51 135
106 211
23 245
111 142
6 148
66 227
67 212
124 169
84 178
114 193
70 98
112 145
92 186
30 194
49 92
134 185
95 143
4 192
90 161
79 112
74 169
88 146
82 198
16 164
86 137
112 124
82 244
68 233
86 203
20 82
48 163
203 241
167 216
29 183
45 103
192 205
5 43
24 162
21 152
107 129
93 141
223 232
88 152
26 59
79 105
6 108
61 243
12 99
27 32
73 144
99 237
117 133
207 243
45 228
37 86
119 170
112 207
72 171
30 234
92 103
36 198
6 135
135 210
19 206
109 208
56 177
13 242
37 171
93 168
63 179
182 205
170 201
24 242
193 226
54 148
170 192
28 96
77 159
164 198
115 224
23 57
49 152
73 138
188 232
1 93
13 151
36 215
71 130
91 116
106 247
15 128
189 213
9 118
122 173
66 90
124 147
49 113
112 224
68 86
99 215
71 103
7 233
110 191
4 125
45 172
181 191
63 163
82 104
103 153
119 206
5 231
223 229
59 93
149 161
10 220
116 177
100 214
177 184
41 52
188 213
144 243
159 204
36 100
164 204
135 242
209 223
40 108
42 182
114 178
48 207
79 148
6 243
34 42
107 160
6 75
2 29
17 204
33 65
158 159
169 219
27 234
5 10
47 52
39 77
88 166
34 97
27 88
205 232
164 218
90 91
76 194
93 120
37 148
159 228
48 147
32 128
27 138
74 140
42 179
61 151
37 119
158 208
166 216
80 190
132 184
112 171
76 143
57 225
32 35
80 134
114 183
210 215
3 207
136 147
136 139
6 208
176 219
66 194
108 185
25 221
48 241
83 169
44 140
76 144
27 130
157 210
224 245
22 100
158 181
169 247
149 206
27 93
122 212
202 249
45 183
47 118
91 214
20 137
29 193
98 188
3 222
36 140
233 240
132 205
48 131
60 75
76 182
37 130
72 181
80 175
190 242
24 152
44 203
39 146
175 239
178 187
77 212
47 214
21 169
179 217
4 91
42 81
125 181
158 211
3 239
45 239
115 231
184 197
89 159
182 186
78 119
114 142
49 180
189 218
53 221
58 186
62 80
139 188
12 202
15 198
187 191
163 172
52 110
63 208
141 199
130 249
10 215
22 161
64 247
51 232
20 35
97 109
100 137
52 112
86 230
96 125
18 245
30 207
79 195
9 220
47 139
82 114
13 96
77 112
15 78
98 112
62 226
50 178
15 51
230 239
97 178
92 217
49 247
49 128
58 192
91 98
32 197
63 206
128 170
140 206
3 185
13 156
167 207
191 218
171 222
60 171
27 202
1 13
24 62
68 129
79 223
160 170
111 116
92 233
36 226
48 73
57 81
86 248
14 27
68 88
50 128
2 9
124 155
3 179
100 159
10 63
27 182
17 228
116 119
19 243
74 189
127 178
44 174
154 243
132 204
121 243
27 59
164 219
58 156
10 149
64 167
20 201
100 193
64 68
7 36
214 241
17 236
9 140
10 243
132 197
6 89
11 58
22 171
171 214
182 234
54 88
31 185
6 7
75 196
173 232
16 185
48 171
33 57
44 62
51 111
28 140
141 219
198 241
15 164
96 163
101 103
138 151
10 134
145 182
85 170
16 20
65 186
71 192
106 122
217 245
165 186
216 238
153 177
83 192
101 184
104 147
72 134
69 114
66 200
185 239
27 220
14 102
76 99
66 120
87 102
155 187
20 157
9 199
97 204
113 129
228 231
149 198
30 40
84 102
38 67
18 117
115 237
69 85
101 177
40 52
105 228
13 59
9 248
55 124
89 106
36 87
169 234
199 236
126 173
46 52
21 211
64 178
1 8
37 99
140 204
60 192
1 118
175 218
10 151
23 116
59 240
55 160
124 211
67 115
130 170
87 136
161 247
10 88
34 43
150 226
18 205
80 130
90 237
31 112
59 123
24 114
33 170
8 97
44 177
58 99
154 219
94 198
229 232
232 239
61 194
0 141
89 176
83 207
142 202
81 226
109 216
219 248
63 144
128 147
57 211
79 217
26 27
62 107
9 153
89 172
98 192
24 165
31 249
84 85
165 243
61 102
161 233
47 174
56 71
106 128
6 87
1 133
113 244
55 154
104 167
184 247
28 129
183 213
29 114
27 230
131 213
157 189
97 112
139 228
208 216
155 245
128 214
156 180
163 225
235 244
17 232
178 248
112 211
141 226
43 106
7 124
45 134
142 221
111 112
173 210
106 116
87 239
37 62
6 158
157 238
86 155
50 203
31 117
12 43
19 34
93 154
28 118
204 239
41 162
31 207
81 249
52 163
59 221
33 102
2 60
134 206
15 21
136 226
56 232
84 229
100 183
175 244
132 198
127 197
66 179
37 213
136 238
138 165
161 240
201 226
117 216
195 248
102 156
129 240
65 225
102 150
115 216
134 180
3 122
20 168
112 167
205 219
22 78
181 195
31 238
192 242
21 187
30 126
96 150
48 228
13 50
80 128
119 214
160 224
79 189
153 245
66 246
74 210
88 244
76 121
25 215
65 120
236 247
95 238
195 245
147 149
16 87
154 241
88 178
160 174
154 222
100 242
73 216
94 170
38 142
24 159
106 241
13 186
81 203
100 145
84 230
48 117
183 210
112 202
48 214
54 138
187 239
5 148
62 170
99 101
8 62
54 227
92 216
169 240
174 237
6 20
71 239
5 54
109 199
99 219
107 175
5 112
153 198
11 118
69 175
214 237
43 180
143 146
136 236
66 162
188 223
147 168
75 177
4 126
184 223
77 109
82 182
74 131
44 235
160 244
60 113
43 249
103 245
42 239
108 231
56 151
148 172
75 203
207 247
32 130
215 244
170 212
49 198
66 192
61 180
75 207
117 157
49 138
77 200
47 225
0 224
73 152
60 205
106 194
85 203
149 159
123 209
42 198
9 151
5 74
149 172
65 79
48 70
117 166
126 141
28 219
66 131
86 173
76 171
87 228
173 203
47 121
50 245
69 233
7 158
71 223
42 188
110 189
105 192
68 79
49 98
165 199
58 168
48 231
197 223
188 247
7 140
47 63
82 235
21 105
48 198
27 127
218 225
19 178
140 211
80 156
171 215
71 100
48 74
3 18
118 145
43 137
90 125
60 201
56 178
81 126
206 208
27 153
36 82
46 176
145 203
66 109
20 61
68 240
8 135
72 132
217 228
20 206
58 73
16 88
97 129
188 214
158 219
67 194
113 153
150 222
168 183
69 188
59 245
109 232
169 181
148 217
0 89
58 104
162 222
143 248
64 171
79 81
0 34
39 125
114 200
134 190
9 133
175 230
34 68
65 237
67 134
67 237
193 223
135 228
165 226
28 87
41 212
18 177
144 212
76 216
8 196
63 181
119 238
14 187
79 124
27 191
116 213
8 186
60 88
173 225
65 201
164 208
35 163
126 135
179 203
64 117
158 183
172 207
81 223
0 103
124 168
116 133
28 206
73 129
106 138
20 81
55 96
83 222
86 139
63 129
98 203
74 136
56 246
109 239
100 211
18 114
99 180
77 208
172 206
64 163
139 187
111 236
195 242
181 208
186 189
139 244
38 170
127 196
167 237
119 185
50 151
25 189
3 23
162 188
151 190
35 148
96 209
32 216
0 62
23 38
151 233
2 234
22 240
40 121
25 212
21 128
29 62
5 154
45 167
168 210
169 196
145 245
63 230
29 230
53 227
19 210
105 204
64 194
37 229
86 107
0 107
131 235
35 87
55 137
47 83
144 224
204 228
36 185
56 163
13 163
15 243
101 201
53 100
187 209
184 230
29 71
166 169
68 126
101 212
55 80
21 190
58 92
0 205
157 174
14 70
7 189
40 123
176 209
101 248
110 184
27 181
103 193
160 172
11 146
134 226
8 168
18 113
66 223
113 223
127 249
145 188
19 236
81 195
34 195
158 193
72 218
174 191
101 117
14 198
184 214
92 133
192 213
8 246
38 109
38 83
229 237
75 78
11 248
21 45
46 66
116 203
241 247
108 142
90 98
63 122
25 67
48 69
30 44
68 78
5 13
94 106
37 242
170 240
43 48
138 196
109 193
165 202
57 190
61 141
0 35
127 204
102 104
132 196
126 148
5 201
159 242
100 234
20 196
77 245
63 215
24 43
201 227
118 140
92 220
148 175
28 97
2 145
2 160
124 213
7 116
107 123
69 202
29 229
144 166
96 210
5 169
20 248
58 138
138 150
63 108
48 57
50 193
55 206
52 179
161 169
42 147
99 121
231 232
16 44
65 184
14 242
4 55
142 164
42 67
73 113
92 128
69 246
159 238
56 158
29 133
8 199
91 231
181 226
168 226
94 205
108 143
44 112
32 214
38 86
31 145
18 66
129 178
37 54
39 86
94 168
2 90
37 124
175 202
13 95
33 62
43 248
110 208
30 45
27 148
76 166
57 93
196 249
33 197
115 141
229 231
17 219
50 105
57 75
88 225
110 152
2 48
108 211
158 240
108 158
36 119
176 212
93 123
40 64
156 205
186 227
4 144
2 201
121 206
215 226
73 106
147 166
24 35
183 200
26 100
73 164
81 169
119 177
157 171
27 154
105 209
80 138
103 163
19 56
29 95
135 195
80 109
35 54
75 96
67 218
2 139
8 77
167 230
126 144
33 187
58 100
217 238
17 221
62 106
157 212
45 117
79 184
74 114
82 165
19 141
74 218
28 241
172 199
136 219
27 57
46 237
63 159
128 167
34 168
102 173
113 150
45 79
210 224
14 218
88 230
110 186
135 181
134 150
124 192
29 213
24 238
23 153
35 190
133 203
77 158
157 190
59 202
122 135
15 136
97 205
76 142
7 207
91 129
3 157
33 186
68 123
62 92
129 199
12 32
4 211
162 171
4 82
126 216
83 217
12 173
88 180
137 167
46 197
81 104
152 216
142 220
90 205
62 219
154 197
11 231
4 10
14 25
86 241
140 156
4 177
107 181
98 194
97 141
178 246
0 97
144 240
86 221
157 201
184 241
195 212
237 245
82 209
81 202
8 90
21 206
151 217
64 221
144 217
94 242
91 218
41 232
29 177
28 85
82 213
45 76
10 173
71 134
67 107
23 197
177 230
145 218
189 233
61 229
9 156
73 79
55 99
26 120
148 186
121 213
141 213
18 75
152 167
24 147
72 170
222 249
2 42
87 144
84 206
67 93
140 214
63 172
48 144
86 191
7 144
207 210
0 225
35 167
182 230
52 192
16 103
51 105
58 196
45 142
4 112
70 87
2 111
152 235
5 28
150 239
35 196
138 212
24 247
56 135
107 217
11 122
210 249
66 71
108 179
97 197
181 232
170 222
130 140
26 172
82 229
49 57
2 41
177 197
49 139
208 241
9 142
183 197
55 60
7 112
3 92
38 64
25 178
51 194
26 101
26 177
12 104
4 223
15 245
28 44
50 88
14 99
198 206
40 159
61 197
86 206
3 125
78 239
131 224
58 191
1 55
162 224
59 167
110 156
34 138
84 200
152 227
7 108
67 170
56 125
34 108
98 128
9 214
72 155
67 73
81 211
122 150
101 112
29 135
1 229
80 220
131 170
92 107
26 30
86 114
151 222
132 222
172 187
97 243
92 163
155 170
172 244
28 95
35 57
83 138
138 155
20 218
207 214
78 203
146 206
118 152
75 88
55 184
0 172
97 194
155 193
35 219
92 224
231 244
64 231
56 103
67 241
116 194
12 247
2 149
193 232
38 76
100 127
45 147
116 121
12 81
173 222
6 69
132 211
123 228
130 196
127 169
171 208
129 190
57 216
80 93
21 157
16 143
97 125
155 199
96 122
17 231
1 17
192 245
124 175
145 191
1 154
135 168
44 135
80 203
102 197
212 213
87 245
2 162
34 36
98 155
116 117
156 162
132 213
7 87
27 241
8 195
154 229
172 182
13 131
78 227
41 115
110 143
55 128
16 112
23 161
73 179
142 163
12 149
105 190
10 237
16 84
108 170
35 249
77 187
150 228
72 112
106 229
76 224
23 139
28 170
109 165
191 223
64 233
78 176
15 73
45 95
44 123
61 130
132 224
46 141
100 244
128 172
74 151
62 174
84 187
246 249
121 166
51 81
154 194
168 239
144 249
34 129
8 57
11 198
107 156
34 48
30 123
37 194
149 224
28 203
130 224
51 197
46 133
240 249
37 167
37 230
14 163
166 220
30 124
30 169
137 217
19 65
192 204
65 91
31 196
5 147
76 198
122 203
214 221
194 221
26 60
184 207
56 126
46 67
196 234
138 167
85 188
82 219
31 229
107 225
29 178
81 213
45 232
92 192
4 42
0 70
127 189
108 228
25 174
44 92
30 63
129 247
102 160
77 78
107 119
52 107
70 191
4 200
42 98
48 243
46 119
87 95
73 98
195 225
139 248
19 163
12 124
31 201
160 197
83 120
33 203
153 226
25 177
76 146
241 246
163 196
167 211
17 171
100 190
32 122
44 191
103 246
49 134
134 183
61 69
14 155
132 168
9 64
60 107
158 224
53 177
37 224
137 194
164 226
106 112
108 122
6 61
10 47
41 71
116 197
106 181
42 158
22 218
32 149
44 202
81 209
28 153
44 71
183 231
2 103
63 143
5 211
105 110
77 79
15 52
2 85
12 121
128 231
25 176
135 182
209 210
132 141
4 122
7 65
60 78
39 70
33 66
144 245
48 112
10 216
214 229
92 154
24 189
40 148
33 86
30 91
155 197
85 200
110 122
28 125
121 155
23 119
22 33
7 188
16 167
142 222
81 166
20 47
189 191
21 27
51 222
220 229
101 170
63 65
42 145
50 91
114 163
22 185
119 229
9 60
35 56
78 80
101 245
69 106
5 178
49 208
201 216
21 96
8 214
23 248
20 180
61 179
82 106
46 61
55 225
10 121
54 214
61 89
47 155
32 77
28 220
93 248
108 226
131 237
97 192
18 32
64 150
93 125
67 222
186 238
77 121
128 247
226 230
53 141
12 213
112 184
57 160
216 220
204 237
187 204
74 146
47 219
139 164
24 213
12 83
149 204
191 248
19 185
178 229
73 241
109 141
50 104
121 176
17 211
73 130
129 148
147 219
138 176
52 235
69 101
65 102
108 125
101 162
53 90
84 173
14 129
135 236
56 105
38 96
96 178
167 178
65 195
153 168
122 248
74 165
51 224
125 177
7 156
33 158
172 240
79 162
70 160
109 215
103 128
20 245
74 163
99 137
112 191
3 66
141 217
123 182
182 216
196 207
17 81
225 228
46 180
41 106
32 53
57 78
46 206
30 249
66 152
90 102
51 77
85 124
81 145
31 42
50 150
26 124
206 235
64 111
17 223
76 190
19 72
30 75
59 182
83 85
136 208
32 170
74 192
50 204
70 82
26 73
169 239
138 187
180 212
13 83
104 190
61 113
147 184
17 120
108 232
4 77
71 242
58 169
13 114
185 219
42 48
63 218
95 155
20 233
87 179
144 210
144 148
14 24
193 229
131 221
129 140
155 212
4 128
138 171
178 181
17 233
50 162
113 206
57 207
7 201
77 123
158 225
106 169
35 232
122 147
17 154
183 186
108 191
131 163
79 197
162 164
66 212
22 179
81 185
39 159
116 160
79 169
75 151
74 217
126 234
62 229
167 189
105 183
36 172
196 201
149 232
70 224
70 152
11 211
77 82
4 103
70 86
64 79
156 160
126 176
84 201
109 123
91 120
173 208
139 209
155 209
35 77
47 111
24 38
71 218
26 209
45 74
153 199
105 211
87 165
171 242
50 185
67 74
9 223
34 146
152 247
191 193
116 124
11 83
85 143
92 230
91 191
6 49
130 183
154 225
27 67
48 213
217 219
37 80
42 173
195 226
170 171
147 238
36 249
31 230
62 186
27 123
105 173
106 111
133 241
198 249
88 109
3 79
11 55
34 198
38 77
181 216
13 37
76 247
121 177
134 205
91 146
104 222
54 65
84 89
38 207
83 168
14 126
171 239
70 222
126 147
10 57
111 173
202 226
84 181
87 230
59 125
179 186
25 124
116 183
51 63
66 125
31 136
157 199
135 209
66 249
211 239
39 212
44 148
198 230
166 190
166 229
95 191
100 107
53 147
65 148
30 179
53 229
41 188
5 39
2 96
1 144
1 140
21 217
165 231
63 147
82 144
89 92
182 196
91 235
156 196
16 126
97 209
64 147
69 138
39 243
18 142
137 158
104 144
32 125
121 197
15 125
29 214
63 107
12 198
103 116
107 165
24 204
89 96
53 92
45 187
166 218
93 134
16 181
141 159
23 79
128 191
83 148
20 147
63 116
147 223
34 73
42 233
14 95
59 75
32 43
18 225
8 238
34 249
1 114
22 193
94 208
91 94
6 228
203 210
87 183
121 202
96 108
104 122
32 191
33 75
75 110
94 166
220 230
165 222
40 94
17 189
210 248
33 78
216 243
53 133
28 187
27 136
34 233
77 110
15 143
153 193
3 99
211 223
79 228
18 64
118 215
24 100
48 93
33 195
223 248
5 109
111 219
82 126
87 214
171 217
38 132
42 118
111 192
129 144
6 211
100 133
0 61
6 78
34 76
5 229
190 204
11 46
43 225
215 236
24 44
188 199
60 142
130 138
99 142
52 142
18 28
33 36
39 145
44 99
30 127
166 171
54 115
49 110
176 240
187 218
81 139
55 212
49 206
68 209
18 167
78 207
16 32
60 109
233 237
149 192
98 158
14 120
187 213
100 227
31 59
16 147
65 101
34 180
124 152
212 233
47 64
6 72
196 231
62 105
101 104
105 166
41 217
211 219
42 61
73 197
94 120
89 222
11 225
4 237
68 128
44 221
43 115
110 126
80 225
80 214
108 246
77 192
24 120
93 117
58 221
84 167
33 171
145 239
40 211
17 167
173 242
175 197
75 245
7 73
119 127
22 220
44 137
77 107
160 179
149 193
74 103
3 114
122 166
89 133
115 232
40 226
32 74
39 217
86 249
18 198
72 239
218 221
180 228
45 139
90 109
140 183
193 246
109 149
33 118
198 233
27 117
125 149
92 101
40 100
30 59
48 223
70 128
153 218
12 119
10 160
47 104
6 197
65 124
82 116
199 210
96 201
30 241
48 60
50 198
15 200
24 85
79 177
155 198
42 66
60 191
22 66
87 240
43 72
3 203
75 190
168 194
133 219
148 245
19 21
85 202
3 90
33 134
124 130
120 173
49 176
25 28
124 218
21 202
120 189
67 174
62 191
72 213
81 157
17 130
0 20
58 84
44 66
165 183
84 91
119 193
109 169
61 87
42 128
33 110
77 154
172 226
4 142
159 236
180 236
100 160
14 219
4 161
23 88
104 244
183 212
164 168
68 174
45 53
57 66
78 133
145 221
8 55
71 124
24 68
28 56
181 229
62 210
81 82
31 124
193 213
16 205
90 124
73 223
70 202
46 62
118 125
2 186
94 186
17 132
101 127
72 219
12 154
52 239
15 185
182 242
206 218
170 199
26 245
3 232
20 215
3 5
114 138
123 241
91 178
145 163
10 148
169 200
206 249
33 67
51 200
8 60
136 190
24 55
123 139
45 247
11 126
101 237
78 105
0 30
93 178
13 112
213 230
71 149
98 122
99 107
107 142
82 167
75 95
208 234
3 198
83 176
70 117
28 222
0 160
74 94
39 88
170 209
2 30
20 153
45 208
228 229
74 229
53 187
103 160
43 244
131 160
11 166
167 234
58 171
11 111
97 220
31 202
0 202
113 222
50 53
29 91
127 246
140 217
10 99
231 236
22 152
16 69
116 127
11 152
5 68
213 223
10 38
61 86
30 193
173 192
26 159
63 228
21 49
145 209
155 201
123 151
55 151
36 60
162 206
65 227
177 179
117 238
61 147
33 234
26 192
4 47
66 198
65 211
149 220
124 215
142 237
125 240
34 157
84 112
81 152
65 175
81 208
49 107
68 111
146 176
132 147
146 199
22 140
38 202
60 127
35 131
62 141
196 222
20 97
45 190
177 218
88 217
110 228
16 107
143 164
179 208
127 235
159 214
47 187
109 245
153 232
85 92
107 137
25 50
