100 250
51
41
71
57
107
83
105
31
112
56
28
95
106
112
99
49
75
41
38
50
68
40
119
82
91
48
116
75
78
87
37
62
108
89
51
95
104
89
58
49
25
67
76
111
111
55
41
67
29
111
49
77
31
49
91
54
77
87
109
87
54
79
29
94
100
113
22
36
82
60
65
87
107
73
78
51
109
51
98
70
42
79
79
106
108
50
40
117
69
82
37
55
41
98
29
21
91
31
89
53
42 71
43 81
24 26
7 53
55 77
56 85
16 43
0 49
4 50
13 64
7 64
3 22
0 44
61 97
49 72
21 43
2 15
70 91
29 55
84 98
54 66
28 82
4 80
8 84
45 98
4 24
20 27
5 73
18 23
22 25
43 90
57 68
90 97
1 5
19 99
86 89
54 69
10 20
5 50
70 95
55 94
51 75
56 74
48 49
27 71
69 74
66 95
27 64
28 85
21 57
10 79
85 95
15 80
30 95
17 72
27 77
64 80
3 38
3 37
16 39
26 66
85 93
12 61
9 98
30 92
55 72
40 50
9 72
18 57
54 90
74 83
38 70
64 73
28 53
28 68
55 69
34 54
0 47
9 19
45 63
53 91
83 87
55 97
25 56
10 54
16 28
38 46
10 19
47 63
15 91
15 84
1 46
46 90
9 48
7 46
25 98
12 51
6 82
9 90
32 63
0 52
44 98
38 63
1 60
62 75
30 44
11 91
2 31
32 89
49 63
78 88
29 99
1 33
10 87
23 71
26 28
22 71
61 78
37 39
14 99
14 59
29 78
2 61
43 80
43 45
23 92
32 92
4 33
25 43
1 95
15 73
29 38
7 95
32 52
66 98
65 84
13 77
31 43
23 26
71 75
18 19
46 50
2 63
35 41
46 83
13 94
56 75
4 51
3 82
33 36
22 72
51 98
41 86
64 83
10 16
34 36
34 81
37 97
24 37
35 38
7 84
48 64
51 59
68 93
7 56
26 29
24 29
32 67
17 67
83 85
19 77
11 20
6 9
8 95
33 98
30 41
78 82
41 57
29 77
13 85
17 66
2 37
7 85
69 92
40 99
10 64
25 46
41 70
59 68
52 71
1 2
61 95
38 83
19 29
42 75
42 89
32 91
27 91
48 60
11 35
52 89
21 35
43 77
29 88
11 52
40 65
1 54
37 60
42 91
8 67
36 97
9 20
40 88
11 53
37 99
64 78
38 51
13 80
81 94
45 69
47 61
10 53
15 23
6 42
50 65
1 73
0 34
22 92
75 85
45 64
10 84
42 87
0 7
68 81
1 26
50 89
54 65
12 96
72 77
97 98
30 98
4 84
11 43
88 90
26 75
50 69
14 50
76 82
30 84
10 71
