100 2000
108
99
23
31
25
68
104
97
58
101
86
57
33
67
96
47
41
75
54
66
111
42
24
24
85
109
104
27
58
53
38
46
84
41
109
90
42
46
67
80
27
33
70
93
81
46
72
54
101
107
100
45
29
56
49
94
45
86
53
83
71
71
61
36
45
51
106
119
77
105
79
36
119
81
109
32
59
114
118
41
101
50
118
110
86
99
36
111
65
70
27
117
73
68
85
50
99
23
49
108
19 23
68 82
56 98
9 89
36 62
48 77
14 72
25 82
29 51
52 93
65 91
14 58
20 50
7 28
53 58
29 30
35 99
44 79
60 68
22 80
9 68
82 95
44 72
64 95
65 68
38 57
33 53
15 83
25 44
35 90
49 72
16 84
23 96
80 83
13 64
58 85
5 22
66 67
77 83
13 43
4 51
0 84
9 67
19 86
61 63
12 22
34 38
49 57
29 86
3 93
42 51
65 88
7 56
83 85
49 91
28 42
53 80
62 79
48 98
11 48
22 60
76 94
13 25
3 51
54 96
49 54
42 99
7 66
49 50
93 98
35 73
3 54
14 17
2 65
18 65
25 40
41 71
5 18
26 57
25 75
11 74
6 74
34 92
8 93
1 27
0 92
47 88
6 55
60 65
20 83
26 97
19 75
68 81
38 46
63 90
21 53
48 89
59 81
19 82
9 74
18 20
18 61
16 20
18 36
6 33
78 93
26 53
16 99
31 68
22 73
21 72
5 81
3 53
31 64
2 73
34 77
20 97
2 55
38 78
36 73
18 23
14 28
82 97
65 80
53 65
87 89
21 74
29 94
26 74
47 93
0 34
20 36
50 55
27 80
2 38
53 98
31 95
11 87
5 61
48 64
90 94
41 69
19 43
19 64
43 99
58 99
6 17
44 60
86 99
47 84
4 78
32 91
41 93
48 57
43 93
15 47
55 58
34 53
6 72
57 82
0 31
63 91
49 96
42 95
46 85
17 25
66 90
38 62
8 23
22 33
23 69
33 40
74 76
34 87
21 99
30 91
54 73
70 73
16 55
17 93
14 43
4 62
9 25
43 85
28 33
7 8
0 50
26 41
26 28
4 50
7 75
11 33
18 45
49 63
11 15
58 74
20 67
15 51
4 36
43 64
93 96
37 64
42 72
18 37
41 68
27 95
52 60
71 93
56 61
60 66
33 97
63 64
51 90
7 54
47 53
18 85
12 77
3 66
23 80
12 18
11 68
30 35
19 69
59 85
56 82
45 71
13 72
31 49
67 96
36 37
13 33
49 88
31 82
39 63
34 42
51 62
38 97
17 44
3 7
41 54
11 77
39 83
88 90
9 15
51 84
70 98
17 48
48 58
22 82
24 39
8 42
5 86
40 74
81 86
50 81
20 58
1 33
0 8
45 62
4 61
21 67
61 77
21 43
51 61
19 59
55 57
36 65
39 40
76 79
9 20
29 31
14 30
84 90
15 46
19 87
6 59
20 92
65 84
15 35
34 78
34 95
60 92
32 70
46 51
11 72
7 92
37 55
7 39
19 37
49 93
26 37
10 69
2 85
45 81
19 92
15 63
52 85
48 56
11 83
80 90
4 35
11 80
12 26
15 85
30 31
57 64
34 67
17 71
42 50
9 65
6 14
2 54
70 85
17 50
21 28
8 37
63 84
20 69
3 78
13 66
77 84
0 88
1 38
11 42
0 56
58 77
6 47
24 96
24 49
45 86
82 84
49 56
51 79
3 59
22 24
21 51
9 51
0 10
46 73
46 56
14 50
49 53
10 29
50 86
26 36
8 70
12 17
15 38
39 62
43 88
71 98
34 94
40 98
20 44
63 83
14 73
69 99
50 92
8 88
5 56
87 96
27 71
39 94
77 86
27 28
78 88
17 33
2 6
61 65
86 89
10 79
30 86
2 46
21 70
18 27
29 57
0 23
15 84
62 95
1 75
79 89
15 23
17 49
35 70
14 49
80 87
35 96
33 66
3 8
37 45
12 69
48 90
10 37
52 64
16 32
27 65
8 49
28 84
30 77
16 47
1 97
5 66
4 11
68 95
37 80
16 74
5 79
31 90
22 74
10 39
18 24
19 60
10 64
59 60
25 65
21 65
36 60
69 89
49 58
23 37
37 43
66 68
69 88
30 60
12 48
25 80
48 80
10 36
95 97
62 70
72 88
36 61
0 77
50 82
19 35
24 25
14 91
44 83
32 74
44 96
56 58
5 85
5 7
20 30
47 56
48 91
73 85
50 73
44 75
11 97
19 42
3 46
16 90
91 99
18 73
2 31
32 88
52 62
9 70
60 61
9 46
59 86
19 83
68 87
6 94
10 92
9 79
35 60
22 53
33 39
16 80
42 65
56 57
17 27
17 30
27 41
27 76
47 86
25 62
8 15
31 78
1 92
36 57
53 79
38 41
18 74
12 55
12 39
8 20
38 39
38 80
65 66
3 60
13 74
29 83
7 12
16 72
0 65
39 65
7 30
19 78
2 39
11 40
43 77
44 57
3 61
9 78
42 90
6 13
49 97
63 65
25 73
12 38
26 78
33 78
8 60
5 62
3 77
12 59
15 73
73 82
67 93
58 73
7 37
80 88
0 63
41 70
30 48
26 42
9 31
60 99
58 72
26 98
29 39
40 88
29 80
33 90
11 91
0 58
15 95
56 94
27 94
5 51
31 52
2 67
15 31
39 88
21 31
37 73
47 80
27 73
62 81
21 89
27 75
80 92
58 94
61 93
44 71
1 16
11 89
55 94
35 47
9 22
43 69
44 50
22 42
76 81
36 54
49 94
38 99
0 73
6 84
14 89
52 78
3 41
52 66
51 88
10 53
54 62
19 76
57 95
9 45
1 55
0 47
20 94
0 52
4 42
66 82
70 94
76 99
64 88
41 50
15 27
16 81
77 87
9 86
34 71
36 84
26 31
41 51
25 55
83 91
29 89
13 17
1 28
9 95
11 98
27 42
3 50
14 84
74 98
53 72
13 29
37 87
59 66
47 94
28 61
30 56
28 89
7 69
21 86
5 13
30 71
43 84
46 97
51 52
26 64
20 33
13 15
39 98
21 60
36 42
1 66
48 66
18 19
15 91
3 88
26 61
5 74
8 78
24 30
15 45
17 29
67 85
50 97
44 56
15 57
62 63
77 81
54 92
36 94
5 14
62 68
93 99
22 69
47 81
72 96
9 27
24 43
38 74
3 6
13 71
7 47
4 7
28 74
19 66
41 79
40 60
12 88
56 81
6 34
11 67
13 91
84 89
10 34
28 92
14 99
13 57
59 65
36 45
4 24
44 77
66 84
9 92
15 99
63 78
44 82
18 54
40 85
13 28
32 42
8 76
7 26
17 62
61 64
10 22
8 9
39 89
23 24
78 83
20 41
18 22
3 34
16 51
24 45
4 79
40 50
40 57
57 70
19 56
45 64
34 80
5 55
10 90
35 51
6 11
45 73
42 61
6 48
27 66
19 74
28 34
42 86
30 94
92 99
35 84
43 95
69 93
12 29
32 48
14 66
17 75
12 74
32 94
68 83
53 86
70 82
48 63
17 66
29 33
53 95
42 55
43 55
62 74
2 21
57 79
43 91
23 32
38 52
59 76
5 29
6 58
62 99
27 32
23 44
37 99
7 43
28 95
45 74
37 86
69 70
22 71
80 84
42 53
86 98
56 85
56 69
58 59
27 56
63 92
71 87
43 68
5 82
51 70
42 74
26 93
54 98
28 96
9 77
64 98
65 74
57 73
2 49
73 88
1 93
13 51
21 30
66 91
56 97
28 65
13 89
9 18
16 40
47 74
13 49
2 23
68 86
65 99
53 71
16 92
7 83
10 91
4 75
45 72
41 81
54 63
3 32
6 53
55 69
23 81
29 93
9 49
11 60
64 77
27 91
2 41
38 63
43 44
54 59
4 14
35 92
59 73
40 58
19 67
42 82
57 98
79 98
6 93
57 60
25 56
2 79
4 67
33 65
27 34
5 60
2 47
27 39
16 38
77 88
18 64
40 41
26 94
20 93
37 98
59 78
47 98
32 78
27 38
74 90
29 92
1 61
8 66
30 84
71 82
62 76
32 75
34 85
30 33
15 64
57 86
8 39
6 76
66 69
35 94
8 25
71 91
33 48
19 44
40 94
76 77
7 80
10 45
8 47
56 75
27 77
22 93
2 12
83 99
45 47
64 68
60 91
11 20
48 79
53 88
22 40
36 83
5 40
48 82
10 81
25 26
32 37
31 80
25 72
30 40
52 53
89 94
25 96
37 89
12 78
14 77
47 69
29 71
4 17
42 91
31 75
11 31
3 58
89 95
32 86
69 78
42 64
30 99
68 89
58 86
62 80
38 89
12 52
15 48
37 41
63 72
10 52
8 13
41 99
10 15
61 72
14 97
51 82
20 85
9 47
12 37
2 86
80 96
75 95
68 80
70 97
32 39
46 62
28 77
62 65
26 48
0 62
28 51
30 65
89 97
17 78
58 98
91 97
70 90
35 56
53 56
13 67
41 57
60 71
2 71
63 77
1 74
23 68
60 79
20 61
16 33
76 98
73 81
7 86
38 50
52 55
24 53
29 36
34 50
13 59
10 32
27 78
17 69
16 93
19 89
74 78
27 74
54 94
32 93
4 71
9 93
27 69
8 14
6 49
10 17
14 20
19 50
14 18
64 86
7 91
17 59
10 40
43 97
82 89
6 61
21 64
21 32
34 88
7 81
6 96
23 25
82 85
66 98
71 83
12 57
1 94
19 90
41 48
13 65
51 53
35 82
20 86
15 92
56 67
36 88
16 27
3 33
84 97
4 22
39 50
2 77
26 70
14 87
54 87
20 99
4 59
63 97
79 81
78 98
80 99
34 90
17 88
15 18
85 87
19 27
2 5
63 98
84 86
26 99
46 61
64 71
28 58
1 99
4 37
90 92
10 68
1 25
10 18
51 73
55 59
60 96
67 74
20 65
36 80
37 61
38 47
60 84
43 50
5 76
18 30
30 37
40 81
9 62
73 74
33 64
58 70
44 97
62 77
17 58
54 99
19 98
39 82
11 82
0 44
33 89
7 52
42 81
26 59
63 69
44 47
61 78
67 76
12 27
7 9
3 89
48 72
31 74
34 99
35 93
15 61
33 52
61 74
6 97
21 75
56 87
6 83
44 54
17 55
54 97
29 34
30 79
31 77
78 97
16 39
8 95
14 55
6 78
75 80
13 35
44 67
11 12
76 91
57 74
45 84
21 42
61 62
10 23
56 66
24 69
37 62
57 88
5 36
0 53
17 81
43 62
70 87
19 84
54 93
68 78
54 89
62 91
2 63
21 59
21 78
10 99
52 83
15 21
76 86
6 82
79 84
33 50
25 94
27 97
16 29
13 37
86 88
15 88
26 51
45 48
6 52
27 84
29 90
17 68
65 75
0 2
15 16
12 67
5 19
22 78
31 88
37 92
71 76
0 80
46 48
28 63
0 30
10 14
39 74
29 95
3 96
74 88
21 44
75 76
45 97
88 95
16 45
58 97
4 28
60 88
24 54
50 72
16 42
23 70
44 88
9 42
24 91
3 86
33 98
2 60
48 62
14 38
70 99
1 12
8 77
4 66
21 56
49 55
9 69
49 75
7 55
3 18
25 61
14 69
86 96
36 66
23 62
18 88
77 97
4 25
26 34
9 32
24 82
81 85
10 94
60 63
3 45
42 89
8 81
51 56
22 48
25 53
47 57
30 82
15 94
12 70
48 49
2 10
25 57
7 67
88 99
27 50
75 97
24 50
23 52
55 60
3 85
9 73
42 98
72 99
15 79
14 19
20 98
16 17
16 31
73 86
26 71
28 87
53 73
71 97
0 95
33 69
57 58
21 73
88 92
39 60
29 68
32 85
8 18
81 98
23 47
13 47
5 21
68 77
25 78
11 56
21 80
50 65
18 93
37 75
40 51
10 28
31 56
56 76
8 53
32 96
76 95
9 53
16 70
68 85
28 82
17 20
23 66
38 79
58 88
17 19
3 44
18 50
19 33
45 88
9 59
69 82
50 98
8 12
72 98
0 75
14 39
0 90
33 84
30 68
34 65
37 67
17 23
35 65
76 78
41 87
18 62
16 94
46 76
13 58
19 31
24 87
77 79
8 16
23 38
15 75
1 14
8 63
26 85
54 77
64 67
8 83
22 57
23 29
6 38
20 31
5 46
72 83
36 89
13 79
36 74
56 96
59 89
11 50
14 68
27 58
22 56
37 39
11 86
31 58
44 89
70 88
77 96
69 85
0 51
80 89
2 16
25 39
3 73
1 40
35 98
9 96
32 66
50 62
38 73
33 51
34 52
40 72
21 40
62 75
12 79
4 55
45 67
19 46
80 95
27 30
53 69
4 60
55 64
0 7
57 85
31 69
35 40
83 97
44 74
54 78
36 85
6 63
19 49
51 93
3 9
34 37
19 21
66 76
1 68
12 51
5 80
21 90
42 58
0 5
7 24
23 90
48 51
34 60
43 53
61 96
34 76
13 18
13 73
27 99
38 45
69 86
84 95
24 41
17 51
14 98
64 84
42 83
13 92
58 96
9 88
83 88
29 37
75 78
21 45
66 96
53 66
41 47
25 67
69 98
80 94
28 68
55 63
87 92
20 90
46 88
59 93
52 65
7 40
0 35
2 4
46 82
42 59
46 70
45 77
43 74
8 58
27 51
68 90
20 42
25 48
28 97
52 95
7 16
2 19
16 79
94 96
60 69
20 55
38 88
43 57
19 79
47 61
71 92
49 64
32 45
14 65
5 42
14 67
23 42
42 63
28 69
59 96
8 29
18 76
14 44
38 95
18 81
36 87
44 90
37 52
24 80
2 56
63 75
45 83
12 93
8 48
60 80
95 98
16 43
46 57
97 99
41 83
65 79
25 50
2 88
8 61
8 40
19 58
62 93
56 90
8 55
86 87
4 77
51 81
21 52
6 65
6 26
73 87
24 47
23 76
27 53
9 84
5 88
30 63
69 79
35 95
42 45
30 59
30 54
85 96
25 68
17 52
39 77
8 67
30 44
76 87
33 58
67 71
6 62
17 57
34 45
75 79
40 64
24 65
32 41
18 78
19 22
7 36
44 46
58 63
23 34
2 13
50 95
29 74
14 60
38 86
60 81
34 35
0 24
29 42
63 88
53 77
59 90
2 72
76 97
57 92
57 91
18 86
12 73
49 82
11 71
16 82
26 67
12 83
73 80
37 97
81 96
52 54
66 92
40 70
54 69
31 97
54 75
14 36
40 91
4 81
7 44
97 98
41 46
47 78
35 57
12 41
45 95
59 87
31 32
40 52
17 21
1 71
14 94
42 68
41 82
41 77
28 79
13 76
10 95
7 21
17 73
27 47
11 39
9 29
23 56
29 49
5 70
13 98
63 71
18 41
47 52
20 72
92 94
37 84
6 67
14 93
22 90
41 44
7 10
0 25
17 35
42 52
1 5
20 87
52 61
35 52
5 28
0 89
62 88
74 97
4 5
5 87
11 22
10 49
31 54
66 71
29 58
82 96
22 43
26 80
72 79
7 82
52 77
39 97
8 99
9 41
47 92
10 33
5 57
43 92
38 53
14 75
78 94
1 51
26 35
10 27
26 62
4 23
50 94
56 59
40 61
36 75
53 89
51 58
55 62
34 56
2 48
7 17
20 56
8 75
22 59
11 73
1 72
29 62
1 35
20 79
30 81
7 20
64 76
36 51
32 72
22 87
13 42
22 44
45 78
7 85
33 38
5 38
20 68
25 27
3 28
6 46
18 52
38 75
5 34
0 72
5 43
35 69
6 41
44 81
17 91
66 94
12 97
49 52
43 82
76 88
16 71
12 81
22 23
18 38
61 82
73 78
30 96
8 71
57 66
30 43
10 70
57 71
25 97
55 99
46 72
51 67
41 95
1 4
44 85
26 43
52 97
13 62
87 95
2 62
34 86
48 55
16 67
13 82
7 87
77 91
4 29
13 31
60 93
55 78
16 62
41 63
23 61
29 79
23 92
40 99
72 78
56 62
24 73
39 47
34 70
9 28
14 23
28 83
23 26
73 95
82 91
0 78
24 72
24 37
4 34
49 98
21 96
54 68
49 89
84 94
7 29
11 58
7 98
44 99
3 24
51 80
96 97
37 90
67 80
13 87
16 64
20 74
19 80
30 87
17 65
15 54
81 91
46 47
5 26
3 98
22 81
2 64
21 71
44 58
17 26
46 96
17 34
85 88
32 69
31 79
57 75
29 78
31 63
32 95
4 92
0 70
74 75
42 44
29 47
52 57
0 4
92 98
43 48
19 96
48 73
19 63
20 49
24 62
31 51
47 60
70 83
53 83
3 26
46 63
0 40
72 82
84 99
34 83
11 69
5 64
5 32
32 68
14 59
8 24
3 27
87 94
6 12
8 72
16 97
58 92
52 94
9 81
31 33
2 3
63 93
5 11
10 55
21 62
78 81
26 75
9 10
22 54
60 78
20 89
66 83
44 95
14 29
74 89
90 98
33 36
80 91
47 55
0 85
60 72
55 71
69 73
33 72
39 91
51 72
70 79
92 95
14 63
35 72
45 65
29 69
28 80
51 95
23 98
70 80
11 79
11 96
10 71
4 64
31 62
77 82
20 78
26 58
7 25
81 87
18 82
0 14
25 93
17 22
21 27
3 91
12 34
74 96
19 97
64 89
63 74
33 62
41 98
78 79
23 41
50 54
21 76
29 48
26 38
1 69
2 15
1 62
3 40
34 73
64 79
55 56
88 96
78 96
17 28
15 24
51 74
6 7
20 60
56 84
53 78
20 95
3 16
23 82
57 96
17 45
56 91
3 82
57 78
30 49
2 66
2 90
1 77
24 85
28 76
6 20
64 85
61 67
40 73
22 25
32 43
9 33
85 86
3 74
42 54
50 70
12 87
4 83
13 40
11 84
17 82
13 69
35 48
29 70
10 87
94 98
64 70
31 43
14 71
12 14
53 54
50 67
7 57
23 75
8 19
6 32
85 97
17 72
62 97
85 89
16 19
24 76
34 79
39 55
80 86
34 51
96 99
24 70
2 61
11 13
22 27
32 53
56 64
10 76
1 26
8 41
73 89
35 59
88 97
71 74
59 68
95 99
11 53
15 55
33 87
9 24
23 84
52 96
93 97
16 61
83 93
41 92
56 80
25 33
4 27
67 98
17 87
30 92
20 38
36 97
62 73
27 55
6 87
61 91
33 80
49 59
