250 250
86
67
98
71
66
88
82
81
37
67
38
61
83
28
52
83
45
57
37
76
35
35
116
54
107
102
89
25
56
79
36
22
78
114
25
25
34
87
38
103
86
56
44
50
116
28
65
42
65
34
50
80
49
98
114
89
80
36
46
116
47
62
70
105
56
75
62
22
43
80
105
61
69
81
43
65
89
89
87
35
103
70
47
85
48
42
106
109
110
32
105
37
74
56
74
62
111
117
64
86
77
101
80
78
62
103
24
31
24
43
98
60
93
26
25
22
100
111
111
42
23
48
59
29
36
113
71
80
62
67
98
20
100
58
78
42
94
34
105
98
58
36
38
31
42
95
85
74
86
28
96
41
57
35
102
25
80
53
85
23
52
64
75
32
54
85
106
28
100
44
59
38
60
29
101
34
105
67
88
23
75
64
97
112
31
79
70
91
65
35
46
97
31
101
62
66
119
100
74
99
24
113
69
116
75
50
30
60
49
98
115
105
94
92
49
105
52
99
77
97
115
55
74
26
89
68
24
88
49
79
119
105
24
20
102
79
50
64
71
32
95
67
117
69
39
46
55
71
78
64
67 95
28 95
70 86
48 61
107 126
44 55
136 215
117 237
190 244
17 176
137 189
122 208
39 166
140 162
68 233
152 203
150 163
33 249
72 94
48 198
201 205
94 189
81 170
56 212
73 76
117 139
113 210
76 228
68 152
135 243
136 196
49 139
172 198
20 151
51 118
69 70
17 108
9 29
98 167
26 241
93 130
155 246
95 174
134 247
127 242
231 234
175 226
123 132
33 148
17 245
167 186
45 188
49 184
135 176
69 167
13 162
9 150
67 245
53 183
32 79
9 207
55 141
56 182
27 177
65 175
95 113
110 131
15 36
16 84
30 56
98 206
17 141
53 177
0 71
103 205
66 80
163 237
59 95
86 145
70 125
72 152
36 114
153 203
72 151
89 207
187 204
15 95
170 204
124 127
79 171
83 103
145 246
192 205
190 193
143 170
112 147
0 242
12 48
153 163
120 242
176 222
89 179
123 236
111 248
32 215
48 77
75 237
32 146
132 192
127 222
84 112
25 207
37 85
5 90
52 227
24 83
5 114
128 215
76 202
126 168
204 211
68 198
67 131
82 115
9 54
223 242
17 241
178 180
37 156
18 208
101 116
84 121
49 68
0 122
126 228
40 189
182 211
165 239
28 72
30 37
23 228
112 219
43 142
49 147
80 166
49 109
119 194
39 170
95 170
73 162
47 54
81 114
15 206
145 247
27 130
34 108
147 152
147 180
179 190
48 122
157 197
23 169
194 203
49 208
114 222
13 224
129 191
197 246
147 194
27 142
73 176
78 237
19 175
217 225
23 199
146 192
167 236
159 228
35 126
111 200
181 241
52 188
178 199
132 172
58 78
168 200
126 136
187 213
93 238
88 137
120 135
103 154
12 106
132 141
83 240
3 232
14 157
44 170
155 209
37 216
167 213
43 245
164 238
2 233
126 220
224 229
81 125
7 93
74 84
179 192
59 168
87 190
46 103
70 95
160 185
141 237
30 213
229 238
120 221
231 246
44 206
169 225
139 171
28 213
107 221
25 143
30 230
133 215
128 163
63 203
42 73
37 56
44 174
45 118
118 202
41 162
119 158
149 183
40 211
34 107
24 64
87 239
67 198
3 152
78 131
46 187
217 220
84 85
15 202
37 159
