50 100
69
93
39
71
102
92
103
77
47
96
59
61
52
57
92
117
50
105
78
34
105
89
70
25
63
50
44
45
45
91
112
46
64
83
49
98
55
33
108
34
61
99
76
46
36
100
43
118
37
102
3 33
13 47
6 46
2 4
28 35
31 35
28 31
1 27
34 43
26 48
31 32
9 31
12 33
15 21
19 20
25 31
18 35
27 46
14 22
6 29
8 42
9 26
2 9
5 36
9 40
38 49
43 44
5 47
20 30
23 49
4 40
10 26
5 41
8 13
20 38
14 21
30 48
0 41
39 46
30 39
7 27
0 31
24 31
4 8
1 31
5 44
31 37
4 30
13 36
8 45
3 17
1 23
16 47
4 37
12 43
19 21
2 22
24 46
32 33
2 37
9 15
4 31
35 40
29 34
5 37
12 48
7 46
13 28
35 42
6 14
8 30
29 38
22 44
31 39
35 45
29 49
2 14
4 10
7 11
9 16
29 45
37 44
3 18
10 41
4 47
15 30
9 49
1 30
5 25
29 43
4 12
31 46
13 43
9 10
0 32
11 36
18 23
17 27
30 45
17 47
