150 150
113
37
70
86
84
57
77
66
103
108
109
73
67
52
89
41
78
106
74
80
24
28
26
94
58
85
79
35
60
112
99
105
82
49
71
46
38
29
92
73
69
33
27
117
65
48
90
76
34
44
36
38
52
94
64
90
59
24
58
52
68
37
37
30
67
41
57
85
50
81
91
51
47
98
48
44
78
118
100
92
42
69
63
27
43
59
49
35
115
87
67
64
105
36
26
104
57
63
21
39
77
92
71
104
22
51
28
80
50
61
105
24
110
100
31
33
39
61
48
87
80
47
83
117
116
89
101
105
85
55
77
42
79
28
78
34
111
38
94
41
79
31
98
21
111
109
87
83
102
67
23 55
130 141
64 138
50 102
73 147
4 117
37 83
18 68
6 68
21 86
18 32
10 125
21 62
26 37
41 122
64 133
15 114
3 31
66 133
41 53
2 57
39 78
49 141
109 111
107 130
41 47
51 109
16 124
22 54
1 63
78 134
29 146
0 60
51 66
43 104
98 107
12 88
55 137
39 97
16 146
115 129
82 90
75 106
57 149
62 110
43 114
143 146
91 147
54 142
115 149
97 125
97 109
115 137
4 66
82 136
17 52
47 142
100 122
1 59
115 121
19 137
8 15
1 131
64 87
30 144
86 143
57 86
4 22
70 73
78 111
2 130
101 128
123 130
74 124
58 141
52 137
118 126
40 53
55 99
43 122
29 92
96 129
103 104
16 31
65 70
12 96
22 37
76 148
63 116
54 147
76 134
52 106
4 10
59 93
65 109
5 104
134 147
50 100
89 119
56 132
46 91
2 15
79 83
48 65
63 97
23 102
99 111
76 104
23 71
34 65
38 70
35 138
55 91
46 136
20 112
4 53
7 118
51 121
36 86
1 85
1 5
101 108
86 116
107 139
22 59
76 98
64 145
35 102
57 73
19 148
2 93
61 125
61 96
14 49
34 67
36 134
73 145
39 137
81 146
81 141
7 18
13 141
26 123
31 115
15 100
95 102
70 129
33 59
125 127
12 83
