200 500
83
60
25
115
105
104
60
40
52
69
41
55
55
38
85
36
22
69
68
118
58
68
107
105
80
67
42
98
102
42
106
65
34
111
112
119
95
52
91
79
102
113
67
89
31
32
105
85
82
105
84
72
53
23
57
113
70
32
91
52
54
29
49
68
20
93
20
48
26
91
107
60
84
54
29
47
119
66
113
81
51
77
85
36
80
74
29
82
86
52
67
72
62
48
73
114
22
25
42
28
96
82
68
113
68
29
40
67
27
33
28
110
42
45
26
102
100
35
65
118
119
64
23
113
92
28
108
94
33
82
102
109
44
102
54
93
63
75
92
70
88
53
60
63
78
66
97
110
33
42
61
85
38
116
78
111
24
118
85
37
81
20
78
57
102
113
82
46
68
55
96
88
88
89
83
98
35
61
89
101
35
82
66
54
78
24
45
82
75
110
51
36
110
109
25
45
102
40
71
102
5 73
130 191
88 114
50 52
73 97
17 104
37 137
33 168
18 68
21 106
86 132
10 68
121 175
87 112
41 176
133 172
114 115
64 181
3 66
33 53
2 91
128 157
139 191
49 109
11 107
97 130
151 191
59 166
24 172
1 54
13 178
79 134
46 150
1 60
16 93
54 107
12 48
187 188
155 189
97 166
96 179
15 40
75 82
6 107
12 199
60 164
143 146
43 141
97 104
65 142
149 197
125 197
9 65
116 137
54 186
82 102
97 117
0 142
101 172
59 171
65 119
8 87
65 131
101 114
44 187
136 180
57 193
86 154
23 122
70 128
152 161
30 78
1 173
30 174
74 89
91 97
8 137
26 52
68 153
55 140
72 149
142 143
29 129
3 96
4 166
131 165
70 162
72 196
26 87
113 198
47 116
4 76
56 184
4 102
10 43
59 159
115 155
54 197
150 184
0 189
69 132
91 106
46 102
115 133
65 129
197 198
2 113
49 73
11 176
54 173
65 171
38 84
20 138
5 35
36 41
62 146
4 120
118 153
21 107
36 51
1 86
151 185
58 155
1 166
7 186
109 139
72 176
45 148
114 135
2 107
123 148
43 169
75 152
11 161
96 164
134 199
117 184
73 86
87 195
39 181
46 131
91 118
107 191
163 173
126 165
50 81
2 65
45 170
29 159
77 133
75 133
12 193
50 117
64 66
57 137
46 183
89 188
47 53
32 169
21 158
54 86
104 160
6 8
38 74
159 165
40 115
79 92
162 185
51 129
18 26
72 109
49 153
7 113
97 145
14 56
16 124
118 132
144 174
139 170
38 104
132 148
110 117
47 121
65 137
30 161
31 171
27 178
124 128
58 198
72 180
122 149
7 143
39 123
15 129
95 167
44 147
16 85
84 106
43 137
101 119
72 157
151 184
2 31
60 108
30 41
85 104
180 190
111 113
19 41
67 128
27 160
63 197
169 196
81 85
135 165
122 157
108 159
58 114
121 174
11 159
101 178
89 191
163 167
47 82
43 182
45 75
23 40
14 74
108 179
65 161
53 120
111 125
17 186
113 182
90 141
68 124
68 195
110 162
144 183
9 165
36 187
10 180
24 59
6 120
156 167
9 185
39 63
26 73
32 55
122 139
15 196
83 143
53 105
18 149
115 183
103 137
69 193
163 170
75 83
126 194
20 135
83 185
8 11
63 115
102 190
12 70
85 155
90 153
13 124
39 80
107 128
101 183
98 197
24 71
149 181
154 170
84 156
45 189
105 167
22 60
24 47
92 132
180 197
22 145
61 121
25 29
160 190
82 139
59 105
116 192
90 146
42 136
87 162
148 193
184 192
28 172
104 124
98 177
49 99
26 111
53 80
114 187
46 193
19 61
25 190
137 147
115 190
3 25
18 104
88 103
10 75
68 86
45 132
133 184
47 96
128 160
99 101
42 46
13 145
107 135
38 54
24 106
49 196
61 100
19 164
29 140
8 191
67 75
3 6
9 54
51 121
152 183
20 177
117 150
57 191
4 181
29 63
39 60
30 52
50 160
53 168
31 160
13 99
19 187
102 196
74 153
9 69
57 89
6 129
11 16
63 80
40 102
22 140
52 155
72 123
104 105
35 71
3 23
57 90
116 171
11 41
20 77
16 82
28 89
44 145
8 52
44 76
16 63
18 66
21 139
78 93
43 81
149 198
56 192
27 55
18 60
39 55
19 154
51 144
15 148
12 92
75 192
10 60
45 81
90 149
112 144
61 171
27 142
5 150
7 66
168 179
7 156
34 62
130 178
65 194
77 78
22 38
98 104
33 101
132 182
44 192
115 127
21 57
15 143
102 171
33 140
81 141
99 116
3 30
20 46
77 176
14 98
99 154
64 132
56 196
0 115
192 194
2 115
10 167
17 139
2 112
31 146
82 143
62 98
60 112
88 118
16 137
37 54
119 123
169 179
36 115
60 179
30 46
62 150
9 31
41 73
72 185
19 128
33 106
26 171
46 144
11 183
66 113
36 172
94 185
52 167
98 130
112 113
126 144
63 153
56 109
94 179
128 198
174 186
0 184
30 157
97 121
10 165
90 187
124 198
165 184
66 128
63 193
131 159
71 146
65 181
2 44
27 82
2 194
69 178
154 178
51 160
51 78
13 190
11 120
104 114
128 195
122 191
6 188
59 151
16 152
107 192
12 20
6 189
10 174
128 137
97 141
180 192
127 145
47 183
49 157
85 103
44 178
29 184
132 184
44 88
148 188
160 195
118 134
55 147
