100 750
63
21
36
39
100
21
110
109
59
85
83
24
74
22
93
36
99
85
100
32
102
109
71
53
58
117
116
87
114
45
79
110
46
95
81
78
48
71
119
88
88
83
44
42
37
69
110
116
86
91
80
68
32
83
53
71
81
50
38
27
75
50
117
53
77
78
63
106
81
62
26
49
25
102
24
94
52
114
42
118
37
103
119
102
118
104
53
31
34
23
39
41
53
88
26
111
99
69
49
60
3 83
47 63
46 56
2 54
78 85
31 35
28 31
1 77
43 84
26 48
81 82
52 54
9 31
6 46
12 33
15 71
69 70
25 31
68 85
27 46
14 22
6 29
42 58
26 59
2 59
5 36
40 59
49 88
43 94
47 55
70 80
23 49
40 54
26 60
5 91
13 58
20 88
14 71
30 98
0 41
46 89
30 89
57 77
0 31
24 31
4 8
1 31
5 94
31 37
54 80
13 36
8 45
17 53
23 51
16 47
4 37
62 93
19 71
2 22
24 46
32 33
2 87
15 59
4 81
35 90
79 84
0 81
5 87
62 98
46 57
13 78
35 92
6 64
8 80
79 88
72 94
39 81
35 95
49 79
2 14
54 60
7 11
9 16
29 95
44 87
3 68
10 91
4 47
15 80
37 54
51 73
9 49
1 80
55 75
29 93
4 62
31 46
13 93
9 60
0 32
11 36
68 73
27 67
30 95
47 67
49 73
19 51
72 82
57 83
27 76
39 41
32 37
72 97
30 85
14 58
69 85
5 50
30 43
24 25
25 71
26 92
44 63
29 78
13 35
14 88
41 79
26 56
16 80
23 98
17 82
12 54
3 63
59 98
83 93
23 70
7 68
3 96
26 31
19 34
22 91
1 41
58 69
34 74
67 91
16 31
19 46
57 94
39 70
41 93
0 9
58 61
3 93
36 89
27 64
11 97
59 64
70 91
33 65
4 52
20 56
2 84
30 91
60 61
22 53
7 31
5 68
41 60
13 77
50 77
4 13
16 27
18 78
63 86
16 43
52 62
5 98
58 82
4 19
26 63
68 88
81 94
28 60
11 30
15 37
16 44
22 83
21 86
21 37
5 11
25 65
57 63
31 92
50 73
48 88
76 88
8 22
70 88
19 72
48 63
84 88
37 75
5 74
48 69
13 32
41 94
28 77
33 53
27 34
55 93
1 22
30 44
12 42
61 77
78 84
25 76
14 65
0 19
48 91
23 40
14 87
65 94
50 64
0 44
84 93
59 99
47 81
55 89
85 94
2 30
15 30
29 55
55 95
0 86
41 56
10 22
27 28
16 77
40 62
9 73
21 80
50 67
52 65
80 98
53 82
29 61
61 62
15 69
25 55
35 91
52 59
79 82
20 76
90 96
60 69
33 51
1 19
5 99
39 51
17 68
27 83
34 86
13 69
0 89
17 95
20 43
32 59
10 64
11 66
67 85
18 68
7 36
27 92
10 28
14 30
60 71
35 37
1 36
70 84
29 41
39 44
7 10
2 26
47 70
44 84
18 29
56 85
10 66
41 66
32 90
53 68
54 79
4 15
24 64
53 95
5 40
44 64
2 46
50 90
16 86
45 86
5 23
1 15
19 89
42 61
40 67
8 98
62 91
20 95
40 84
86 98
0 27
13 54
86 99
9 18
52 86
51 72
25 94
33 56
26 67
23 65
34 67
27 89
15 47
8 37
84 87
11 46
1 87
73 76
47 52
34 57
33 85
29 79
10 14
29 35
11 92
78 94
30 74
20 45
21 57
5 57
44 52
68 83
53 97
8 57
42 44
14 29
28 95
8 90
62 96
20 54
7 14
85 89
62 86
14 92
10 19
40 44
49 93
1 89
6 85
21 43
14 23
22 68
70 86
29 37
22 52
18 93
5 79
7 93
78 97
18 48
42 59
1 48
21 44
20 58
33 90
72 86
3 72
9 33
24 83
3 17
60 62
7 24
3 57
2 62
62 73
44 85
45 63
29 60
18 40
32 60
18 25
28 33
42 90
13 14
69 78
0 39
14 15
41 89
38 77
74 92
55 83
4 53
36 95
14 20
54 99
1 44
66 93
11 71
35 47
12 65
7 64
56 75
16 55
35 42
0 70
4 97
45 76
41 90
18 89
82 92
37 55
24 54
2 18
41 61
82 97
36 60
4 95
68 82
46 68
5 44
72 81
65 89
58 71
12 13
5 29
46 66
52 60
14 90
22 32
27 56
16 81
69 76
20 37
11 67
16 57
63 81
47 68
32 91
17 78
29 57
0 83
5 43
22 84
62 65
31 38
11 94
5 20
77 78
21 41
10 18
9 97
38 59
38 51
0 60
35 67
41 96
55 85
62 75
56 86
58 86
13 64
34 87
57 97
4 54
7 42
14 28
17 64
16 67
34 77
52 90
45 97
38 56
69 96
60 83
55 70
39 76
53 90
59 87
37 86
21 38
70 79
35 65
4 35
18 66
25 74
21 62
74 96
3 56
44 88
21 63
68 80
38 75
24 87
8 64
14 43
31 49
60 87
36 78
53 61
5 15
34 53
30 71
10 11
10 30
2 97
6 66
61 89
21 28
52 57
70 82
49 57
46 91
42 76
39 93
20 34
16 49
22 99
22 88
49 98
15 23
24 26
27 60
46 84
10 50
53 98
48 68
62 81
15 48
1 65
38 64
64 73
32 66
71 99
41 97
68 75
21 58
4 20
2 23
13 22
48 85
46 63
33 47
50 80
23 96
40 88
69 73
6 40
24 99
0 90
0 67
23 73
20 49
25 97
20 47
20 62
8 84
36 70
8 16
20 31
13 60
34 71
29 85
10 75
65 80
62 99
22 37
84 99
57 86
1 47
29 83
9 65
53 69
25 82
24 86
71 81
6 8
33 86
25 95
42 86
8 83
19 31
8 18
7 76
6 19
42 80
3 73
4 59
38 79
83 85
16 46
62 66
66 98
30 68
89 95
53 87
19 84
76 80
21 34
5 24
65 90
4 28
27 68
51 65
27 84
31 69
32 50
35 97
22 74
2 58
30 46
67 90
16 95
7 44
12 48
12 87
14 89
7 33
17 34
6 84
17 51
0 94
68 91
49 54
66 84
34 39
1 34
60 78
47 78
11 47
14 19
26 44
14 83
61 70
15 97
23 66
43 72
8 10
49 96
36 61
21 26
21 98
23 87
50 95
9 70
63 93
24 60
22 42
79 97
12 88
36 40
2 99
6 98
75 79
0 80
56 74
39 69
10 58
30 73
6 55
29 33
48 64
12 26
18 53
0 4
4 71
2 93
34 48
34 94
36 74
36 45
19 43
5 51
50 69
63 74
15 68
78 89
12 83
14 61
28 61
0 96
35 41
6 61
49 76
52 96
3 92
1 16
7 70
22 66
34 45
50 76
58 89
17 50
4 26
17 21
50 84
66 88
10 46
44 47
26 51
69 92
66 73
11 78
42 54
13 52
39 45
47 74
3 37
10 52
60 86
58 77
21 48
57 74
27 72
18 97
45 96
39 61
51 74
46 92
4 83
9 81
26 91
4 49
64 78
12 62
72 99
23 38
56 99
73 96
36 56
60 80
2 17
63 94
20 72
19 85
74 75
12 92
9 86
51 97
77 97
28 92
