100 250
99
102
96
40
116
110
80
89
71
53
21
21
21
39
25
119
71
59
24
33
88
37
47
103
106
54
81
49
89
33
109
20
115
37
40
63
79
52
84
30
86
86
31
87
105
88
38
56
27
42
21
47
112
48
30
50
34
91
80
55
57
21
56
104
90
28
100
49
61
64
59
27
30
22
46
67
90
64
104
49
38
105
76
30
86
86
61
52
110
73
88
99
74
24
35
44
84
115
73
25
3 83
47 63
46 56
2 54
78 85
31 35
28 31
1 77
43 84
26 48
81 82
52 54
9 31
6 46
12 33
15 71
69 70
25 31
68 85
27 46
14 22
6 29
42 58
26 59
2 59
5 36
40 59
49 88
43 94
47 55
70 80
23 49
40 54
26 60
5 91
13 58
20 88
14 71
30 98
0 41
46 89
30 89
57 77
0 31
24 31
4 8
1 31
5 94
31 37
54 80
13 36
8 45
17 53
23 51
16 47
4 37
62 93
19 71
2 22
24 46
32 33
2 87
15 59
4 81
35 90
79 84
0 81
5 87
62 98
46 57
13 78
35 92
6 64
8 80
79 88
72 94
39 81
35 95
49 79
2 14
54 60
7 11
9 16
29 95
44 87
3 68
10 91
4 47
15 80
37 54
51 73
9 49
1 80
55 75
29 93
4 62
31 46
13 93
9 60
0 32
11 36
68 73
27 67
30 95
47 67
49 73
19 51
72 82
57 83
27 76
39 41
32 37
72 97
30 85
14 58
69 85
5 50
30 43
24 25
25 71
26 92
44 63
29 78
13 35
14 88
41 79
26 56
16 80
23 98
17 82
12 54
3 63
59 98
83 93
23 70
7 68
3 96
26 31
19 34
22 91
1 41
58 69
34 74
67 91
16 31
19 46
57 94
39 70
41 93
0 9
58 61
3 93
36 89
27 64
11 97
59 64
70 91
33 65
4 52
20 56
2 84
30 91
60 61
22 53
7 31
5 68
41 60
13 77
50 77
4 13
16 27
18 78
63 86
16 43
52 62
5 98
58 82
4 19
26 63
68 88
81 94
28 60
11 30
15 37
16 44
22 83
21 86
21 37
5 11
25 65
57 63
31 92
50 73
48 88
76 88
8 22
70 88
19 72
48 63
84 88
37 75
5 74
48 69
13 32
41 94
28 77
33 53
27 34
55 93
1 22
30 44
12 42
61 77
78 84
25 76
14 65
0 19
48 91
23 40
14 87
65 94
50 64
0 44
84 93
59 99
47 81
55 89
85 94
2 30
15 30
29 55
55 95
0 86
41 56
10 22
27 28
16 77
40 62
9 73
21 80
50 67
52 65
80 98
53 82
29 61
61 62
15 69
25 55
35 91
52 59
