50 250
21
47
112
48
30
50
34
91
80
55
57
21
56
104
90
28
100
49
61
64
59
27
30
22
46
67
90
64
104
49
38
105
76
30
86
86
61
52
110
73
88
99
74
24
35
44
84
115
73
25
3 33
13 47
6 46
2 4
28 35
31 35
28 31
1 27
34 43
26 48
31 32
9 31
12 33
15 21
19 20
25 31
18 35
27 46
14 22
6 29
8 42
9 26
2 9
5 36
9 40
38 49
43 44
5 47
20 30
23 49
4 40
10 26
5 41
8 13
20 38
14 21
30 48
0 41
39 46
30 39
7 27
0 31
24 31
4 8
1 31
5 44
31 37
4 30
13 36
8 45
3 17
1 23
16 47
4 37
12 43
19 21
2 22
24 46
32 33
2 37
9 15
4 31
35 40
29 34
5 37
12 48
7 46
13 28
35 42
6 14
8 30
29 38
22 44
31 39
35 45
29 49
2 14
4 10
7 11
9 16
29 45
37 44
3 18
10 41
4 47
15 30
9 49
1 30
5 25
29 43
4 12
31 46
13 43
9 10
0 32
11 36
18 23
17 27
30 45
17 47
1 19
22 32
7 33
26 27
39 41
32 37
22 47
30 35
8 14
19 35
0 5
30 43
24 25
21 25
26 42
13 44
28 29
13 35
14 38
29 41
6 26
16 30
23 48
17 32
3 13
9 48
33 43
20 23
7 18
3 46
26 31
19 34
22 41
1 41
8 19
24 34
17 41
16 31
19 46
7 44
20 39
41 43
0 9
8 11
3 43
36 39
14 27
11 47
9 14
20 41
15 33
6 20
2 34
30 41
10 11
3 22
7 31
5 18
13 27
0 27
4 13
16 27
18 28
16 43
2 12
5 48
8 32
4 19
13 26
18 38
31 44
10 28
11 30
15 37
16 44
22 33
21 36
21 37
5 11
15 25
7 13
31 42
0 23
38 48
26 38
8 22
19 22
13 48
34 38
25 37
5 24
19 48
13 32
41 44
27 28
27 34
5 43
1 22
30 44
12 42
11 27
28 34
25 26
14 15
0 19
41 48
23 40
14 37
15 44
0 14
0 44
31 47
5 39
35 44
2 30
5 29
5 45
0 36
6 41
10 22
12 40
9 23
21 30
0 17
2 15
3 32
11 29
11 12
15 19
35 41
29 32
20 26
40 46
10 19
1 33
5 49
1 39
17 18
27 33
34 36
13 19
0 39
17 45
20 43
9 32
10 14
11 16
17 35
18 36
7 22
