100 2000
102
79
80
71
21
53
59
47
107
45
118
70
91
22
79
77
38
53
41
23
73
30
100
102
92
92
23
112
52
59
110
34
119
70
85
20
55
25
99
43
102
49
45
74
103
104
83
21
89
56
76
42
67
56
25
91
81
80
36
113
119
26
80
70
77
45
22
112
102
101
87
85
31
112
39
114
49
102
68
118
38
76
41
37
65
98
61
26
58
77
71
109
83
31
60
92
109
62
37
91
83 89
27 99
79 90
65 98
67 84
33 58
46 90
19 33
21 56
29 99
95 96
78 79
24 57
16 30
34 60
2 76
17 27
29 48
17 94
1 98
14 56
4 87
2 6
37 76
14 88
5 63
42 83
59 93
9 72
58 71
73 85
12 27
2 27
49 82
25 35
63 81
19 74
32 36
12 56
47 97
17 62
52 80
4 73
28 63
34 82
19 86
8 13
62 84
40 66
17 63
1 78
28 98
86 97
6 60
59 98
3 67
21 35
25 71
34 61
53 95
21 91
15 81
56 99
43 48
17 59
65 70
16 37
35 98
2 11
1 93
70 96
20 92
31 92
69 92
75 78
88 99
55 66
23 80
6 76
23 71
35 89
24 93
5 44
7 59
4 55
60 77
0 81
69 84
25 91
3 28
66 68
55 84
23 87
29 59
63 83
50 52
72 98
75 77
86 94
49 84
91 97
26 43
48 78
27 55
8 91
9 58
65 76
0 93
5 53
29 68
34 88
60 71
84 98
37 78
73 84
27 79
57 70
0 23
2 5
48 55
10 66
57 87
3 31
36 87
8 68
57 96
28 54
38 56
26 45
62 68
18 99
41 42
57 65
14 41
49 67
30 63
15 20
17 98
4 23
31 87
24 44
24 35
2 69
38 80
51 64
37 58
44 46
37 75
61 95
24 86
25 53
42 44
20 52
39 98
22 51
31 35
1 59
18 23
51 61
13 77
2 36
49 98
35 63
10 58
22 34
27 83
30 77
50 79
70 75
54 98
37 57
16 51
26 55
6 29
7 39
42 60
58 95
58 91
46 53
17 68
52 87
69 95
27 30
5 72
26 49
7 55
15 59
5 85
29 77
41 64
19 59
0 62
17 46
15 86
54 66
13 91
21 23
47 92
78 94
73 86
1 40
28 97
11 34
33 92
11 97
30 33
8 33
44 78
31 59
16 49
7 13
15 89
59 80
11 36
53 62
54 97
46 54
65 83
68 80
57 92
18 91
26 74
19 76
4 60
21 30
61 96
28 76
61 85
36 73
72 89
21 87
42 96
31 67
47 59
51 69
69 91
12 66
88 96
37 52
0 67
62 73
54 63
0 90
67 78
26 39
20 65
60 68
7 27
19 99
26 50
18 88
0 72
20 36
40 73
72 93
40 98
55 56
4 97
56 71
76 82
10 48
22 48
7 16
1 67
26 27
66 69
41 97
18 33
59 61
6 86
52 99
59 84
55 88
8 63
11 84
46 73
46 84
0 95
5 48
75 89
50 73
44 58
32 65
30 36
64 66
71 95
3 6
17 34
32 40
24 90
36 77
37 96
12 20
22 85
37 68
43 96
64 75
13 46
11 29
12 58
0 18
14 34
54 87
19 29
30 97
18 59
55 85
5 56
19 93
57 80
13 23
5 77
18 51
14 75
47 87
73 99
44 85
4 93
73 75
54 91
35 39
43 46
66 97
77 88
54 75
0 32
3 83
50 59
18 49
0 4
82 85
48 75
74 90
2 44
17 89
64 83
80 84
73 82
9 57
10 27
10 41
13 43
69 83
44 68
26 44
8 72
29 72
19 35
38 98
15 16
79 99
32 64
14 31
37 89
16 75
16 78
0 11
52 55
68 78
92 99
39 80
16 74
15 52
64 67
31 44
63 66
50 60
29 97
56 91
42 65
24 95
10 35
62 95
15 90
41 59
32 73
28 58
25 43
75 93
26 71
11 41
31 61
22 80
52 78
46 97
2 92
19 88
55 79
12 72
67 96
45 95
23 55
30 38
16 68
1 79
57 84
31 93
64 97
9 61
63 96
52 93
24 83
1 89
55 68
52 85
63 92
53 75
74 95
27 69
11 20
9 75
69 70
65 88
85 94
37 70
20 40
27 88
8 25
23 79
7 18
76 92
2 97
20 29
1 36
59 71
58 99
88 95
11 93
32 33
4 58
73 98
31 34
23 63
9 41
22 86
76 86
35 58
58 63
51 52
10 82
23 52
45 57
34 90
30 92
46 56
30 90
65 90
93 99
59 67
37 45
43 73
1 55
36 96
13 87
49 95
49 53
7 70
4 50
49 81
48 95
37 90
77 79
56 70
15 78
68 89
33 60
67 93
29 86
63 99
64 68
47 70
17 29
22 68
22 25
13 38
3 17
25 69
47 84
15 67
0 96
60 63
86 89
38 78
10 43
37 80
6 12
61 80
3 81
16 71
85 88
49 88
16 21
17 55
16 32
54 57
10 44
5 67
81 99
18 40
60 98
20 51
23 32
3 20
39 43
44 76
32 92
8 49
18 39
55 76
50 83
13 27
18 32
61 84
87 96
21 48
45 71
26 68
54 56
14 16
33 46
35 76
0 66
51 55
16 19
7 35
17 31
46 91
31 69
51 88
24 96
15 18
41 71
71 87
32 93
24 28
29 64
0 42
29 32
58 60
92 93
27 81
43 75
10 57
94 99
71 81
7 21
42 52
53 66
62 80
3 78
10 13
12 45
5 83
10 37
32 86
44 86
32 43
76 95
54 55
6 97
15 51
38 65
25 52
80 95
13 90
58 70
27 73
36 47
31 66
10 22
6 74
3 57
11 61
0 10
3 69
7 77
20 54
35 77
48 73
67 95
6 41
5 22
36 51
50 63
9 59
22 66
18 70
32 91
22 61
10 16
51 62
35 87
9 82
48 56
14 77
45 50
47 80
13 89
7 79
50 95
21 72
56 72
18 72
80 82
22 75
26 67
29 49
6 49
0 86
2 65
27 61
38 97
47 91
64 85
71 93
88 89
18 22
70 93
37 44
20 73
2 45
8 57
0 9
2 94
21 26
23 64
7 11
48 70
11 42
60 83
5 33
5 78
77 94
3 33
6 85
30 94
66 82
13 55
81 85
1 86
57 98
8 27
31 98
21 40
42 56
52 75
10 61
5 55
61 87
24 41
19 23
70 85
6 25
43 50
37 59
16 44
43 85
16 35
77 78
72 82
4 85
62 92
23 86
56 94
9 79
67 79
4 82
10 63
19 54
6 31
27 58
43 93
21 43
4 27
41 98
16 80
84 89
10 46
20 41
13 24
23 76
40 42
30 71
0 89
44 98
34 94
21 62
19 36
70 77
2 18
45 54
43 55
52 63
66 96
42 80
14 24
3 15
0 59
24 48
9 10
45 98
68 81
74 99
19 22
6 18
58 74
22 33
73 76
70 94
5 9
9 95
24 60
11 12
21 59
57 73
77 92
6 52
55 70
12 99
69 86
15 64
39 47
62 77
74 89
11 98
29 43
5 73
11 22
25 85
47 75
75 97
2 87
83 96
66 93
9 22
30 69
0 7
27 32
49 57
13 60
8 56
13 41
58 76
1 51
28 57
48 60
15 45
60 95
21 93
39 74
53 71
1 2
28 66
14 36
55 74
24 66
52 77
74 83
37 79
1 82
40 75
63 87
28 41
91 94
55 80
20 63
28 81
34 59
10 47
16 62
11 81
42 94
12 31
47 65
39 66
40 53
2 20
46 95
2 66
78 87
59 65
51 67
18 66
58 61
23 41
26 52
56 69
69 99
46 52
18 34
27 38
24 40
71 99
66 86
16 73
53 91
72 76
42 46
4 39
56 80
79 83
4 84
56 57
43 82
20 75
22 99
70 99
40 95
16 45
17 81
56 90
85 99
16 89
74 82
4 86
13 58
57 69
20 74
5 42
45 73
38 41
76 90
8 85
16 94
5 27
15 31
41 47
29 41
38 82
11 95
21 83
21 27
26 46
16 72
15 88
25 92
2 23
32 96
49 59
80 93
75 92
22 56
34 56
24 80
58 94
19 70
34 67
9 36
41 69
0 17
49 74
19 77
4 12
15 47
25 79
39 72
9 38
12 91
20 25
31 56
52 86
23 70
47 88
22 95
3 7
57 90
5 98
70 73
5 13
77 86
17 90
76 85
35 70
15 92
55 58
12 55
9 21
45 82
2 77
13 32
55 98
55 86
20 24
11 33
42 70
39 64
5 54
56 64
9 47
34 93
2 93
7 38
36 85
90 98
36 75
46 96
55 59
7 19
14 23
19 53
30 46
38 73
9 37
23 29
73 81
20 57
61 66
50 77
14 48
9 19
32 75
29 91
20 59
45 89
26 97
6 72
56 88
76 97
59 97
33 43
18 63
45 84
11 55
56 87
39 42
40 68
13 85
74 80
58 77
1 65
2 9
51 53
37 50
31 62
4 48
11 71
22 58
66 78
9 18
2 60
38 45
2 38
45 68
2 49
16 28
27 75
51 86
30 49
11 52
13 48
13 86
30 57
3 44
7 37
60 87
10 80
86 96
62 90
23 94
25 48
0 24
24 36
1 13
24 62
19 81
34 54
10 24
78 83
18 47
56 96
18 41
61 73
3 48
31 73
4 61
7 69
62 69
93 95
0 41
17 30
10 60
1 9
17 85
73 88
79 98
47 56
72 86
34 46
48 63
9 67
44 60
9 26
71 78
31 38
69 80
6 53
85 86
43 58
23 34
52 57
15 32
6 99
2 24
12 85
28 90
56 66
21 89
1 87
46 87
6 73
31 58
3 60
55 61
41 65
42 73
36 54
34 95
40 92
4 79
11 86
4 70
73 83
4 62
85 89
15 66
2 42
4 33
36 90
41 49
69 88
58 73
83 94
18 56
22 76
27 34
39 76
54 64
75 96
31 53
29 51
41 90
7 62
11 30
36 88
23 35
45 53
21 46
25 39
15 60
41 66
53 57
54 94
25 58
9 35
18 53
12 65
23 90
40 60
45 51
78 85
76 91
52 70
9 62
3 23
33 68
95 99
57 97
59 69
49 62
57 79
8 32
6 14
84 92
83 95
82 93
48 57
29 38
4 40
13 78
40 84
27 72
7 52
0 80
1 44
39 58
30 87
11 77
65 77
43 67
37 93
14 58
18 67
31 63
6 17
50 70
39 46
71 97
15 36
13 64
32 67
1 99
46 62
36 76
4 5
5 8
68 70
40 89
3 38
17 74
70 81
3 39
0 40
2 14
39 87
91 92
38 95
3 35
16 46
10 96
3 86
3 85
66 75
40 69
32 69
81 86
20 84
25 27
20 64
17 51
12 75
74 91
53 80
67 70
8 70
62 81
10 85
25 31
53 94
58 80
30 89
16 58
85 97
49 58
2 62
0 46
44 83
62 75
8 80
19 41
49 69
37 99
81 96
22 93
72 91
34 75
2 80
30 51
34 92
16 70
60 73
85 87
53 68
54 86
27 50
19 49
44 63
30 73
10 68
1 61
24 72
9 29
42 68
22 69
48 80
50 69
15 23
13 51
22 29
35 57
30 70
54 90
19 42
16 54
2 86
8 18
77 98
2 56
6 50
17 23
26 82
33 71
39 45
48 62
32 45
13 31
60 66
11 74
14 33
31 37
15 63
2 48
54 99
6 21
48 82
5 76
63 77
59 90
68 85
22 89
37 54
4 91
5 18
37 94
41 43
43 53
10 23
40 63
4 65
14 17
52 60
16 23
28 95
35 41
8 65
33 72
79 86
62 98
5 30
16 27
8 21
25 45
23 62
27 86
2 85
13 22
64 89
31 54
24 43
12 38
46 99
62 78
32 60
14 92
17 60
38 94
39 69
44 64
2 53
71 90
45 56
46 55
65 82
24 33
63 86
47 63
7 98
15 62
8 67
6 36
3 24
80 94
1 49
10 26
79 92
74 96
20 96
58 59
56 81
20 72
28 48
0 27
56 77
74 79
35 84
14 71
33 97
5 62
64 82
20 79
0 15
22 26
2 91
47 69
11 21
23 57
12 90
72 74
80 96
47 60
14 26
44 59
51 97
19 78
62 71
70 80
83 91
35 43
52 89
53 58
27 91
62 74
35 53
9 31
16 42
3 61
26 94
26 76
59 96
39 70
5 91
65 86
44 88
2 29
71 84
72 92
7 36
50 98
1 4
27 39
14 99
51 58
27 96
43 62
21 34
23 26
20 76
40 78
1 31
28 55
6 30
28 43
1 23
68 79
63 69
42 50
34 76
44 99
79 89
69 81
22 57
12 64
51 95
46 70
23 38
55 99
34 52
32 52
69 74
2 3
23 54
33 57
38 92
2 54
12 76
14 73
63 80
1 15
64 99
73 77
19 32
5 21
15 65
57 95
80 98
63 98
62 72
44 66
32 95
51 70
27 98
49 76
33 47
29 88
4 20
19 79
10 33
56 63
8 26
74 87
8 66
10 72
4 42
28 32
51 72
7 9
40 45
16 26
18 36
1 21
4 64
29 74
13 59
55 67
28 79
32 62
31 43
3 22
21 47
1 10
14 95
24 65
71 85
6 34
91 93
47 48
27 35
10 70
13 18
66 92
3 34
29 67
26 32
49 92
28 75
86 99
61 92
10 77
45 49
15 27
33 48
52 74
30 96
36 37
10 20
42 45
17 41
76 89
17 86
44 77
1 91
42 92
22 87
8 10
44 82
19 61
42 58
41 55
10 54
17 72
46 48
2 16
38 84
27 76
4 69
5 14
49 78
49 96
10 21
20 62
17 64
37 61
0 79
48 88
25 56
39 93
45 72
49 68
25 41
63 71
12 74
35 85
1 56
52 69
39 62
39 85
25 93
19 39
34 42
33 80
29 92
16 52
9 88
40 46
23 48
48 76
55 90
30 84
45 46
21 97
3 98
41 77
57 81
22 46
21 55
3 70
40 97
29 76
24 94
5 43
1 84
63 94
58 92
13 37
0 63
31 88
34 77
25 66
90 91
71 98
3 89
51 85
45 90
0 48
89 90
2 17
20 21
6 64
64 77
52 62
17 92
43 94
2 84
40 54
29 85
44 51
46 83
34 53
32 49
0 25
43 80
59 70
60 75
69 90
44 55
5 95
42 99
42 79
12 43
64 90
23 75
29 30
14 90
30 52
27 63
45 48
48 68
41 45
39 79
21 44
2 52
18 90
8 48
21 90
12 87
59 99
41 50
23 84
9 78
13 50
5 12
36 49
7 84
71 75
50 62
29 36
94 98
56 93
9 24
59 72
8 99
25 78
5 61
46 50
80 87
9 74
24 81
33 42
60 99
8 39
7 47
15 73
21 31
84 88
57 61
53 97
3 30
21 77
57 63
9 15
67 87
95 98
10 90
10 83
73 94
2 4
1 29
83 84
41 57
24 47
2 7
6 39
4 81
86 91
38 81
88 90
9 71
16 41
25 55
20 89
7 93
32 63
54 70
18 50
40 88
2 43
65 85
8 71
6 40
41 80
49 93
1 63
51 66
47 67
17 88
78 90
4 41
65 67
2 19
55 81
82 84
3 62
0 38
31 90
10 40
79 88
22 27
42 84
8 36
50 80
12 19
9 97
90 96
8 19
8 84
43 87
26 58
63 68
42 91
86 90
13 15
32 34
25 82
22 96
15 24
8 30
69 75
6 95
6 15
70 86
26 61
35 66
53 98
1 11
35 50
11 18
62 93
31 74
9 99
56 65
14 69
20 87
33 45
19 82
64 71
70 83
39 53
3 64
14 30
46 57
2 73
42 82
79 93
51 91
3 66
8 75
56 97
83 85
23 40
48 89
43 70
41 82
14 93
13 65
31 85
68 83
23 91
35 93
19 67
8 92
30 62
60 62
7 53
25 96
10 91
48 87
34 43
21 70
40 41
12 49
32 74
32 44
88 91
36 97
39 99
26 96
70 90
19 25
81 92
33 40
21 52
6 35
50 66
54 78
5 40
18 37
17 32
34 91
26 84
45 60
47 76
51 54
6 78
24 84
35 68
60 94
11 75
9 91
26 88
0 3
23 31
27 47
61 81
87 89
39 95
75 85
66 95
33 74
20 61
63 85
22 39
10 42
17 45
57 76
0 22
11 26
39 65
50 88
35 45
51 96
42 74
40 71
47 52
49 71
7 94
0 92
41 70
55 78
26 87
1 45
27 45
13 16
19 65
15 68
12 92
28 69
28 77
48 77
15 70
45 70
29 69
38 75
15 43
59 68
57 83
28 38
8 69
37 82
37 53
15 34
0 44
26 38
22 71
15 42
73 74
53 89
61 72
61 90
28 78
1 17
32 46
84 93
22 62
77 83
3 27
8 94
61 67
35 92
33 38
48 92
27 82
25 72
66 67
41 44
29 90
13 82
81 83
18 95
25 70
40 87
16 88
66 79
19 58
1 96
19 31
17 22
10 69
2 72
27 64
12 42
9 34
25 99
22 30
37 72
16 97
3 53
35 74
59 76
7 75
64 87
9 42
2 58
30 99
43 81
35 97
8 46
1 72
0 54
35 55
7 22
71 94
61 65
51 57
34 89
48 72
3 84
2 82
3 63
6 58
50 64
61 71
24 85
20 50
57 93
2 39
2 46
12 17
52 76
19 66
47 95
33 53
7 65
48 65
42 47
35 67
11 14
28 68
9 40
4 34
31 89
44 47
9 84
26 95
12 37
4 18
75 99
72 84
62 91
11 68
8 16
12 30
15 55
3 21
29 93
25 62
96 99
26 66
91 95
46 75
22 67
30 82
34 55
18 62
20 69
58 87
5 96
30 59
35 91
72 90
16 85
53 86
7 72
20 37
27 59
22 91
28 64
31 49
27 41
10 74
19 80
17 95
25 74
20 47
37 74
22 38
17 83
16 18
4 14
58 93
31 82
85 93
19 46
18 68
23 24
31 41
12 73
54 67
51 98
36 92
44 93
38 61
10 94
12 82
17 76
53 96
70 98
9 69
15 37
72 87
8 51
31 48
49 54
44 95
54 83
14 20
5 57
54 93
10 92
13 35
39 84
33 51
48 86
28 96
2 41
34 85
7 54
63 95
8 17
78 93
58 65
11 56
34 80
51 77
78 91
2 81
65 92
28 52
35 86
4 28
21 64
39 82
50 75
45 86
54 82
1 39
4 36
17 42
56 82
14 52
72 80
87 95
64 88
7 71
62 86
79 87
15 71
29 81
6 20
81 84
45 93
60 64
72 94
21 88
2 26
34 71
62 94
64 73
25 37
29 62
68 92
36 46
