300 1000
60
88
105
33
100
94
78
97
21
85
22
29
73
71
57
70
82
51
24
68
46
94
31
91
78
42
98
86
29
38
80
22
58
65
35
38
40
93
68
93
58
22
102
63
73
39
65
88
22
69
36
48
95
47
71
106
69
50
72
31
68
33
33
106
78
48
77
50
73
25
23
64
27
57
107
80
28
105
100
30
106
116
110
82
43
114
68
45
44
20
56
44
33
21
82
44
101
39
74
54
44
30
98
103
67
38
116
76
75
96
38
61
93
81
23
68
27
23
93
51
24
81
27
89
82
89
113
115
61
20
50
37
30
80
21
29
50
117
37
105
93
108
99
118
69
102
67
76
106
92
59
62
54
66
83
68
87
29
64
80
29
46
98
91
58
51
100
89
48
118
26
73
106
105
72
107
40
71
63
78
43
54
72
77
52
35
26
119
44
22
32
105
48
110
76
86
41
109
107
21
107
66
26
93
51
78
80
23
81
75
81
105
61
85
62
93
101
20
44
77
74
56
115
54
98
23
73
71
112
60
24
99
106
31
24
90
41
36
93
103
43
107
88
84
24
82
109
105
35
86
115
89
22
62
24
53
65
77
56
110
69
61
89
108
72
46
78
93
114
103
76
38
42
96
54
47
59
96
84
74
62
31
95
116
73
51
49
71
60
86
61
110
27
82
50
31
108
108
56
55
183 189
99 127
179 190
98 165
167 284
233 258
146 190
19 233
21 156
99 229
95 296
79 278
24 157
16 230
60 134
2 76
17 227
129 248
117 294
98 101
56 214
87 104
106 202
37 276
14 188
63 205
183 283
142 193
72 259
71 209
258 285
27 73
202 212
27 82
125 249
163 235
74 181
19 136
56 232
112 247
17 297
62 280
204 252
173 263
28 82
34 286
108 119
13 84
40 62
63 166
101 217
98 278
228 297
160 286
98 106
103 159
167 221
135 171
61 125
134 153
195 221
15 191
81 256
99 143
17 48
259 265
170 237
98 116
102 235
11 93
170 201
120 196
31 92
269 292
92 178
175 288
66 99
55 180
23 206
71 76
35 223
89 93
24 205
244 259
7 255
104 260
0 177
81 269
84 125
228 291
3 166
155 268
23 284
59 87
163 229
152 183
250 272
275 298
177 294
184 286
91 249
126 197
143 278
148 227
155 191
158 208
109 176
65 93
153 200
129 205
68 88
34 71
60 84
98 237
78 84
79 173
70 227
123 257
100 105
102 255
10 48
157 166
187 231
3 87
136 208
257 268
54 296
28 56
126 138
45 268
218 262
99 242
41 57
65 141
167 214
149 263
15 230
117 120
123 298
187 204
31 224
27 144
224 279
135 169
102 180
64 138
151 237
58 244
46 175
137 261
95 286
25 224
44 53
52 142
98 220
239 251
22 135
1 31
59 218
161 223
113 151
2 277
36 102
149 298
135 263
58 110
34 122
83 227
130 277
50 279
75 270
54 98
137 157
151 216
55 126
129 206
107 239
42 260
195 258
158 191
53 146
217 268
52 87
195 269
30 227
72 105
126 249
107 255
15 159
70 75
205 285
29 277
41 64
19 259
0 262
117 146
15 86
154 166
113 191
123 221
92 247
78 94
73 86
140 201
28 297
34 211
233 292
11 297
30 33
8 33
44 178
59 231
16 149
207 213
15 89
159 180
11 36
162 253
97 154
54 146
183 265
168 180
192 257
218 291
226 274
19 76
60 104
121 130
96 261
28 276
185 261
136 273
89 272
121 187
242 296
231 267
147 259
151 269
69 91
12 66
88 296
137 152
200 267
162 273
54 63
0 190
67 78
26 39
220 265
160 268
127 207
199 219
26 50
118 188
172 200
220 236
40 73
72 293
40 98
155 156
97 204
156 271
176 182
10 148
148 222
107 116
67 101
26 127
169 266
41 297
218 233
259 261
6 86
99 252
159 184
88 255
8 163
111 184
46 173
84 246
95 200
105 248
184 267
75 189
73 150
121 230
65 132
30 136
164 266
171 295
3 106
34 217
132 240
24 90
78 237
236 277
237 296
12 120
22 185
137 168
143 196
164 275
13 246
111 229
158 212
18 100
134 214
154 287
19 129
97 230
118 259
55 85
205 256
119 193
257 280
113 123
205 277
151 218
14 275
147 187
173 299
87 257
185 244
204 293
73 275
54 191
139 235
243 246
66 97
77 188
54 75
32 200
83 103
59 250
118 149
43 246
200 204
85 182
148 175
274 290
44 202
189 217
164 183
184 280
73 282
57 109
10 127
141 210
113 143
269 283
44 268
26 244
172 208
29 72
19 135
38 98
16 115
279 299
164 232
31 214
89 237
75 116
16 78
100 111
52 155
68 78
99 292
39 180
116 174
215 252
67 264
231 244
66 163
150 160
97 129
256 291
142 265
95 224
35 210
195 262
15 190
41 59
132 273
58 228
143 225
75 293
71 126
41 111
231 261
80 222
178 252
97 146
102 192
57 137
19 88
79 155
112 172
267 296
145 195
55 123
38 130
168 216
201 279
184 257
231 293
264 297
61 109
196 263
5 253
93 152
24 283
1 189
52 185
163 292
175 253
95 174
127 169
75 178
11 120
109 275
169 270
65 88
94 285
70 137
120 240
27 88
25 208
79 123
7 18
76 192
102 297
20 229
36 101
59 271
58 199
88 95
211 293
232 233
58 104
173 198
131 134
223 263
9 241
22 86
176 186
135 258
63 158
41 259
151 152
210 282
52 123
45 57
34 290
30 92
146 256
30 290
90 265
99 293
67 259
145 237
73 243
101 155
136 196
113 287
49 95
153 249
7 270
4 250
49 281
148 195
190 237
79 277
156 270
115 178
89 168
33 260
167 293
129 186
63 299
164 168
147 170
17 117
229 268
122 278
1 22
225 238
203 213
17 69
225 247
15 184
167 196
100 160
63 286
178 289
38 210
43 237
80 112
61 106
80 280
39 81
3 16
71 216
88 271
249 285
88 221
16 255
116 117
116 232
154 157
110 244
67 205
181 199
18 40
98 260
20 51
23 232
3 120
143 239
144 276
92 232
108 249
118 239
55 276
50 183
127 213
32 118
61 284
101 136
287 296
48 121
145 271
26 168
11 136
165 170
154 156
16 114
146 233
201 293
35 176
0 166
55 251
116 119
7 235
217 231
46 91
31 69
251 288
96 124
15 18
41 171
208 225
71 187
193 232
24 228
108 191
164 229
100 142
32 129
159 250
60 258
92 93
27 81
43 175
110 257
194 299
171 281
207 221
152 242
153 266
80 262
61 209
103 178
210 213
73 232
45 212
5 83
110 137
86 232
44 286
43 232
76 95
54 155
97 297
151 206
38 115
25 165
95 152
65 180
57 113
190 270
158 273
27 47
136 166
31 122
74 210
57 106
203 261
111 200
69 110
103 277
20 107
54 259
115 235
77 173
48 267
195 206
222 241
5 77
36 88
50 251
109 163
66 159
122 270
18 232
91 122
199 261
16 194
62 210
251 287
51 235
182 255
9 248
14 156
77 245
50 80
47 213
189 207
11 279
50 229
21 295
172 256
118 272
182 272
180 275
167 222
26 229
35 49
177 206
6 49
100 203
2 86
27 65
97 261
38 191
85 147
71 264
93 288
118 189
70 222
93 144
120 237
39 73
2 207
245 257
8 200
94 109
202 226
121 164
23 211
107 170
48 71
142 241
111 183
5 105
178 294
3 277
33 185
6 30
66 194
55 282
185 213
86 281
57 101
208 298
98 227
31 221
142 240
156 252
161 175
105 110
87 155
161 241
24 219
23 270
6 285
25 250
59 243
37 44
87 116
43 252
35 185
16 178
172 177
104 182
85 292
262 293
123 132
156 286
9 94
79 179
67 204
10 82
119 263
54 131
58 206
143 227
93 243
21 22
168 204
5 127
141 248
80 298
16 284
110 289
46 220
113 241
23 124
140 176
142 230
100 271
198 289
134 244
194 265
62 157
36 221
119 170
118 177
2 245
43 154
55 252
263 296
66 140
20 242
214 280
3 224
15 265
202 259
100 148
9 224
198 210
45 81
68 274
122 199
106 219
218 274
58 233
22 176
73 94
105 170
9 95
24 109
60 63
212 283
211 259
173 221
157 266
254 277
206 292
152 211
12 70
70 237
12 55
129 299
106 169
115 286
147 264
77 139
174 262
173 289
186 211
43 98
105 229
73 222
11 225
75 185
47 175
102 197
187 196
283 293
22 66
30 109
0 169
107 132
149 227
60 156
41 208
13 281
15 76
201 258
57 151
48 128
15 160
195 245
217 221
93 139
253 274
201 271
28 102
66 214
236 274
249 255
8 271
25 266
224 228
24 52
119 274
179 183
37 101
101 182
75 240
187 263
28 41
94 291
255 280
120 263
128 281
59 234
147 210
223 287
16 262
81 211
42 94
12 131
165 247
66 239
240 253
20 202
246 295
2 166
278 287
167 251
18 66
58 161
41 123
126 252
169 256
99 269
46 52
118 134
38 127
124 240
171 199
66 186
173 216
53 191
176 272
142 246
4 39
56 80
85 188
104 184
156 157
43 282
20 275
99 222
122 261
199 270
195 240
45 116
44 86
17 281
56 290
99 285
189 216
274 282
86 104
13 158
140 242
57 269
31 161
120 174
142 205
73 145
38 241
176 190
208 285
28 157
127 205
111 161
215 231
141 247
229 241
38 282
195 211
83 121
27 121
226 246
16 172
115 188
192 225
23 102
91 253
132 296
49 159
280 293
75 292
56 122
156 234
146 197
103 267
224 280
258 294
170 219
58 274
34 167
36 109
41 269
17 200
174 249
177 219
4 282
104 212
60 198
12 258
115 147
179 225
39 272
138 209
112 191
20 225
31 56
52 86
97 286
23 70
247 288
22 295
3 207
157 190
4 73
5 298
96 183
73 270
5 213
77 186
190 217
185 276
35 270
15 92
55 58
53 91
77 94
12 255
209 221
145 282
202 277
32 213
55 298
55 286
20 224
133 211
70 142
164 239
105 254
164 256
9 47
86 269
34 193
93 102
7 238
136 285
140 220
190 198
236 275
246 296
131 161
55 259
198 201
7 219
205 227
214 223
53 219
30 146
38 73
137 209
23 29
181 273
157 220
166 261
122 205
49 216
177 250
114 148
9 19
75 232
101 286
91 229
20 259
145 289
126 297
72 106
156 288
76 97
59 197
102 294
43 233
18 163
45 184
11 55
87 256
39 242
