300 500
82
45
35
28
51
98
21
112
77
56
73
99
61
58
38
94
75
32
59
32
40
28
59
58
58
100
85
86
80
23
33
94
49
49
103
32
27
56
77
36
92
82
115
85
20
85
59
27
50
98
39
22
59
31
60
97
63
77
64
23
81
29
98
62
110
33
26
117
69
83
85
93
45
32
58
46
98
98
53
80
28
25
82
67
36
23
97
79
32
93
35
93
102
113
87
93
78
94
42
27
57
108
100
83
20
90
61
50
68
46
62
29
51
25
76
119
80
105
79
92
78
46
118
113
91
85
86
49
59
60
108
49
100
40
112
53
110
105
35
111
31
78
20
115
35
76
114
47
114
25
71
72
51
69
117
22
87
35
51
78
76
39
107
108
59
51
41
102
88
57
93
100
67
93
47
82
101
41
109
95
47
112
100
78
114
97
81
81
113
64
91
21
36
31
109
75
114
31
109
83
20
82
115
67
55
42
29
89
63
70
64
42
62
96
101
56
74
114
69
119
58
93
20
26
104
109
34
98
72
23
61
72
86
108
71
73
30
32
42
74
82
39
96
77
115
29
65
21
75
67
20
114
40
20
72
24
62
86
102
114
90
96
119
108
84
70
61
47
35
36
101
97
107
29
106
54
91
104
56
46
51
108
92
71
61
45
75
103
111
109
49
33
37
48
21
102
51
115
29
118
219 223
82 168
156 298
9 289
136 162
48 177
14 72
125 282
51 229
52 93
91 191
65 114
150 158
20 228
107 158
30 53
129 135
179 199
44 260
168 180
122 268
109 195
144 282
72 264
165 195
38 68
57 133
153 215
225 283
90 144
135 249
16 172
84 123
180 196
64 83
113 258
85 222
67 205
66 277
13 83
143 151
104 200
9 284
19 167
63 286
122 161
12 34
138 149
86 157
29 293
142 203
251 288
65 156
107 183
185 191
28 249
42 53
79 280
62 148
48 98
211 260
222 276
113 294
125 203
154 251
154 196
49 199
142 166
107 250
49 293
193 298
73 235
54 103
14 217
165 202
18 165
125 240
141 171
18 105
57 126
75 225
211 274
106 274
134 192
108 293
1 127
200 292
147 288
6 55
65 260
83 220
97 126
19 75
181 268
38 146
263 290
221 253
248 289
59 181
82 219
174 209
218 220
161 261
118 220
16 183
180 236
6 18
33 93
53 78
26 116
68 199
131 173
22 172
81 121
105 203
31 53
164 273
2 77
120 234
2 297
55 178
73 238
23 236
14 218
128 297
80 182
65 253
87 289
74 221
29 94
126 274
193 247
22 180
0 234
20 236
55 250
180 227
2 238
98 253
95 131
187 211
5 161
164 248
290 294
141 169
19 143
19 264
143 199
129 286
58 199
6 117
44 60
186 299
47 284
4 178
132 191
141 293
57 248
243 293
47 215
118 136
58 155
134 253
106 172
57 82
200 231
63 291
249 296
42 95
46 285
25 117
166 290
162 238
208 223
22 233
69 123
140 233
274 276
134 187
21 199
130 191
254 273
173 270
216 255
117 293
14 143
4 162
9 25
243 285
228 233
7 108
50 200
26 41
226 228
125 213
104 250
7 275
111 233
118 245
63 149
111 215
258 274
220 267
51 215
4 36
64 143
193 196
237 264
242 272
218 237
68 168
41 127
152 195
60 193
261 271
134 256
177 266
97 160
233 263
64 290
51 207
54 247
18 153
177 185
12 103
80 166
23 207
208 218
112 268
111 135
119 230
159 269
85 182
71 256
72 145
113 249
31 167
196 236
133 237
31 288
63 82
42 239
34 51
62 197
44 238
17 207
154 203
141 211
39 277
90 283
15 288
9 184
251 298
70 117
58 248
82 148
122 139
124 208
186 242
105 180
174 283
140 186
81 281
58 150
20 133
8 201
200 262
204 245
67 261
21 261
177 221
43 51
61 219
55 259
65 157
140 236
76 239
20 79
109 229
130 131
84 114
15 190
46 187
59 219
6 292
20 184
115 265
78 235
34 195
70 260
32 251
111 146
7 272
92 155
137 207
80 239
37 222
19 193
26 149
169 237
202 210
145 285
19 281
92 115
52 263
48 185
56 83
80 211
4 90
235 280
211 226
112 185
15 131
130 164
67 157
34 119
71 269
17 250
109 142
65 106
2 214
154 270
85 117
50 228
37 121
84 208
20 263
269 278
99 203
113 143
166 177
188 284
0 1
138 142
111 256
0 77
206 258
47 96
24 149
24 145
186 284
149 282
56 251
179 259
22 103
21 124
109 251
209 251
100 110
146 273
56 146
14 50
53 149
110 129
50 186
26 236
8 170
137 226
12 17
115 238
39 62
43 188
98 171
34 294
140 198
6 59
39 162
20 144
63 183
114 273
69 299
50 292
8 188
20 218
156 205
187 296
127 271
39 194
86 277
227 228
278 288
17 233
6 202
161 265
186 189
10 79
130 186
2 246
70 221
18 27
129 257
23 100
84 115
62 295
201 275
179 289
15 223
217 249
110 229
170 235
14 49
180 287
196 235
233 266
3 208
37 45
12 69
148 190
236 237
137 210
252 264
16 32
227 265
208 249
128 184
130 177
62 251
147 216
201 297
166 205
204 211
268 295
237 280
116 216
79 174
105 190
31 174
10 222
139 224
19 218
48 160
111 248
110 164
160 259
65 125
21 65
36 60
69 289
49 158
37 223
143 237
166 268
69 88
30 260
12 248
225 280
48 280
36 210
197 295
70 262
172 188
36 261
50 82
119 235
25 224
14 191
83 244
32 274
44 96
76 274
21 74
56 58
5 285
105 107
20 30
47 56
48 291
73 185
150 173
175 244
11 97
42 119
146 203
16 190
291 299
18 73
65 127
102 131
132 288
152 262
9 70
61 260
109 146
186 259
19 183
168 187
6 194
92 210
209 279
35 260
22 53
33 139
180 216
65 242
256 257
27 217
17 230
127 141
27 76
86 147
