100 250
35
67
57
93
72
39
34
31
88
32
50
110
50
20
102
77
109
104
30
77
36
38
47
45
101
57
91
116
67
20
85
82
67
22
108
119
93
22
82
61
87
65
51
117
65
34
26
106
70
36
63
38
106
42
63
40
79
86
36
78
86
101
41
33
55
81
84
28
35
99
69
102
44
53
52
41
119
58
28
21
27
71
39
65
94
34
85
105
101
53
116
119
86
89
85
21
50
101
29
117
82 94
32 61
63 76
82 87
25 29
37 71
39 80
36 88
54 61
31 48
35 70
58 59
39 89
37 55
43 44
10 77
42 90
18 90
58 78
1 35
24 59
72 98
8 57
18 86
18 62
18 49
30 40
8 29
15 21
18 64
11 29
2 94
23 84
20 33
14 73
68 73
92 98
55 72
0 10
14 25
80 95
21 64
24 25
2 47
21 39
51 63
2 57
5 77
25 94
8 63
51 83
1 82
6 76
8 76
16 85
43 97
7 80
58 70
31 72
22 57
20 93
25 47
30 77
8 24
32 40
23 59
12 66
72 99
20 28
5 89
38 71
30 37
8 95
13 80
35 52
25 26
25 61
55 91
2 31
51 94
62 63
18 30
69 74
43 49
33 89
2 41
67 84
74 89
3 52
14 16
69 77
32 59
11 52
15 26
73 96
48 97
18 52
67 94
46 47
40 81
35 94
19 22
48 62
8 17
0 74
33 78
43 92
10 47
55 88
29 63
12 85
3 29
16 23
22 64
21 62
45 56
9 19
23 28
68 88
40 68
25 63
58 98
6 25
21 49
6 34
33 35
50 89
10 11
14 32
11 26
40 87
30 68
10 98
9 50
19 72
17 27
30 96
36 78
21 27
27 57
13 43
2 14
77 93
59 65
43 61
1 70
30 52
22 40
31 51
22 42
3 69
39 85
17 66
39 74
44 83
57 67
26 81
11 71
29 58
19 82
4 72
3 73
57 95
43 60
26 38
81 82
7 21
18 25
91 92
35 65
76 84
45 54
8 65
26 76
37 60
20 65
13 22
8 67
82 93
16 98
26 58
45 89
80 83
0 89
65 68
65 84
2 20
73 98
63 78
58 77
23 73
38 98
65 97
31 98
11 97
47 89
34 90
24 69
37 91
27 41
2 13
29 76
11 59
22 39
37 64
87 97
2 95
26 52
15 49
5 26
56 63
47 91
32 67
22 90
9 17
22 24
0 47
58 86
8 91
7 95
5 82
52 61
14 87
2 79
15 57
7 72
20 51
4 19
9 18
27 78
3 78
2 25
36 47
48 83
5 6
66 68
5 58
82 89
59 97
46 67
18 69
18 40
74 88
1 53
16 80
56 70
57 63
10 93
58 62
29 69
