100 100
100
113
59
26
73
26
113
59
67
115
113
66
49
97
88
67
60
34
93
99
28
34
86
112
109
114
94
118
37
30
53
69
75
92
75
80
51
69
72
98
64
65
96
45
42
65
92
82
31
118
61
39
32
28
32
21
22
58
20
91
68
53
40
76
78
96
36
109
97
88
39
93
85
115
70
107
112
94
70
24
92
63
95
105
23
59
106
78
97
58
49
98
44
22
54
102
98
22
43
27
67 84
0 88
8 18
73 86
29 76
42 52
0 82
27 76
44 78
15 95
29 55
21 93
27 58
12 57
10 36
77 96
37 95
10 35
23 64
63 66
15 65
41 48
42 79
9 38
74 93
47 90
0 86
74 95
13 36
61 84
13 61
2 10
45 56
65 80
9 28
26 98
43 98
37 68
58 77
51 98
41 51
37 98
25 41
6 84
61 68
27 68
29 78
38 81
23 46
70 84
26 68
11 69
31 66
44 58
9 89
40 47
2 98
29 43
13 75
36 50
70 82
15 63
48 97
1 23
43 71
7 22
18 91
43 58
2 49
38 54
1 63
30 65
51 59
26 60
62 73
7 15
30 32
32 70
24 79
55 75
47 63
39 97
33 40
49 83
3 94
57 73
4 56
8 74
15 87
40 86
1 49
34 47
18 63
46 74
38 93
35 89
32 74
76 81
9 22
36 83
