200 750
109
36
106
70
37
55
111
24
46
41
37
104
70
86
108
66
30
64
67
46
71
89
112
93
86
98
31
62
74
33
72
63
50
59
65
67
94
57
23
72
30
40
108
80
106
97
78
68
41
77
94
92
47
38
117
65
116
81
59
71
94
112
66
24
103
112
23
29
101
26
81
111
46
69
24
84
98
82
32
119
92
58
43
119
76
93
116
73
54
56
76
80
100
22
37
83
114
40
92
95
99
105
39
77
106
95
94
85
109
106
36
81
97
112
32
53
85
29
106
71
117
114
31
97
117
48
112
63
21
36
39
100
21
110
109
59
85
83
24
74
22
93
36
99
85
100
32
102
109
71
53
58
117
116
87
114
45
79
110
46
95
81
78
48
71
119
88
88
83
44
42
37
69
110
116
86
91
80
68
32
83
53
71
81
50
38
27
75
50
117
53
77
78
63
106
81
62
26
49
25
103 183
147 163
146 156
102 154
78 85
31 135
31 128
77 101
43 184
26 48
81 82
52 54
109 131
46 106
12 133
71 115
69 170
25 31
68 185
127 146
14 22
6 129
142 158
59 126
2 59
36 105
140 159
49 88
43 194
47 55
70 80
123 149
40 154
60 126
5 91
113 158
20 88
71 114
130 198
0 41
146 189
130 189
57 77
100 131
24 131
104 108
1 31
5 194
131 137
54 180
13 136
45 108
53 117
23 51
16 47
4 37
162 193
119 171
2 22
24 46
132 133
87 102
59 115
4 81
135 190
79 184
100 181
105 187
98 162
146 157
113 178
92 135
6 106
64 80
8 88
79 94
172 181
39 181
62 193
135 195
149 179
2 14
154 160
11 107
16 116
95 109
44 129
2 187
3 68
10 91
104 147
15 80
37 54
51 73
9 49
1 180
155 175
93 129
62 104
31 46
13 93
9 160
32 100
11 36
168 173
67 127
30 95
67 147
149 173
119 151
72 182
83 157
27 176
39 41
32 37
72 197
130 185
114 158
85 169
5 150
30 143
24 125
125 171
26 192
63 144
78 129
13 135
114 188
141 179
126 156
16 180
98 123
82 117
12 154
3 163
98 159
183 193
23 70
107 168
3 96
26 31
34 119
22 191
33 132
1 141
58 169
74 134
67 191
16 31
19 146
57 194
70 139
41 93
9 100
58 61
93 103
36 89
27 164
111 197
64 159
91 170
33 165
52 104
120 156
84 102
30 91
160 161
122 153
7 131
5 68
60 141
113 177
77 150
4 13
27 116
78 118
63 86
35 190
116 143
62 152
105 198
158 182
19 104
26 63
68 188
81 94
128 160
11 30
15 37
16 44
83 122
86 121
121 137
5 111
65 125
63 157
31 92
50 173
148 188
76 88
8 122
88 170
82 181
72 119
148 163
88 184
37 175
105 174
48 169
113 132
41 94
77 128
53 133
34 127
155 193
1 122
30 44
42 112
161 177
78 184
25 76
14 65
0 119
48 191
40 123
87 114
165 194
50 164
0 44
84 193
159 199
147 181
155 189
85 94
30 102
115 130
55 129
55 195
0 186
41 56
110 122
27 128
44 116
77 116
88 114
40 62
9 73
21 180
67 150
52 65
98 180
153 182
61 129
62 161
115 169
25 55
91 135
52 159
82 179
20 76
90 196
60 69
33 51
1 101
5 19
151 199
104 139
13 68
17 27
183 186
34 161
29 169
13 189
95 100
17 120
43 59
64 132
110 166
66 111
67 85
18 68
7 36
27 92
10 28
14 30
60 171
135 137
1 36
170 184
108 180
29 41
44 139
7 110
2 26
70 147
44 184
29 118
56 185
10 166
41 66
132 190
53 68
54 79
15 104
24 164
53 195
5 40
144 164
102 146
50 190
16 186
45 186
105 123
101 115
89 119
22 108
61 161
42 140
98 167
108 191
62 103
20 196
95 140
184 198
86 127
0 54
113 186
18 99
109 152
86 151
72 194
125 133
156 167
26 123
65 134
15 189
37 147
84 108
146 187
11 187
1 76
52 173
34 47
133 157
29 185
79 110
35 114
29 92
94 111
130 178
120 174
121 145
5 157
144 157
152 168
83 153
8 197
44 157
42 114
28 129
8 95
90 162
120 196
54 107
14 185
140 189
86 105
14 62
19 92
44 110
140 193
89 149
1 106
43 85
14 21
23 68
22 114
30 170
37 186
29 152
18 22
79 93
105 107
93 197
78 155
18 193
142 148
59 101
48 144
21 144
120 158
90 133
72 186
103 172
109 133
83 124
17 103
160 162
7 124
3 157
102 162
62 173
44 185
45 163
60 129
18 40
60 132
118 125
28 133
42 90
14 113
78 169
40 184
0 39
15 114
141 189
138 177
92 174
55 183
104 153
36 95
14 20
99 154
1 44
66 93
11 171
35 147
12 165
7 164
156 175
78 97
55 116
35 42
100 170
4 97
76 145
41 90
117 195
118 189
82 192
137 155
54 124
18 102
41 61
182 197
36 60
95 104
68 82
146 168
5 44
81 172
165 189
58 171
112 113
105 129
66 146
60 152
114 190
32 122
56 127
116 181
69 76
20 137
111 167
57 116
163 181
104 197
147 168
60 162
32 91
117 178
129 157
83 100
5 43
84 122
62 65
38 131
11 94
5 20
77 178
121 141
10 118
109 197
38 159
70 169
38 51
0 160
35 167
41 96
55 85
75 162
56 186
86 158
13 64
134 187
157 197
4 154
42 107
28 114
64 117
16 67
34 77
52 90
45 197
34 186
100 109
38 156
169 196
60 183
55 170
59 132
39 76
53 190
68 117
59 87
86 137
121 138
70 179
135 165
35 104
18 166
25 174
21 162
96 174
103 156
88 144
21 163
80 168
38 175
124 187
64 108
14 43
131 149
160 187
136 178
153 161
105 115
134 153
56 138
130 171
10 111
110 130
2 97
6 66
20 158
61 89
21 121
28 57
152 182
57 170
49 104
91 162
146 170
76 182
93 142
34 39
120 149
116 122
122 199
157 188
49 94
15 198
23 26
24 127
146 160
10 184
50 98
53 148
68 187
24 162
15 81
1 148
64 165
124 164
64 138
32 73
66 71
41 199
97 175
58 168
104 121
20 123
2 25
22 71
13 48
46 185
63 133
47 180
123 150
88 96
140 169
6 73
24 40
90 199
0 167
73 100
23 120
25 149
20 97
47 62
20 184
36 108
70 108
16 20
31 113
34 85
75 129
80 110
62 165
65 199
22 135
84 137
186 199
47 57
1 29
109 183
53 65
82 169
1 25
86 147
124 181
6 171
8 33
86 125
86 95
142 183
31 108
19 108
18 76
19 107
42 106
80 123
50 96
5 73
3 104
79 159
38 83
46 85
116 124
66 162
98 166
68 130
189 195
53 87
119 184
80 176
121 134
105 124
65 190
4 28
41 100
27 168
151 165
84 127
31 169
32 150
97 135
22 174
102 158
30 46
167 190
95 116
44 107
48 112
12 87
89 114
7 133
17 134
1 187
6 84
117 151
0 94
68 91
49 54
66 84
1 134
60 78
47 78
11 147
14 119
126 144
114 183
61 170
97 115
18 129
23 166
9 18
43 72
10 110
49 108
61 96
126 136
121 135
4 21
187 195
50 170
63 109
24 93
22 160
42 79
12 197
40 88
36 99
102 144
100 198
6 188
76 79
75 80
100 174
39 156
158 169
10 30
55 173
6 133
29 48
26 164
12 53
0 18
4 144
71 102
148 193
68 134
34 180
136 194
74 163
36 46
19 145
43 151
72 105
69 151
50 163
68 74
115 178
12 189
61 183
114 128
0 161
141 196
35 191
30 61
76 106
49 52
92 96
1 3
107 116
70 166
22 145
34 138
75 176
58 150
