300 1000
31
43
24
72
117
102
49
29
104
109
59
80
67
112
112
90
113
105
30
100
70
47
40
106
57
35
55
95
31
100
58
95
23
62
99
72
96
80
34
81
69
25
93
68
69
85
90
63
71
100
95
73
80
115
111
69
82
98
45
46
30
35
21
85
78
52
90
106
112
56
67
113
61
40
61
111
58
31
106
61
63
81
66
23
28
110
25
42
40
102
68
103
117
21
68
27
53
90
114
45
26
61
38
68
34
31
111
24
42
49
117
86
110
63
41
70
105
46
92
26
28
93
61
26
46
109
33
80
32
79
57
38
21
28
38
87
39
29
91
62
110
40
80
52
83
101
102
21
28
27
79
88
52
20
94
78
61
60
90
73
119
80
92
72
88
62
91
107
24
114
101
114
34
113
47
50
95
81
51
55
88
110
23
72
62
50
31
103
42
53
57
93
113
81
98
81
23
69
21
27
64
54
74
78
48
101
108
75
62
91
62
83
33
117
35
75
99
98
111
21
32
100
47
25
61
77
87
116
26
40
76
22
74
30
81
102
63
21
109
57
45
51
20
58
49
88
66
28
66
57
82
78
37
109
36
30
66
103
26
24
23
34
27
29
96
40
64
39
93
53
77
118
85
29
57
114
97
103
22
96
92
84
106
109
25
22
119
23
57
77
28
112
44
87
22
20
107
66
40
80
82 194
32 161
76 263
82 287
125 129
171 237
39 180
188 236
54 61
31 148
70 235
59 258
39 89
37 255
44 143
110 277
142 290
118 190
158 178
35 201
59 124
98 272
57 208
118 286
18 262
18 249
130 140
208 229
215 221
18 64
11 129
2 94
23 284
120 233
73 214
268 273
198 292
72 255
110 200
125 214
180 195
21 164
25 124
2 247
21 39
51 63
157 202
105 277
194 225
108 263
51 283
1 82
206 276
8 176
16 185
143 197
7 80
158 270
131 272
157 222
220 293
25 247
130 277
24 108
132 240
159 223
212 266
172 199
128 220
105 189
138 271
30 237
95 108
80 213
135 252
126 225
125 161
55 291
102 131
94 151
62 263
18 230
269 274
102 194
43 149
172 299
233 289
41 202
84 167
89 174
3 52
14 216
69 177
32 259
111 252
126 215
173 196
148 197
52 218
67 94
146 147
81 240
135 194
122 219
48 62
8 117
74 100
33 278
143 292
10 147
155 188
29 63
12 85
3 229
23 116
122 264
62 221
45 56
9 219
28 123
88 268
68 240
25 163
58 98
17 108
206 225
21 49
6 134
33 235
150 189
10 11
114 232
126 211
40 187
68 130
10 98
209 250
72 219
17 27
96 130
36 178
21 227
27 57
113 143
2 14
77 293
65 159
61 243
70 101
130 252
140 222
51 131
22 142
169 203
39 85
217 266
39 174
144 283
67 257
81 126
11 171
129 158
82 219
72 204
73 203
157 295
43 260
126 238
81 282
21 107
125 218
92 291
135 165
76 284
145 254
65 208
126 276
37 260
110 247
20 165
13 22
67 108
193 282
16 98
26 258
89 245
80 83
0 89
165 268
165 284
102 120
73 298
78 163
77 258
123 273
38 98
165 197
198 231
111 297
189 247
90 134
169 224
91 137
127 141
2 13
76 229
11 59
22 239
137 264
197 287
2 95
152 252
15 26
26 249
205 256
63 91
47 232
67 190
122 209
17 124
222 247
200 286
58 191
8 195
205 207
182 261
52 87
79 214
102 215
7 157
172 220
151 219
204 218
78 109
127 178
102 203
125 155
88 236
47 148
6 183
66 105
158 268
182 205
59 289
97 146
67 269
118 218
74 240
101 188
16 153
56 280
157 170
10 263
62 93
29 158
15 69
37 147
52 173
214 219
68 111
112 230
90 230
82 200
57 89
184 210
157 216
18 27
125 281
37 271
96 247
0 165
147 262
188 202
173 199
62 102
241 267
31 45
197 245
6 114
50 86
216 243
18 286
22 143
20 59
116 166
58 166
21 281
13 235
261 264
108 115
49 79
82 124
32 133
121 299
38 208
7 101
119 151
45 174
14 65
181 285
96 233
99 266
165 169
130 201
9 181
260 297
80 111
136 296
164 258
47 202
148 166
69 261
7 19
85 295
33 124
58 266
66 129
24 298
231 278
112 180
39 177
125 202
9 261
173 198
219 297
76 137
89 197
216 259
96 254
2 221
20 287
31 168
55 138
69 166
46 85
125 234
111 276
27 285
72 278
44 159
275 287
173 233
76 192
141 225
195 199
146 238
216 229
54 107
25 284
122 176
124 162
100 247
26 273
97 137
4 296
32 193
127 283
112 257
71 150
37 270
46 235
261 262
68 164
68 200
145 244
22 269
21 158
121 131
48 259
52 229
7 174
43 136
1 93
244 296
42 95
56 179
4 95
124 176
74 295
18 121
95 279
39 217
111 139
92 228
244 287
80 266
20 30
226 237
145 222
181 292
112 264
20 101
29 207
196 203
17 103
199 273
64 297
160 168
148 204
200 252
135 270
166 280
42 258
103 239
37 232
196 232
85 149
57 268
114 217
12 270
37 234
221 231
141 153
57 91
95 289
9 176
118 290
94 160
0 198
100 233
84 287
181 188
150 221
87 297
9 119
53 109
30 98
252 285
128 171
61 212
71 276
89 94
113 183
6 113
133 158
46 120
228 242
61 215
58 130
3 249
112 120
2 218
39 195
66 170
220 284
31 196
55 120
168 290
55 296
241 281
80 155
113 149
8 174
65 190
53 139
193 284
179 271
194 233
153 298
29 178
49 285
91 201
8 205
87 238
249 294
18 63
78 196
237 261
170 268
107 133
117 275
1 247
286 297
47 193
123 191
128 292
29 108
65 83
37 222
3 39
102 165
39 100
69 178
11 262
228 237
180 229
229 236
129 267
158 276
4 104
112 202
37 185
177 275
12 233
14 281
116 255
107 198
76 207
169 176
87 105
19 107
86 95
106 249
16 225
82 229
94 219
8 267
23 242
20 256
1 8
176 263
71 199
27 84
253 299
156 166
112 186
208 243
101 135
112 185
117 166
88 194
12 162
36 97
156 169
44 217
8 223
93 122
131 177
130 202
68 183
47 287
254 282
141 255
83 192
252 254
111 148
93 123
62 242
211 271
8 111
34 188
16 281
147 209
111 211
29 94
16 231
141 186
149 298
79 133
33 93
86 204
231 234
80 296
173 291
267 284
207 299
67 71
241 280
152 266
143 296
74 298
64 191
12 115
40 92
186 248
86 125
59 142
17 222
108 242
127 266
17 227
50 87
28 85
30 103
173 232
151 230
247 268
121 260
83 214
31 52
100 229
118 242
41 187
201 217
130 183
28 109
115 200
37 159
195 241
44 114
57 113
12 231
73 95
145 177
179 297
49 159
252 291
236 260
118 153
143 233
44 227
101 138
133 296
26 79
124 245
71 233
59 135
164 184
61 231
110 114
25 110
154 159
147 277
114 182
258 266
115 245
54 216
136 187
215 265
141 214
37 213
74 272
172 291
155 208
52 74
17 215
99 228
69 128
76 183
10 94
178 193
39 299
146 175
111 187
143 153
108 252
27 242
114 132
40 70
122 270
39 167
89 266
44 147
94 157
190 287
87 281
234 287
209 226
45 52
131 298
73 212
44 77
187 199
84 209
3 73
163 249
217 270
21 169
13 167
78 255
155 166
194 236
100 145
120 145
249 251
161 195
24 205
223 263
42 173
45 297
160 174
67 143
233 236
101 208
15 163
8 181
99 202
281 297
74 178
77 246
108 126
101 150
65 116
107 126
41 175
205 215
87 272
72 110
18 261
225 276
209 233
33 187
30 242
120 261
28 90
188 298
191 201
60 254
27 113
101 254
69 70
41 43
113 179
56 250
32 39
24 183
268 293
235 264
50 225
79 107
16 106
19 259
7 25
71 86
173 191
92 261
133 294
4 225
60 298
89 175
111 144
137 166
79 130
124 182
107 284
13 175
32 90
135 149
58 258
249 287
79 131
177 210
264 267
103 262
79 278
104 276
141 270
165 273
42 100
155 207
26 168
83 116
200 270
10 17
11 112
135 274
41 151
144 241
72 165
175 269
16 100
266 291
41 143
8 196
34 103
64 238
17 202
208 271
79 188
27 91
52 214
65 146
58 65
230 290
182 217
252 283
243 286
1 27
61 139
224 242
40 147
49 180
109 140
72 189
80 99
185 280
65 97
31 130
73 155
37 112
64 291
29 72
60 73
56 199
32 186
33 193
73 134
182 265
123 206
45 57
103 282
122 200
4 13
107 139
117 197
181 182
211 269
95 293
19 244
52 281
15 137
177 262
111 201
108 227
25 235
90 217
7 40
73 291
44 98
161 212
94 295
17 95
57 140
76 112
85 145
180 274
57 212
114 237
216 221
156 274
191 293
1 246
231 289
28 126
38 140
187 189
36 184
204 241
68 229
14 69
214 250
40 178
29 59
280 292
246 266
188 291
158 187
141 292
118 176
16 169
111 208
92 204
160 199
85 128
155 229
194 195
105 235
73 216
66 264
197 262
84 85
254 294
136 201
57 169
77 269
168 225
120 222
7 86
67 248
143 162
19 262
87 130
146 236
185 205
109 290
22 115
36 47
165 172
0 34
269 282
112 150
34 247
85 270
93 271
152 256
114 166
27 296
5 15
142 211
3 200
223 253
118 289
36 270
22 214
70 196
234 291
46 290
20 69
75 114
92 227
122 206
145 201
151 254
96 217
62 117
67 100
92 270
56 62
6 270
129 136
128 166
115 265
118 136
86 194
2 178
173 176
71 136
77 90
222 294
36 186
38 164
103 256
9 159
182 207
48 248
64 87
65 258
151 252
204 254
77 81
11 148
59 122
58 298
158 222
36 261
97 230
1 173
55 165
165 261
48 155
221 229
6 181
124 210
187 206
40 121
175 240
133 235
63 191
273 285
21 165
95 235
160 171
88 97
110 215
122 253
158 183
43 217
116 168
126 219
1 177
10 212
27 288
253 273
0 118
214 218
63 147
11 173
83 237
32 246
0 63
180 200
78 119
48 151
115 132
59 172
64 142
143 198
183 245
149 182
82 215
264 273
137 196
185 284
231 272
218 273
46 170
205 217
108 249
133 265
76 224
5 118
141 203
76 261
196 200
115 225
189 278
140 174
78 177
50 60
30 108
75 206
200 280
123 201
88 141
34 65
40 217
58 183
197 243
144 186
93 163
