100 2000
55
92
85
67
47
103
97
94
39
32
22
98
44
79
90
117
51
39
62
50
80
104
48
104
103
90
78
28
20
106
99
56
30
64
103
57
48
32
31
67
96
85
98
21
97
68
70
28
39
64
111
51
49
91
35
84
61
94
44
62
80
23
50
91
20
33
80
48
97
92
47
73
109
25
26
86
25
76
47
96
73
38
27
102
61
43
118
55
69
43
49
29
98
79
52
98
44
65
78
21
67 84
0 88
8 18
73 86
29 76
42 52
0 82
27 76
44 78
15 95
29 55
21 93
27 58
12 57
10 36
77 96
37 95
10 35
23 64
63 66
15 65
41 48
42 79
9 38
74 93
47 90
0 86
74 95
13 36
61 84
13 61
2 10
45 56
65 80
9 28
26 98
43 98
37 68
58 77
51 98
41 51
37 98
25 41
6 84
61 68
27 68
29 78
38 81
23 46
70 84
26 68
11 69
31 66
44 58
9 89
40 47
2 98
29 43
13 75
36 50
70 82
15 63
48 97
1 23
43 71
7 22
18 91
43 58
2 49
38 54
1 63
30 65
51 59
26 60
62 73
7 15
30 32
32 70
24 79
55 75
47 63
39 97
33 40
49 83
3 94
57 73
4 56
8 74
15 87
40 86
1 49
34 47
18 63
46 74
38 93
35 89
32 74
76 81
9 22
36 83
80 93
6 39
6 53
39 93
47 95
46 93
29 77
47 68
14 40
73 79
8 14
66 92
89 94
74 98
10 17
33 49
55 72
55 60
31 49
52 78
44 45
25 76
22 45
62 72
11 98
19 41
8 12
1 12
2 38
0 71
33 48
20 56
58 76
16 89
68 77
19 73
65 95
50 87
74 92
4 50
43 72
75 85
3 39
58 86
38 77
2 24
34 82
2 78
7 23
23 42
32 88
37 82
76 82
56 78
29 86
21 61
66 77
1 4
30 35
16 43
8 67
18 94
1 48
24 49
7 72
39 66
21 36
37 78
66 75
59 88
25 89
17 42
29 52
24 72
20 33
39 43
27 44
39 76
61 86
60 94
16 90
11 49
0 56
25 26
7 42
29 66
32 49
75 99
40 79
72 80
7 40
8 27
65 79
21 25
22 25
15 60
71 90
16 98
42 71
23 65
50 52
32 34
2 31
9 94
33 62
70 74
53 74
5 30
3 19
82 96
25 42
12 16
14 80
14 37
23 38
3 25
35 42
11 96
18 72
33 91
6 17
3 32
71 85
42 89
71 88
13 90
13 54
29 79
35 96
72 86
28 87
7 98
25 77
16 70
10 76
65 85
8 56
2 97
50 90
20 93
56 86
37 47
34 65
33 34
19 44
6 31
48 65
25 81
52 95
57 93
78 80
23 41
25 87
89 90
11 68
24 82
30 97
14 61
47 64
1 61
7 66
20 43
36 78
10 77
15 52
2 51
30 94
91 98
5 74
54 74
56 87
20 72
21 34
33 53
78 81
6 71
4 15
34 78
7 51
18 96
0 60
42 72
16 94
51 92
42 66
5 98
5 77
22 40
56 99
64 86
42 86
16 31
35 76
23 72
35 53
72 78
18 77
69 94
36 69
26 87
34 93
4 8
3 85
30 64
35 50
21 94
78 92
20 89
12 13
18 45
48 69
88 90
57 99
26 86
12 84
31 88
21 68
37 43
78 98
40 93
51 84
23 40
5 36
2 52
52 54
51 71
11 30
29 93
20 69
5 67
5 45
19 88
18 43
18 83
21 63
67 86
24 61
22 65
26 28
18 50
0 31
25 61
29 30
96 97
81 87
32 47
39 67
72 82
37 42
0 17
36 63
76 86
60 61
39 42
12 40
72 89
12 51
49 93
33 98
73 89
31 89
5 70
8 30
4 45
21 24
88 97
10 83
64 71
58 95
35 62
52 70
59 82
75 88
17 58
61 90
19 58
12 18
1 17
15 77
12 90
0 65
47 82
86 92
29 63
38 89
45 97
1 25
33 60
47 94
2 4
14 18
22 71
48 74
53 66
0 74
0 98
92 94
23 84
55 74
5 64
19 66
4 30
76 78
21 80
46 54
30 44
43 93
4 96
59 78
48 59
28 94
3 12
59 69
38 86
57 64
46 52
14 82
17 22
2 14
12 39
35 56
42 51
28 98
39 99
29 99
50 57
54 93
62 70
60 65
48 81
18 52
27 32
1 34
0 1
55 92
13 63
7 28
14 56
6 65
35 48
64 98
57 92
4 14
69 71
72 75
2 45
30 82
37 63
23 76
51 52
36 66
42 59
7 83
47 77
21 58
56 62
36 80
63 84
52 86
8 80
2 43
7 67
42 92
35 44
71 93
53 63
46 65
42 60
46 70
16 54
4 33
34 69
38 67
7 27
19 27
62 64
30 83
21 22
26 57
18 71
80 81
24 46
37 80
26 40
7 56
32 92
60 67
13 79
21 57
6 28
22 48
30 43
58 64
4 36
23 73
7 54
56 84
36 52
21 44
1 47
13 73
66 86
45 75
26 99
84 90
63 95
27 70
26 43
15 84
81 91
17 44
42 80
10 46
55 80
40 74
30 58
0 84
29 90
44 68
37 40
7 33
20 28
34 83
1 27
19 20
25 79
59 61
32 87
43 51
17 51
27 98
42 48
31 43
28 40
39 60
9 25
36 44
26 64
7 8
23 32
0 85
43 85
72 95
28 42
7 46
35 72
16 48
11 60
25 88
4 61
14 20
21 74
44 73
83 96
49 81
7 96
9 49
42 69
76 77
7 24
70 93
37 70
41 58
24 84
5 14
87 98
1 96
46 79
39 79
40 42
36 88
9 82
71 86
30 60
5 62
52 99
62 76
60 93
7 86
17 85
18 46
43 81
13 15
46 89
52 83
87 92
72 96
43 75
34 87
26 97
20 48
32 41
0 27
19 47
42 46
59 87
33 84
63 67
39 69
35 82
21 55
66 91
53 86
32 46
12 71
47 72
46 76
22 44
33 72
64 96
37 92
4 83
38 58
18 65
31 60
26 70
7 21
35 71
60 68
48 66
4 22
7 35
31 56
4 51
40 75
8 59
47 50
16 29
13 59
85 86
61 88
82 89
19 49
21 53
41 80
40 97
43 64
39 54
62 84
50 86
61 80
2 72
9 33
11 53
80 88
0 99
43 49
64 70
12 54
45 46
9 61
15 89
0 25
30 51
64 91
64 76
59 73
61 64
36 41
93 95
12 43
27 57
41 89
56 70
8 86
21 72
46 91
2 32
8 66
19 87
80 96
78 95
23 29
23 87
6 20
14 28
49 59
39 41
6 82
38 87
10 84
2 84
21 67
40 51
46 53
18 34
57 85
6 43
17 30
21 45
51 58
3 97
41 87
7 25
78 89
63 96
45 99
50 55
46 73
36 67
31 94
5 47
9 63
42 91
80 87
15 90
54 94
57 96
6 72
5 66
8 39
23 71
54 76
22 63
39 64
7 71
4 71
61 94
48 87
78 93
88 94
52 94
40 99
3 10
20 26
33 74
54 55
89 93
71 96
16 27
29 68
7 74
23 52
86 94
35 46
38 65
41 47
19 75
34 67
66 90
3 18
44 63
10 92
14 96
41 67
8 62
49 65
24 96
67 77
30 50
20 77
2 90
34 42
9 83
9 77
17 24
3 91
40 76
0 21
79 88
51 55
57 62
13 44
65 76
78 91
23 55
90 96
5 18
27 73
49 82
25 96
52 73
65 73
5 25
14 60
27 91
36 73
41 49
53 84
59 76
29 50
33 75
8 16
24 57
11 82
16 59
29 36
73 80
8 47
16 49
28 85
29 97
32 56
78 90
7 39
58 84
51 96
13 30
19 62
37 79
26 79
52 60
6 68
51 74
0 70
43 55
24 28
4 85
16 75
74 85
36 65
41 84
15 30
42 67
68 73
10 19
47 80
19 42
19 92
37 75
64 79
43 53
27 60
36 97
18 69
12 36
32 60
62 71
52 61
23 51
56 91
36 75
2 12
15 76
46 69
51 99
41 70
30 96
0 5
57 75
13 48
51 88
0 42
88 92
69 82
32 65
36 89
84 87
54 82
12 50
36 98
55 90
12 98
47 74
25 95
65 77
8 32
48 84
53 54
18 82
18 38
60 74
5 42
6 14
57 59
6 26
53 60
69 85
69 89
22 78
60 95
33 93
31 53
36 60
40 95
2 96
55 57
16 64
74 94
47 98
28 59
20 65
35 52
9 79
47 92
2 33
11 93
3 33
57 60
43 67
25 59
31 71
78 86
66 70
23 53
28 52
67 82
42 85
17 64
2 7
79 84
15 18
45 72
34 70
14 54
58 87
40 72
33 52
52 92
46 77
8 51
22 72
21 76
5 31
18 54
30 77
53 96
31 40
6 55
32 91
60 76
43 47
6 41
24 67
45 98
71 74
71 81
27 38
20 63
16 56
8 75
7 19
14 16
6 75
30 56
1 42
28 33
54 67
38 56
29 87
77 83
9 98
65 98
14 19
57 74
4 94
14 65
17 80
9 36
37 56
45 85
72 94
29 75
36 49
27 99
53 93
10 18
65 67
14 33
10 68
97 98
35 81
18 76
13 43
85 90
78 99
32 86
5 44
42 64
49 52
17 86
15 85
13 47
28 82
44 98
13 24
10 34
54 56
49 86
5 35
1 18
13 92
14 17
67 74
19 60
34 36
35 45
48 63
13 39
15 93
27 79
26 33
73 90
44 62
6 92
21 83
28 92
17 95
26 93
25 52
64 74
19 33
12 79
46 57
32 51
25 83
22 97
66 69
28 77
8 13
8 69
1 82
26 72
50 98
35 90
17 70
51 79
48 62
22 76
60 97
41 64
21 27
92 93
29 62
1 59
54 61
41 85
53 78
45 78
24 69
30 69
6 87
44 99
56 85
15 35
6 8
22 29
35 98
35 39
20 68
4 82
37 58
79 91
21 62
1 80
52 97
23 67
27 40
1 32
30 36
56 88
4 13
69 80
18 23
54 60
32 82
7 85
4 62
37 50
4 38
30 73
36 62
9 92
29 72
13 80
38 68
68 99
0 75
33 82
85 95
74 87
77 97
22 30
70 99
1 9
14 25
27 90
3 49
72 79
38 99
32 71
69 81
18 20
44 67
6 90
40 89
28 41
42 50
1 70
12 28
10 52
0 92
24 51
42 93
37 53
0 64
4 9
45 92
31 64
5 85
70 75
37 51
22 43
38 74
12 59
56 64
2 66
66 68
18 29
22 60
19 67
35 79
82 95
62 77
44 96
3 76
33 61
19 63
39 51
3 69
40 82
22 38
6 42
32 62
27 37
45 61
41 76
52 71
32 96
89 95
7 76
11 28
45 79
1 68
35 63
60 66
65 92
28 54
25 71
15 69
48 91
79 98
74 86
26 37
57 67
58 69
50 70
67 87
62 68
41 93
7 93
32 69
12 80
67 80
59 66
17 40
65 78
11 52
34 55
73 81
74 96
34 35
28 73
10 93
43 54
60 72
54 78
12 52
42 73
26 69
18 60
3 4
20 24
33 51
60 63
3 31
3 7
26 34
25 90
85 96
1 93
32 38
46 60
9 32
28 67
29 40
12 31
18 57
16 35
42 94
57 79
40 58
57 76
38 63
8 22
73 74
2 92
42 54
21 23
33 38
47 55
3 90
5 23
76 80
14 81
90 95
20 88
12 22
46 85
71 75
22 53
34 90
10 41
87 90
33 47
64 65
13 71
9 39
13 98
35 94
21 59
6 64
33 44
59 86
19 57
60 87
20 29
48 53
5 71
84 94
13 28
17 19
67 75
21 33
3 44
43 61
68 94
25 66
64 78
3 70
74 90
8 58
2 28
27 77
47 60
50 51
12 66
58 85
62 86
24 64
27 55
20 62
18 81
24 42
22 92
3 61
57 83
30 93
70 96
79 81
42 45
79 97
3 83
0 20
14 35
68 93
32 35
25 44
57 80
39 73
49 63
45 66
23 56
35 47
27 30
30 49
14 42
54 59
16 39
49 89
95 98
21 73
29 48
49 95
8 87
33 94
35 99
58 65
4 41
27 28
68 83
49 61
9 50
31 99
5 95
27 83
34 43
49 99
22 98
44 88
5 79
42 84
3 59
21 60
64 87
56 57
0 53
43 52
1 66
3 89
50 66
4 24
12 82
24 59
49 70
79 87
32 95
44 56
17 20
25 32
29 37
43 78
67 97
51 86
29 33
9 21
40 65
27 36
5 94
75 93
8 52
86 87
84 95
6 96
14 48
6 33
44 79
22 35
65 71
27 67
15 39
5 87
63 99
83 97
11 13
7 69
64 92
26 51
23 69
43 95
3 55
56 94
29 85
50 56
58 72
8 71
16 95
24 29
76 83
7 52
47 54
5 76
17 99
84 98
8 85
9 85
83 88
7 65
17 37
18 25
23 33
33 36
70 91
28 96
16 79
38 97
70 71
14 83
42 90
28 75
72 93
8 81
30 63
29 44
10 60
2 89
82 85
3 53
45 90
18 95
21 40
42 81
6 74
2 74
14 64
93 98
8 93
34 94
36 45
32 64
27 85
34 58
20 76
39 46
3 34
3 62
60 73
2 68
9 81
14 91
65 86
26 84
11 18
13 29
7 59
10 78
10 21
4 81
17 68
51 56
10 28
11 14
28 95
39 92
33 35
34 54
45 88
29 60
30 90
33 41
50 71
12 73
39 82
32 80
6 47
36 71
39 71
58 93
17 55
34 98
84 97
25 97
17 82
41 43
75 97
37 83
4 69
6 73
12 27
77 85
57 94
40 43
51 77
0 57
54 92
70 77
11 76
20 73
55 86
11 43
22 80
47 99
64 69
7 64
15 17
68 91
68 95
40 49
68 87
48 79
70 83
9 29
18 26
50 81
15 83
25 30
26 50
68 97
28 89
12 77
44 76
60 99
42 56
1 10
16 65
17 50
92 95
83 89
36 79
49 64
56 92
16 93
1 91
10 12
11 66
40 63
48 64
2 13
32 53
28 31
59 63
8 20
24 53
6 63
28 86
17 53
10 91
7 53
12 67
17 39
1 21
50 79
2 26
41 61
21 26
21 86
8 10
32 48
1 36
27 53
7 11
24 86
27 93
61 73
67 78
56 74
33 42
4 73
5 41
9 58
46 96
21 43
39 70
20 35
8 42
2 27
10 16
8 46
13 93
4 76
23 85
55 83
5 11
27 46
0 87
7 29
54 86
6 69
50 78
4 95
43 80
18 99
18 73
45 93
57 58
86 98
37 55
14 38
67 92
1 65
9 55
13 76
9 18
52 72
20 70
80 97
73 82
20 59
58 61
3 74
64 93
19 81
48 52
19 56
12 35
46 83
7 38
23 48
93 97
64 83
82 92
12 45
84 99
18 53
20 58
22 42
7 26
21 98
85 88
5 50
72 98
14 39
15 42
46 75
21 88
43 70
20 45
19 22
10 11
41 99
52 67
20 27
70 87
47 86
21 35
69 87
58 94
51 57
0 79
61 63
2 91
10 55
52 62
31 74
13 34
2 82
37 99
55 69
1 76
79 86
47 67
20 85
22 83
0 97
16 63
43 94
49 91
12 20
43 50
73 77
63 92
23 93
13 77
29 81
60 89
9 59
1 30
15 23
81 88
10 33
68 69
16 85
3 35
25 94
9 60
37 69
74 80
24 55
14 75
2 57
19 61
9 87
22 32
1 24
70 95
31 50
55 76
18 36
83 92
68 92
24 48
12 65
89 96
36 93
25 98
50 80
52 98
32 67
2 81
16 55
23 94
3 57
55 67
13 91
64 88
30 62
19 25
68 74
77 91
7 77
46 66
13 51
14 21
13 74
13 27
15 43
1 97
76 91
28 50
72 97
59 85
5 26
51 78
70 73
44 97
9 42
30 46
19 35
11 79
87 91
51 94
17 73
61 67
80 85
53 58
9 96
5 78
31 51
49 90
13 25
20 92
7 36
49 50
4 88
55 78
0 18
4 12
33 71
32 39
83 86
70 76
5 28
30 91
23 66
22 79
58 82
5 86
20 53
29 82
57 65
45 77
26 76
14 67
67 72
30 31
11 34
65 91
0 28
30 80
2 50
50 91
20 37
4 11
31 35
46 48
10 38
78 88
24 93
4 54
12 58
32 93
26 61
10 20
4 43
29 73
13 31
16 73
2 79
3 77
66 97
40 73
63 77
8 33
58 81
46 63
4 40
13 56
41 88
4 67
29 95
8 24
9 51
63 65
22 88
45 69
28 49
66 79
6 95
91 97
9 53
5 59
19 82
26 29
39 87
77 88
15 92
22 33
48 82
31 84
50 77
63 72
5 27
14 58
38 71
92 96
48 85
40 59
30 74
13 49
51 76
7 75
30 66
40 66
19 36
63 88
74 77
52 76
66 82
33 79
42 55
33 56
37 84
33 66
3 64
98 99
19 43
5 7
4 99
41 81
7 81
18 67
4 91
65 93
8 50
49 92
34 88
62 99
6 98
29 57
2 71
39 88
5 72
26 80
25 47
62 88
8 84
35 65
18 89
9 88
29 54
38 72
42 97
22 90
25 56
4 75
80 86
4 70
48 58
65 83
20 41
26 73
23 83
81 94
49 98
13 52
10 30
57 88
38 43
9 68
21 47
18 56
12 70
1 51
5 10
51 65
25 37
86 97
24 33
55 73
45 48
6 7
48 61
6 86
25 43
68 90
70 72
55 59
10 47
16 19
32 54
17 63
55 70
6 18
53 72
21 30
3 87
43 46
15 50
63 87
9 66
18 39
57 68
15 88
9 37
64 67
51 89
7 82
0 61
18 98
21 39
32 72
80 99
27 94
16 17
76 98
53 56
45 94
27 84
73 87
69 79
33 92
62 95
22 47
34 71
75 80
38 52
4 77
35 78
22 36
60 80
9 86
38 50
57 69
45 73
25 51
13 97
2 65
86 90
48 50
34 92
8 64
4 49
46 88
12 47
9 40
12 42
50 74
14 32
14 24
0 52
16 21
20 32
33 87
27 31
94 96
21 69
6 46
35 67
1 41
85 91
10 37
15 62
81 89
23 58
5 90
10 40
73 95
7 90
29 69
11 15
46 87
26 47
63 80
4 20
13 95
4 27
20 25
15 67
0 10
9 52
9 11
53 90
64 75
31 37
44 57
84 85
20 71
43 60
62 92
64 97
54 96
18 44
23 81
40 44
47 83
57 91
73 97
54 89
5 46
42 44
18 30
47 84
28 83
59 60
5 91
89 99
90 98
24 99
22 89
28 71
