300 2000
38
35
50
67
63
68
45
52
41
20
103
91
67
98
66
73
69
95
35
82
74
112
72
45
115
32
112
61
78
44
119
48
111
101
95
106
50
72
38
71
72
73
94
72
104
41
25
53
68
92
67
23
36
119
100
31
83
92
25
93
68
24
74
111
57
49
97
87
102
68
91
106
21
117
58
105
38
115
90
87
40
37
42
108
89
22
72
104
47
29
78
47
85
32
39
22
113
68
90
47
116
113
86
70
110
76
55
81
24
26
48
44
95
22
84
64
76
36
101
55
45
59
83
110
23
54
113
68
102
35
96
99
80
62
101
70
70
36
83
74
94
111
98
22
65
63
118
22
31
99
57
57
90
72
99
93
106
92
42
89
59
70
20
119
64
101
22
114
69
85
69
96
29
99
98
74
42
96
28
106
76
118
43
46
70
74
72
57
99
46
78
38
96
30
38
40
111
92
34
112
57
35
88
118
115
66
25
89
43
33
75
99
83
50
77
34
105
29
71
84
55
81
102
31
91
72
103
34
96
70
26
86
85
47
84
80
93
89
50
68
55
57
99
118
88
57
84
73
118
35
89
54
48
23
117
119
28
53
85
104
103
44
70
20
71
87
81
96
108
63
45
43
100
76
94
20
65
58
25
64
26
94
50
54
50
99
106
58
32
71
94
67
95
45
68
98
112
81
75
52
173 205
130 291
214 288
50 252
73 297
4 117
37 233
18 68
6 68
21 86
32 168
10 275
21 212
176 187
41 272
133 214
15 264
3 181
66 133
53 191
2 57
39 228
49 291
109 111
107 130
191 197
51 259
124 166
54 172
1 213
78 134
146 179
60 150
201 216
193 254
107 248
12 88
55 287
97 189
166 296
115 279
82 240
75 106
207 299
212 260
43 264
143 146
241 297
142 204
149 265
97 125
97 109
137 265
154 216
82 286
17 202
142 197
100 272
1 59
265 271
19 287
8 165
1 131
87 214
144 180
236 293
57 86
22 154
70 223
228 261
130 152
101 278
130 273
74 274
208 291
52 137
126 268
40 53
55 249
43 272
29 242
96 129
103 104
31 166
65 70
96 162
172 187
226 298
116 213
147 204
76 284
202 256
4 10
59 243
215 259
155 254
284 297
50 100
89 269
132 206
46 91
2 15
229 233
65 198
97 213
102 173
111 249
76 254
71 173
65 184
38 220
35 138
205 241
46 136
20 262
4 53
7 118
51 121
186 236
1 85
151 155
101 258
86 266
107 139
172 209
76 248
145 214
35 102
207 223
148 169
152 243
61 275
96 211
164 199
34 217
186 284
73 295
39 287
81 146
231 291
7 18
163 291
26 273
181 265
165 250
102 245
70 129
33 59
275 277
12 233
193 217
250 266
237 264
46 57
83 288
89 153
47 132
21 69
86 158
160 254
4 108
74 106
165 238
159 215
92 140
85 279
62 229
26 51
109 218
53 72
149 213
197 207
28 45
256 270
114 224
116 118
32 274
244 270
104 139
32 238
217 248
10 117
147 221
37 65
30 161
171 231
78 127
128 224
98 158
180 272
22 49
107 143
23 139
129 215
67 295
244 247
116 285
6 184
37 43
1 119
172 257
51 84
2 231
8 160
30 241
104 185
80 290
13 211
41 219
228 267
160 227
197 263
96 269
81 185
65 135
22 57
59 108
114 158
91 218
121 274
159 211
201 278
189 291
263 267
247 282
143 282
175 245
23 40
174 214
208 279
61 265
53 120
125 211
217 286
13 182
41 90
68 224
268 295
10 262
44 283
209 265
136 187
210 280
124 159
120 206
156 267
85 209
139 263
126 173
55 232
22 139
96 115
83 143
105 153
118 249
15 83
137 203
169 293
63 170
75 183
26 94
20 235
283 285
108 111
163 215
2 290
12 170
155 185
90 253
13 124
39 80
207 228
201 283
97 98
71 224
149 281
54 70
56 84
89 245
5 167
160 222
47 224
92 232
80 97
22 145
61 221
129 225
260 290
82 139
59 205
92 116
54 186
146 190
236 242
162 187
48 293
84 92
228 272
24 104
77 98
249 299
211 226
180 253
14 187
93 246
219 261
25 90
147 237
90 215
103 225
4 218
88 203
10 175
68 86
32 145
33 184
147 196
128 260
101 199
142 246
113 145
207 235
54 138
106 224
149 196
200 261
119 164
40 129
91 108
175 267
6 203
209 254
51 221
83 152
120 277
17 150
57 91
4 281
163 229
60 139
250 260
53 68
131 160
99 213
87 219
2 296
53 174
9 269
89 257
107 286
106 129
111 216
80 163
2 40
140 222
152 155
172 223
4 205
135 171
103 223
90 157
16 271
211 241
77 220
82 116
28 189
244 245
52 108
76 144
163 216
18 66
121 239
78 293
181 243
98 249
92 156
127 255
160 218
120 238
139 255
54 219
51 144
215 248
212 292
75 92
210 260
81 145
149 190
144 212
71 161
227 242
5 250
107 166
168 279
7 156
234 262
130 278
65 194
78 277
222 238
104 198
1 133
32 282
192 244
15 127
121 157
215 243
71 102
133 240
41 81
16 299
3 30
120 146
276 277
98 214
199 254
32 164
196 256
15 200
192 194
102 215
67 210
17 139
12 202
131 146
182 243
162 298
60 212
118 188
37 216
154 237
19 223
179 269
36 215
79 160
46 230
50 262
9 31
73 241
72 285
219 228
6 133
226 271
44 246
211 283
13 66
236 272
85 294
52 167
30 298
13 212
44 226
53 63
9 56
179 294
98 128
186 274
200 284
157 230
121 297
10 265
187 290
24 298
165 284
66 128
93 163
131 259
71 246
65 81
2 244
127 182
94 102
69 78
54 278
51 60
78 151
90 113
111 120
104 114
28 295
191 222
88 106
151 159
52 216
107 292
120 212
6 289
110 274
28 137
141 197
80 292
27 245
83 147
57 249
3 85
244 278
29 84
84 232
188 244
148 288
60 295
37 108
118 134
147 255
40 163
205 295
85 284
220 240
49 132
135 221
135 218
165 216
2 249
148 298
48 138
185 287
147 160
222 278
122 282
145 286
191 214
192 299
132 175
59 271
182 193
69 247
111 112
165 285
62 185
164 252
203 233
93 137
50 112
32 71
109 234
148 229
0 173
200 228
6 171
240 287
64 234
9 227
46 99
93 161
231 257
54 160
9 262
132 166
47 152
28 242
53 294
5 202
208 222
176 262
148 293
209 248
47 220
7 13
208 290
22 125
182 206
180 215
98 145
99 244
3 93
108 272
88 174
62 113
82 289
24 282
34 273
243 255
72 250
33 268
43 240
146 158
90 277
113 122
241 265
118 296
58 91
217 265
100 261
37 258
82 293
26 62
135 248
268 276
168 269
63 78
41 115
169 281
162 215
34 246
4 158
125 262
90 255
216 231
189 190
5 25
120 182
51 182
79 255
175 203
100 266
216 253
7 174
223 249
36 195
194 257
82 251
206 208
139 224
115 174
29 232
140 263
52 243
7 198
74 153
175 234
119 187
143 179
92 114
102 150
39 111
42 97
5 245
169 249
175 197
36 278
107 228
159 241
191 223
218 298
44 152
216 225
40 68
95 206
212 249
56 251
112 205
45 57
211 294
108 278
67 222
29 138
131 295
219 241
23 159
119 217
12 194
35 104
182 262
10 226
118 183
47 229
24 274
104 287
21 135
147 243
202 285
24 197
116 265
139 168
125 137
11 189
31 98
45 281
55 271
200 264
227 249
120 236
248 255
135 243
120 209
159 267
237 285
27 128
162 165
51 139
196 238
96 242
203 271
187 265
128 218
130 203
24 145
66 93
31 202
88 241
55 74
11 100
92 179
192 254
83 96
5 293
21 153
44 287
237 284
187 222
67 211
185 212
139 243
0 184
108 214
36 277
200 215
155 169
12 253
57 212
26 118
96 123
152 226
107 163
75 294
194 282
206 220
159 201
59 211
137 273
19 173
3 272
140 224
179 204
143 229
13 256
161 261
79 188
14 238
103 141
138 232
35 190
58 194
91 117
158 228
143 177
153 198
46 201
80 122
52 250
16 224
60 237
177 191
33 129
61 84
120 171
66 95
98 224
76 293
154 229
55 243
66 275
188 278
118 164
178 294
153 223
31 121
115 250
64 199
63 235
67 71
190 216
66 215
166 291
20 112
55 272
0 128
68 173
30 291
24 284
137 221
42 247
114 168
44 284
66 108
189 219
175 187
79 90
6 246
133 170
18 158
198 277
151 158
188 266
194 250
168 264
88 263
8 262
7 130
248 293
115 264
42 137
204 269
185 262
18 267
132 285
161 228
86 184
26 259
42 153
127 293
58 89
1 188
96 294
136 263
11 25
6 215
191 294
177 261
61 261
190 299
222 235
28 235
107 137
246 290
73 149
35 207
37 214
11 147
35 83
94 274
32 61
61 107
223 238
121 237
120 299
127 222
55 155
209 244
155 262
164 287
22 280
123 194
23 111
205 247
58 232
93 171
16 155
240 279
93 152
145 177
56 272
79 119
28 263
23 226
10 235
142 215
17 85
109 196
40 67
99 143
51 289
67 270
1 144
59 289
153 236
134 177
44 253
8 33
32 286
94 268
128 235
145 231
45 128
164 238
23 37
12 215
59 282
113 208
42 198
18 30
84 196
75 90
135 204
123 288
121 144
1 135
66 131
176 198
136 246
22 40
7 225
37 86
290 295
32 150
168 193
29 62
116 189
21 119
24 295
61 197
191 196
22 198
15 149
251 261
43 285
35 263
51 122
0 41
117 150
62 125
70 239
91 187
181 263
205 260
10 21
155 201
105 270
275 285
254 278
292 298
22 34
125 255
208 255
25 166
43 157
139 279
166 282
215 245
7 148
28 208
155 236
88 214
80 205
236 291
61 87
94 199
276 279
3 74
167 282
109 150
24 149
27 147
155 197
175 225
97 115
103 111
199 252
18 210
6 31
170 253
120 205
151 264
19 181
101 226
1 35
3 202
111 150
9 230
57 157
225 286
97 255
28 259
48 98
131 221
105 175
1 225
17 80
13 76
36 54
90 114
117 141
253 292
20 274
14 129
52 132
54 139
135 202
150 250
72 233
38 82
135 247
15 27
144 153
40 189
155 250
31 92
24 97
44 298
163 174
182 215
73 280
117 167
120 224
101 296
191 254
89 243
259 270
103 242
62 184
53 269
197 215
291 294
90 294
42 157
16 276
49 125
50 242
216 274
17 114
68 270
213 261
158 220
152 235
49 75
88 180
19 56
65 78
99 124
141 207
224 282
107 118
25 168
101 241
194 268
11 164
24 36
129 246
116 244
71 151
165 239
236 251
47 81
53 147
206 261
240 288
158 237
47 262
78 200
255 272
18 168
136 257
17 42
203 286
54 133
51 109
46 61
39 93
93 194
100 240
54 281
40 43
139 191
57 270
40 64
242 260
83 131
125 269
173 200
86 164
273 279
77 137
86 176
171 281
21 163
81 127
174 196
88 170
13 279
105 110
44 52
118 127
87 235
136 252
12 168
222 292
111 142
69 280
39 292
95 208
104 188
21 59
34 244
38 54
134 140
10 159
94 261
97 266
110 282
134 256
28 154
67 223
9 159
22 268
176 220
108 169
32 190
219 277
10 225
31 117
144 190
106 127
37 276
19 124
86 258
28 240
147 287
48 216
6 236
122 226
112 292
35 144
182 254
159 173
205 264
28 161
147 207
184 267
143 184
22 256
36 101
15 140
183 231
190 240
63 167
31 168
55 203
227 289
101 210
149 226
58 229
87 257
106 137
73 194
202 249
95 103
110 238
121 295
93 236
12 63
51 232
43 106
23 187
147 149
48 124
128 234
267 278
167 191
126 137
127 240
39 87
230 277
250 278
43 151
198 265
123 151
138 174
39 270
50 71
36 167
49 135
216 280
13 117
140 208
157 295
123 186
101 245
37 41
4 67
84 149
52 254
92 207
227 229
29 132
0 51
66 101
46 238
17 251
215 277
72 92
215 273
11 270
16 48
11 83
104 160
59 219
126 213
192 203
87 107
160 273
91 139
77 261
31 189
81 105
8 173
33 229
140 240
4 156
15 289
145 291
228 262
193 256
88 160
85 247
110 299
107 138
121 202
91 268
49 152
160 196
126 274
114 246
66 250
22 107
17 65
27 261
167 190
27 121
114 173
138 274
11 40
31 95
183 247
80 132
158 159
105 258
76 272
46 107
125 236
111 241
122 190
65 202
57 76
92 224
230 249
12 250
22 45
96 206
44 228
38 255
139 296
111 113
124 220
60 210
73 97
1 272
204 264
37 73
129 280
49 281
112 299
134 293
44 89
88 92
70 182
96 209
178 209
3 72
181 282
56 117
21 40
53 197
221 247
33 34
79 246
220 291
64 221
131 291
227 247
177 200
24 188
70 232
7 48
101 115
104 165
238 239
136 196
43 117
83 129
30 203
175 208
73 181
256 291
172 238
124 236
124 168
100 149
208 246
47 200
65 75
66 203
55 99
150 202
38 269
172 279
120 240
99 245
90 121
29 189
170 197
14 71
12 49
31 250
60 158
67 263
175 224
115 179
25 84
5 217
89 256
107 297
34 118
197 287
164 278
87 177
227 243
210 277
242 255
67 279
46 100
31 77
198 273
256 299
225 282
4 290
14 53
97 100
171 294
88 139
25 68
175 252
11 137
19 281
79 260
86 232
59 169
9 32
17 67
49 83
139 294
8 91
188 192
64 160
51 235
152 260
79 120
131 264
216 246
48 202
206 289
17 32
93 210
102 278
110 185
79 104
25 171
164 217
76 111
33 46
127 237
58 247
16 23
131 285
33 269
85 227
74 117
285 297
99 210
15 72
94 284
9 228
17 92
129 279
12 220
47 227
250 286
18 47
90 257
254 257
75 219
105 142
90 291
271 288
6 151
115 130
35 187
114 195
135 145
100 182
161 163
164 219
127 191
59 201
69 217
44 207
13 288
155 227
3 58
119 233
120 241
136 206
41 286
139 281
196 275
0 139
115 244
19 227
145 288
104 296
23 169
24 68
135 235
76 243
107 149
94 212
243 245
218 233
193 233
9 110
181 229
74 236
169 284
231 254
100 268
30 37
177 280
12 161
104 216
75 140
104 253
169 196
101 154
167 294
29 140
55 69
210 291
79 144
127 275
86 296
116 227
85 156
148 246
116 168
50 60
55 192
61 164
4 265
223 268
108 260
15 252
177 214
59 73
86 293
131 200
134 180
219 299
36 148
165 257
264 267
17 208
75 182
22 79
199 290
54 211
58 98
275 279
90 272
17 49
1 176
11 149
148 181
218 282
48 200
65 175
167 192
273 294
126 295
78 125
37 179
135 289
237 268
163 261
58 264
279 287
128 265
50 147
28 32
65 129
284 292
152 194
184 219
63 198
24 267
4 141
192 193
55 151
154 261
19 133
248 284
13 50
94 183
0 135
119 223
169 292
23 229
133 246
112 201
4 15
146 218
53 111
130 180
180 238
166 252
50 283
98 118
50 73
43 289
13 294
134 272
16 287
242 285
106 201
186 268
85 110
187 221
119 138
76 103
51 269
34 80
71 178
122 152
3 194
217 297
207 241
132 246
9 126
210 231
169 232
94 178
117 254
15 92
170 236
169 288
139 249
74 263
180 227
85 183
54 173
80 233
65 295
56 78
9 243
175 266
178 196
185 269
36 66
2 277
198 206
117 200
60 132
96 197
15 269
0 251
101 298
65 231
54 60
72 240
170 235
35 55
33 292
89 250
184 283
48 183
53 160
15 201
58 83
61 170
23 83
60 201
166 254
246 261
239 249
116 260
172 205
47 198
148 292
72 196
125 176
109 243
26 167
78 248
214 228
29 115
128 207
146 275
77 144
106 283
16 153
25 233
30 245
139 291
70 241
19 58
18 286
42 233
27 100
123 286
99 281
110 132
243 290
11 145
78 143
88 236
105 212
102 294
94 103
44 185
164 243
115 234
101 281
28 60
152 253
46 234
230 251
97 246
220 242
9 115
52 285
154 254
31 109
0 216
153 164
21 211
151 192
122 179
5 75
31 51
10 34
107 282
254 280
41 101
70 174
122 138
145 211
28 294
29 254
160 210
121 245
96 181
3 66
71 276
7 78
140 174
94 208
74 299
153 163
168 285
58 79
107 291
187 203
37 210
216 248
70 162
121 251
239 258
6 234
62 136
289 294
29 88
28 197
112 214
82 233
13 97
141 256
56 96
93 144
6 112
41 128
215 274
131 233
137 154
219 269
26 265
55 258
53 207
135 268
20 69
102 169
82 295
178 190
74 92
150 283
77 186
31 161
44 162
146 198
52 117
78 167
83 177
133 188
20 85
105 156
11 89
26 223
6 256
113 150
30 149
84 226
182 270
28 246
50 220
140 197
32 128
13 17
102 221
34 77
123 259
38 140
99 199
212 294
49 77
113 154
39 46
228 238
61 237
8 34
205 287
116 174
238 243
159 181
98 215
109 288
39 181
138 147
80 194
102 129
216 271
17 36
7 274
253 263
3 155
81 210
119 148
52 76
59 174
59 284
183 281
61 249
51 77
48 242
19 278
65 79
5 62
200 268
15 55
142 188
126 264
195 238
139 215
38 175
19 274
58 223
132 188
26 74
46 288
54 105
110 177
77 168
130 184
154 184
72 162
40 48
88 295
278 279
16 210
87 265
159 271
186 205
46 193
203 284
161 299
65 168
195 290
104 226
18 101
150 298
58 138
37 145
108 118
24 105
245 292
41 152
14 90
74 140
139 269
34 287
59 277
163 230
83 203
181 253
233 240
91 131
29 261
186 239
283 286
27 183
135 152
274 277
166 218
51 188
57 90
117 222
119 204
162 288
27 273
154 171
104 235
43 184
170 173
27 57
214 250
224 261
179 192
142 295
119 199
42 138
16 257
297 298
32 38
64 117
168 282
225 264
43 89
34 39
9 295
157 227
46 249
87 109
125 140
96 191
128 174
85 281
45 240
202 274
6 214
141 230
283 284
70 273
22 282
90 118
97 236
237 299
108 143
36 76
172 234
108 279
1 260
246 293
6 200
220 267
161 259
202 243
144 175
65 218
157 183
8 145
8 280
82 176
116 158
102 212
31 243
84 263
203 209
77 209
96 109
120 181
83 257
63 153
10 181
72 168
64 132
65 97
148 192
9 25
89 163
126 232
135 225
35 54
45 197
151 278
69 160
14 72
66 138
182 292
58 270
163 279
4 258
139 293
106 225
83 266
53 113
138 158
2 41
72 136
250 253
19 257
23 75
67 209
180 205
177 237
95 135
71 293
39 152
210 258
16 228
93 129
282 283
36 39
24 176
30 108
117 178
49 253
192 259
21 150
191 198
38 87
34 132
161 238
71 171
188 248
41 52
17 86
25 57
49 122
131 215
100 181
45 169
140 242
83 195
192 282
121 278
114 282
38 216
105 164
157 226
206 295
231 295
104 118
32 89
5 57
97 226
50 289
220 245
72 112
245 279
91 94
7 227
84 132
110 224
130 294
105 289
113 262
159 197
12 103
113 160
70 210
86 120
58 199
23 66
45 171
262 268
191 247
21 75
84 297
78 237
95 127
119 292
57 279
160 242
43 55
21 165
159 266
104 218
89 293
201 261
93 103
176 209
220 293
174 210
53 123
5 242
62 98
40 273
69 274
95 295
113 234
207 272
83 125
76 266
89 278
121 123
49 50
95 223
5 218
127 213
124 238
151 219
59 66
46 146
105 232
