150 250
92
20
56
40
60
93
92
113
60
118
75
76
24
117
76
91
96
102
30
68
68
42
36
27
21
87
46
47
89
86
117
61
38
53
81
79
26
106
72
119
104
79
75
108
28
83
31
104
66
93
104
66
115
20
25
68
87
104
95
109
70
93
50
41
78
64
52
85
50
56
84
86
115
91
26
23
54
37
60
52
110
44
98
57
97
56
57
116
40
32
105
42
57
88
63
116
84
95
33
66
31
49
32
78
20
38
34
54
107
74
39
49
50
117
38
79
105
75
76
25
39
113
100
77
33
43
25
97
71
38
95
34
67
107
93
119
77
107
105
64
113
24
93
95
74
111
55
59
66
63
33 39
99 127
29 40
15 98
17 134
83 108
40 146
19 83
6 21
79 99
95 146
79 128
7 24
16 80
60 134
2 76
17 77
98 129
117 144
98 101
56 64
87 104
52 106
37 126
14 38
55 63
33 133
43 142
72 109
59 71
108 135
27 73
52 62
27 82
99 125
13 85
31 74
19 136
56 82
97 112
17 147
62 130
54 102
23 113
28 82
34 136
108 119
13 84
40 62
16 63
67 101
98 128
78 147
10 136
98 106
9 103
17 71
21 135
61 125
3 134
45 71
15 41
81 106
99 143
17 48
109 115
20 87
98 116
85 102
11 93
20 51
46 120
31 92
119 142
28 92
25 138
66 99
30 55
23 56
71 76
35 73
89 93
24 55
94 109
7 105
104 110
0 27
81 119
84 125
78 141
3 16
5 118
23 134
59 87
13 79
2 33
100 122
125 148
27 144
91 99
47 126
128 143
77 148
5 41
8 58
26 109
65 93
3 50
55 129
68 88
34 71
60 84
87 98
78 84
23 79
70 77
107 123
100 105
102 105
10 48
7 16
37 81
3 87
58 136
107 118
54 146
28 56
126 138
45 118
68 112
92 99
41 57
65 141
17 64
113 149
15 80
117 120
123 148
37 54
74 129
19 135
30 102
64 138
1 87
58 94
25 46
111 137
95 136
25 74
44 53
52 142
70 98
89 101
22 135
1 31
59 68
11 73
1 113
2 127
36 102
148 149
113 135
58 110
34 122
77 83
127 130
50 129
75 120
54 98
7 137
1 66
55 126
56 129
89 107
42 110
45 108
8 41
53 146
67 118
52 87
45 119
30 77
72 105
99 126
105 107
9 15
70 75
55 135
29 127
41 64
19 109
0 112
117 146
15 86
4 16
41 113
71 123
92 97
78 94
73 86
51 140
28 147
34 61
83 142
11 147
30 33
8 33
28 44
59 81
16 149
57 63
15 89
9 30
11 36
12 103
4 97
33 115
18 30
42 107
68 141
76 124
19 76
60 104
121 130
96 111
28 126
35 111
123 136
89 122
37 121
92 146
81 117
109 147
1 119
69 91
12 66
88 146
2 137
50 117
12 123
54 63
0 40
67 78
26 39
70 115
10 118
57 127
49 69
26 50
38 118
