jpr_10_10_1,4,174,1.30407
jpr_10_10_2,5,159,1.51579
jpr_10_10_3,4,232,1.22466
jpr_10_10_4,4,184,1.27585
jpr_10_10_5,4,308,1.50405
jpr_10_10_6,4,268,1.41075
jpr_10_10_7,4,220,1.38914
jpr_10_10_8,5,372,1.62622
jpr_10_10_9,5,234,1.52984
jpr_10_10_10,4,215,1.2982
jpr_10_20_1,5,271,1.72802
jpr_10_20_2,7,257,2.32664
jpr_10_20_3,6,334,1.99761
jpr_10_20_4,6,311,1.90268
jpr_10_20_5,6,262,1.9707
jpr_10_20_6,6,323,1.99865
jpr_10_20_7,6,403,1.97807
jpr_10_20_8,6,458,2.08642
jpr_10_20_9,6,400,2.15596
jpr_10_20_10,6,388,1.99132
jpr_10_30_1,8,439,2.68658
jpr_10_30_2,7,563,2.44391
jpr_10_30_3,7,537,2.39151
jpr_10_30_4,8,325,2.59855
jpr_10_30_5,7,391,2.34507
jpr_10_30_6,7,386,2.4423
jpr_10_30_7,6,395,2.1163
jpr_10_30_8,7,447,2.39055
jpr_10_30_9,7,418,2.47339
jpr_10_30_10,7,445,2.35629
jpr_10_40_1,8,526,2.78128
jpr_10_40_2,8,496,2.82899
jpr_10_40_3,8,557,2.87149
jpr_10_40_4,8,426,2.83247
jpr_10_40_5,8,449,2.73083
jpr_10_40_6,8,475,2.91907
jpr_10_40_7,8,309,2.90243
jpr_10_40_8,8,579,2.72401
jpr_10_40_9,8,467,2.84603
jpr_10_40_10,8,524,2.7986
jpr_15_20_1,6,464,2.66866
jpr_15_20_2,8,327,3.52172
jpr_15_20_3,6,395,2.80414
jpr_15_20_4,7,467,3.04025
jpr_15_20_5,7,333,3.16292
jpr_15_20_6,7,453,3.20384
jpr_15_20_7,7,406,2.9032
jpr_15_20_8,8,472,4.09985
jpr_15_20_9,9,435,3.78535
jpr_15_20_10,8,576,3.77121
jpr_15_40_1,9,550,4.51888
jpr_15_40_2,9,526,8.65541
jpr_15_40_3,10,626,4.66538
jpr_15_40_4,10,519,4.61963
jpr_15_40_5,10,595,4.78953
jpr_15_40_6,9,619,4.21255
jpr_15_40_7,10,606,4.67063
jpr_15_40_8,9,588,4.20943
jpr_15_40_9,11,660,5.09883
jpr_15_40_10,10,681,4.75935
jpr_15_60_1,11,755,5.4418
jpr_15_60_2,12,671,6.17746
jpr_15_60_3,12,731,5.98412
jpr_15_60_4,10,606,5.12451
jpr_15_60_5,11,737,5.59445
jpr_15_60_6,11,750,5.8169
jpr_15_60_7,11,743,5.44133
jpr_15_60_8,11,768,5.43161
jpr_15_60_9,12,825,5.77607
jpr_15_60_10,11,593,5.57123
jpr_15_80_1,12,661,6.55981
jpr_15_80_2,12,702,6.13058
jpr_15_80_3,12,884,6.23944
jpr_15_80_4,12,776,6.99645
jpr_15_80_5,12,828,8.83672
jpr_15_80_6,12,697,6.13974
jpr_15_80_7,12,862,6.20836
jpr_15_80_8,12,852,6.41725
jpr_15_80_9,12,777,6.13061
jpr_15_80_10,12,750,5.97724
jpr_15_100_1,13,837,6.87368
jpr_15_100_2,13,723,6.87591
jpr_15_100_3,13,805,6.78501
jpr_15_100_4,13,866,6.94745
jpr_15_100_5,13,835,6.91313
jpr_15_100_6,13,971,6.85802
jpr_15_100_7,14,865,7.32446
jpr_15_100_8,13,863,12.179
jpr_15_100_9,14,877,7.25535
jpr_15_100_10,13,767,6.79283
jpr_20_20_1,9,430,4.80986
jpr_20_20_2,9,501,4.6509
jpr_20_20_3,10,662,5.25925
jpr_20_20_4,8,557,4.12685
jpr_20_20_5,9,487,4.79995
jpr_20_20_6,9,555,5.25785
jpr_20_20_7,8,410,4.02482
jpr_20_20_8,8,568,4.05726
jpr_20_20_9,7,454,3.61797
jpr_20_20_10,8,521,4.24113
jpr_20_40_1,12,801,6.93261
jpr_20_40_2,10,713,5.84152
jpr_20_40_3,12,848,6.97845
jpr_20_40_4,11,564,6.27181
jpr_20_40_5,11,594,9.27383
jpr_20_40_6,11,726,6.48538
jpr_20_40_7,11,680,6.65004
jpr_20_40_8,12,745,7.59564
jpr_20_40_9,11,725,6.21957
jpr_20_40_10,12,763,6.73687
jpr_20_60_1,14,1093,8.3903
jpr_20_60_2,13,827,14.714
jpr_20_60_3,15,785,13.2557
jpr_20_60_4,13,984,10.574
jpr_20_60_5,14,867,8.48949
jpr_20_60_6,13,732,7.9645
jpr_20_60_7,14,876,8.30678
jpr_20_60_8,13,844,8.51792
jpr_20_60_9,13,901,7.79932
jpr_20_60_10,14,762,8.63188
jpr_20_80_1,15,1058,9.46913
jpr_20_80_2,14,892,9.2345
jpr_20_80_3,14,939,9.14066
jpr_20_80_4,15,921,9.64992
jpr_20_80_5,15,856,9.43773
jpr_20_80_6,13,840,8.28652
jpr_20_80_7,14,844,9.66384
jpr_20_80_8,15,983,9.40157
jpr_20_80_9,14,925,9.01024
jpr_20_80_10,14,849,8.78968
jpr_20_100_1,16,933,11.3014
jpr_20_100_2,16,984,12.7321
jpr_20_100_3,14,969,13.3306
jpr_20_100_4,15,1010,14.2318
jpr_20_100_5,16,929,10.6732
jpr_20_100_6,14,773,9.35213
jpr_20_100_7,16,1102,11.4331
jpr_20_100_8,15,1077,9.9649
jpr_20_100_9,16,1042,10.5448
jpr_20_100_10,16,1115,10.418
jpr_20_120_1,16,959,10.731
jpr_20_120_2,16,1068,10.9363
jpr_20_120_3,16,910,10.7364
jpr_20_120_4,16,1117,10.656
jpr_20_120_5,16,1261,13.0364
jpr_20_120_6,16,1011,10.8213
jpr_20_120_7,16,1000,11.0274
jpr_20_120_8,16,1065,11.0363
jpr_20_120_9,16,964,10.9366
jpr_20_120_10,17,802,11.3737
jpr_25_40_1,13,863,8.96306
jpr_25_40_2,14,948,9.88135
jpr_25_40_3,13,977,8.97719
jpr_25_40_4,13,559,8.56918
jpr_25_40_5,13,729,9.06025
jpr_25_40_6,13,726,8.55482
jpr_25_40_7,13,949,10.9038
jpr_25_40_8,13,822,8.67085
jpr_25_40_9,14,828,9.64524
jpr_25_40_10,14,804,10.7434
jpr_25_80_1,16,1309,22.8948
jpr_25_80_2,17,917,12.5912
jpr_25_80_3,17,1162,12.6323
jpr_25_80_4,16,888,11.7046
jpr_25_80_5,17,1085,12.7808
jpr_25_80_6,15,993,10.9524
jpr_25_80_7,17,1154,12.5508
jpr_25_80_8,16,1039,11.617
jpr_25_80_9,16,986,11.6283
jpr_25_80_10,16,1137,12.901
jpr_25_100_1,18,1223,13.5057
jpr_25_100_2,19,1212,14.6184
jpr_25_100_3,19,1243,15.2198
jpr_25_100_4,18,969,13.4308
jpr_25_100_5,18,834,13.536
jpr_25_100_6,18,1187,13.5544
jpr_25_100_7,19,944,16.8782
jpr_25_100_8,17,897,13.0705
jpr_25_100_9,18,1344,14.1648
jpr_25_100_10,18,1238,13.6185
jpr_25_150_1,21,1448,17.2573
jpr_25_150_2,19,1210,15.5703
jpr_25_150_3,20,1431,28.5636
jpr_25_150_4,19,1152,15.6212
jpr_25_150_5,20,1213,16.4949
jpr_25_150_6,20,1151,16.2467
jpr_25_150_7,20,1132,16.1396
jpr_25_150_8,20,1082,18.1832
jpr_25_150_9,20,1277,21.8608
jpr_25_150_10,20,1521,17.2649
jpr_25_200_1,21,1446,18.4437
jpr_25_200_2,22,1226,19.6275
jpr_25_200_3,21,1220,18.78
jpr_25_200_4,22,1592,19.1731
jpr_25_200_5,20,1304,17.5537
jpr_25_200_6,21,1458,18.3989
jpr_25_200_7,20,1313,17.8394
jpr_25_200_8,21,1662,30.5342
jpr_25_200_9,21,1371,18.5404
jpr_25_200_10,21,1152,18.4403
