jpr_10_10_1,1,4,174,0.271181
jpr_10_10_2,1,5,159,0.399347
jpr_10_10_1,2,4,174,0.448328
jpr_10_10_2,2,5,159,0.466154
jpr_10_10_1,4,4,174,0.902807
jpr_10_10_3,2,4,232,0.385137
jpr_10_10_1,5,4,174,1.09772
jpr_10_10_4,2,4,184,0.404103
jpr_10_10_2,4,5,159,1.02533
jpr_10_10_3,1,4,232,0.219261
jpr_10_10_2,5,5,159,1.24091
jpr_10_10_3,4,4,232,1.06083
jpr_10_10_3,5,4,232,1.20665
jpr_10_10_5,2,4,308,0.445943
jpr_10_10_4,5,4,184,0.997281
jpr_10_10_4,4,4,184,0.848685
jpr_10_10_5,5,4,308,1.3243
jpr_10_10_4,1,4,184,0.330551
jpr_10_10_6,2,4,268,0.447758
jpr_10_10_1,7,4,174,1.59379
jpr_10_10_1,6,4,174,1.64489
jpr_10_10_5,4,4,308,0.887524
jpr_10_10_1,8,4,174,2.02387
jpr_10_10_5,1,4,308,0.255919
jpr_10_10_6,5,4,268,1.48094
jpr_10_10_7,2,4,220,0.557825
jpr_10_10_2,6,5,159,1.82235
jpr_10_10_6,1,4,268,0.280514
jpr_10_10_6,4,4,268,1.28339
jpr_10_10_2,8,5,159,2.28872
jpr_10_10_2,7,5,159,1.96969
jpr_10_10_3,6,4,232,1.62381
jpr_10_10_7,5,4,220,1.20183
jpr_10_10_7,4,4,220,1.00677
jpr_10_10_7,1,4,220,0.281311
jpr_10_10_8,2,5,372,0.83611
jpr_10_10_4,6,4,184,1.31818
jpr_10_10_3,8,4,232,2.08784
jpr_10_10_3,7,4,232,1.48357
jpr_10_10_8,5,5,372,1.40687
jpr_10_10_8,4,5,372,1.22709
jpr_10_10_8,1,5,372,0.444744
jpr_10_10_9,5,5,234,1.35775
jpr_10_10_5,6,4,308,1.38843
jpr_10_10_4,8,4,184,1.43045
jpr_10_10_9,4,5,234,1.09347
jpr_10_10_4,7,4,184,1.25763
jpr_10_10_9,2,5,234,0.640111
jpr_10_10_9,1,5,234,0.605231
jpr_10_10_6,6,4,268,1.983
jpr_10_10_10,4,4,215,0.761429
jpr_10_10_5,8,4,308,2.0974
jpr_10_10_10,2,4,215,0.628824
jpr_10_10_10,5,4,215,1.22345
jpr_10_10_10,1,4,215,0.307443
jpr_10_10_7,6,4,220,1.66756
jpr_10_10_5,7,4,308,1.27602
jpr_10_20_1,4,5,271,1.38544
jpr_10_20_1,1,5,271,0.418724
jpr_10_20_1,5,5,271,1.78524
jpr_10_20_1,2,5,271,0.889091
jpr_10_10_6,8,4,268,1.52325
jpr_10_10_6,7,4,268,1.89794
jpr_10_20_2,4,7,257,1.66241
jpr_10_10_8,6,5,372,1.93547
jpr_10_20_2,2,7,257,0.790975
jpr_10_20_2,1,7,257,0.523118
jpr_10_20_2,5,7,257,2.22781
jpr_10_20_3,2,6,334,0.600047
jpr_10_10_7,8,4,220,6.03667
jpr_10_10_7,7,4,220,1.57844
jpr_10_20_3,4,6,334,3.70629
jpr_10_20_3,1,6,334,0.406099
jpr_10_20_4,2,6,311,0.58163
jpr_10_20_3,5,6,334,1.77636
jpr_10_10_9,6,5,234,1.72896
jpr_10_10_8,7,5,372,1.27068
jpr_10_10_8,8,5,372,2.50405
jpr_10_20_4,1,6,311,0.40207
jpr_10_20_5,2,6,262,0.598186
jpr_10_20_4,4,6,311,1.78644
jpr_10_10_10,6,4,215,1.46371
jpr_10_20_4,5,6,311,1.97103
jpr_10_20_6,2,6,323,0.645341
jpr_10_20_5,1,6,262,0.439181
jpr_10_10_9,7,5,234,1.90688
jpr_10_10_9,8,5,234,2.36505
jpr_10_20_7,2,6,403,0.614835
jpr_10_20_6,1,6,323,0.637223
jpr_10_10_10,7,4,215,1.73209
jpr_10_20_1,6,5,271,2.24843
jpr_10_20_5,4,6,262,1.16298
jpr_10_10_10,8,4,215,1.97325
jpr_10_20_5,5,6,262,2.19801
jpr_10_20_8,2,7,489,0.684902
jpr_10_20_6,4,6,323,1.73211
jpr_10_20_9,2,6,400,0.604481
jpr_10_20_1,8,5,271,2.75801
jpr_10_20_7,1,6,403,0.526924
jpr_10_20_2,6,6,273,2.30275
jpr_10_20_6,5,6,323,1.4336
jpr_10_20_1,7,5,271,2.32673
jpr_10_20_2,8,7,257,3.19633
jpr_10_20_8,1,6,479,0.874179
jpr_10_20_3,6,6,334,2.02966
jpr_10_20_7,5,6,403,1.60848
jpr_10_20_3,8,6,334,2.65422
jpr_10_20_8,5,6,458,2.01848
jpr_10_20_4,8,6,311,2.526
jpr_10_20_2,7,7,257,2.82101
jpr_10_20_9,5,6,400,1.67884
jpr_10_20_7,4,6,403,1.79101
jpr_10_20_4,6,6,311,2.18995
jpr_10_20_10,2,6,388,0.722729
jpr_10_20_10,5,6,388,1.66239
jpr_10_20_3,7,6,334,2.34674
jpr_10_20_5,6,6,262,2.04111
jpr_10_20_9,1,6,400,0.426106
jpr_10_20_5,8,6,262,3.00229
jpr_10_20_8,4,6,458,1.66904
jpr_10_30_1,2,8,469,1.07134
jpr_10_30_1,5,8,469,2.25487
jpr_10_20_6,8,6,323,2.79947
jpr_10_20_10,1,6,388,0.408371
jpr_10_20_4,7,6,311,2.26806
jpr_10_20_9,4,6,400,1.55099
jpr_10_20_6,6,6,323,6.84324
jpr_10_30_2,2,7,563,0.885213
jpr_10_30_2,5,7,563,7.52591
jpr_10_20_10,4,5,394,1.80093
jpr_10_30_3,2,7,537,0.867661
jpr_10_30_1,1,8,469,0.539269
jpr_10_20_5,7,6,262,1.95762
jpr_10_30_4,2,8,325,0.908253
jpr_10_20_7,6,6,403,1.94207
jpr_10_20_7,8,6,403,3.00148
jpr_10_30_1,4,8,469,1.52362
jpr_10_30_2,1,7,563,0.505965
jpr_10_30_2,4,7,563,4.05344
jpr_10_30_5,2,7,391,0.823748
jpr_10_30_3,5,7,537,12.4762
jpr_10_20_8,6,6,479,3.91719
jpr_10_20_8,8,6,479,3.88835
jpr_10_30_3,4,7,537,1.80161
jpr_10_30_6,2,7,386,0.977544
jpr_10_30_3,1,7,537,0.565671
jpr_10_20_9,8,6,400,2.90919
jpr_10_20_6,7,6,323,2.44408
jpr_10_30_4,5,8,325,2.52408
jpr_10_20_9,6,6,400,2.04422
jpr_10_20_10,8,6,388,2.93887
jpr_10_30_4,1,8,325,0.657377
jpr_10_30_4,4,8,325,1.85218
jpr_10_30_1,8,8,439,3.94841
jpr_10_30_5,4,7,391,1.84143
jpr_10_20_10,6,6,388,2.41337
jpr_10_30_5,1,7,391,0.513098
jpr_10_30_5,5,7,391,2.35955
jpr_10_20_7,7,6,403,2.56302
jpr_10_30_7,2,8,436,0.963674
jpr_10_30_1,6,8,439,2.70035
jpr_10_30_2,8,7,563,4.23909
jpr_10_30_6,4,7,386,1.91569
jpr_10_20_8,7,6,458,3.31805
jpr_10_30_6,1,7,386,0.569097
jpr_10_30_6,5,7,386,2.05608
jpr_10_30_8,2,7,447,0.835328
jpr_10_20_9,7,6,400,1.55136
jpr_10_30_3,8,7,537,3.62621
jpr_10_30_7,1,8,436,0.666457
jpr_10_30_9,2,7,418,1.10986
jpr_10_30_7,4,8,436,1.97562
jpr_10_30_2,6,7,563,2.84366
jpr_10_30_7,5,8,436,2.42001
jpr_10_30_4,8,8,325,4.01862
jpr_10_20_10,7,6,388,2.14883
jpr_10_30_8,1,7,447,0.517001
jpr_10_30_8,4,7,447,1.88497
jpr_10_30_10,2,7,445,0.784082
jpr_10_30_1,7,8,439,3.17502
jpr_10_30_8,5,7,447,2.45869
jpr_10_30_9,1,7,418,0.58053
jpr_10_30_5,8,7,391,4.0446
jpr_10_40_1,2,8,526,1.44026
jpr_10_30_3,6,7,537,2.92945
jpr_10_30_9,4,7,418,1.78662
jpr_10_30_10,1,7,445,0.513768
jpr_10_30_9,5,7,418,2.41184
jpr_10_30_2,7,7,563,3.25898
jpr_10_40_2,2,8,496,0.862952
jpr_10_30_6,8,7,386,3.32343
jpr_10_30_10,4,7,445,1.73481
jpr_10_30_4,6,8,325,2.99267
jpr_10_40_1,1,8,560,0.638101
jpr_10_40_3,2,8,548,1.20401
jpr_10_30_3,7,7,537,2.9982
jpr_10_30_10,5,7,445,3.45242
jpr_10_40_1,4,8,526,2.10688
jpr_10_30_5,6,7,391,2.52068
jpr_10_30_7,8,8,436,3.98474
jpr_10_40_2,1,8,496,0.671465
jpr_10_30_4,7,8,325,2.89697
jpr_10_40_1,5,8,526,2.65532
jpr_10_40_4,2,8,426,1.05309
jpr_10_40_2,4,8,496,1.62824
jpr_10_30_6,6,7,386,2.63894
jpr_10_40_3,1,8,557,0.695886
jpr_10_30_8,8,7,447,3.47924
jpr_10_40_5,2,8,449,1.24079
jpr_10_30_5,7,7,391,2.91044
jpr_10_40_2,5,8,496,2.37887
jpr_10_40_3,4,8,548,2.07503
jpr_10_40_4,1,8,437,0.587084
jpr_10_30_7,6,8,436,3.04112
jpr_10_30_9,8,7,418,5.29755
jpr_10_40_6,2,8,475,1.20389
jpr_10_30_6,7,7,386,3.12673
jpr_10_40_5,1,8,449,0.653681
jpr_10_40_4,4,8,426,2.25301
jpr_10_40_3,5,8,548,2.90939
jpr_10_30_8,6,7,447,2.69222
jpr_10_40_6,1,8,475,0.558936
jpr_10_40_7,2,8,309,1.17981
jpr_10_30_10,8,7,445,3.30459
jpr_10_30_7,7,8,436,3.58831
jpr_10_30_9,6,7,418,2.5772
jpr_10_40_4,5,8,426,3.39378
jpr_10_40_5,4,8,449,2.27952
jpr_10_40_8,2,8,579,1.40441
jpr_10_30_10,6,7,445,2.55551
jpr_10_40_5,5,8,449,2.9096
jpr_10_30_8,7,7,447,3.2867
jpr_10_40_7,1,8,309,0.572499
jpr_10_40_1,8,8,526,4.16711
jpr_10_40_6,4,8,475,2.32642
jpr_10_40_9,2,8,467,1.13862
jpr_10_40_6,5,8,475,2.81817
jpr_10_40_1,6,8,526,3.23492
jpr_10_30_9,7,7,418,3.23798
jpr_10_40_8,1,8,579,1.11081
jpr_10_40_2,8,8,496,4.16287
jpr_10_40_10,2,8,524,1.15526
jpr_10_40_7,4,8,309,2.54306
jpr_10_40_7,5,8,309,2.78409
jpr_10_40_2,6,8,496,3.08239
jpr_15_20_1,2,6,464,1.11809
jpr_10_30_10,7,7,445,3.18806
jpr_10_40_8,4,8,579,2.22828
jpr_10_40_8,5,8,579,2.36578
jpr_10_40_3,8,8,548,4.20432
jpr_10_40_3,6,8,548,3.28321
jpr_15_20_2,2,8,327,1.54324
jpr_10_40_9,1,8,467,0.552317
jpr_10_40_1,7,8,526,3.6711
jpr_10_40_9,4,8,467,2.25999
jpr_15_20_3,2,8,476,1.62173
jpr_10_40_10,1,8,524,0.714402
jpr_10_40_4,8,8,426,4.05664
jpr_10_40_9,5,8,467,2.52161
jpr_10_40_2,7,8,496,3.66023
jpr_10_40_10,4,8,524,2.84753
jpr_10_40_4,6,8,426,3.80776
jpr_15_20_1,1,6,464,0.688265
jpr_10_40_10,5,8,524,2.53101
jpr_15_20_1,4,6,464,1.90458
jpr_10_40_5,8,8,449,4.32618
jpr_15_20_4,2,8,480,2.22073
jpr_15_20_2,1,8,382,0.702051
jpr_10_40_3,7,8,557,4.46714
jpr_10_40_5,6,8,449,3.40916
jpr_15_20_1,5,6,464,2.48047
jpr_15_20_5,2,7,333,1.15852
jpr_15_20_2,4,8,327,3.15153
jpr_10_40_6,8,8,475,4.17587
jpr_15_20_3,1,8,476,1.26541
jpr_10_40_4,7,8,426,3.7867
jpr_10_40_6,6,8,475,3.30124
jpr_15_20_6,2,7,453,1.24162
jpr_15_20_2,5,8,327,3.22536
jpr_15_20_4,1,7,467,0.814927
jpr_15_20_3,4,8,476,2.9133
jpr_10_40_7,8,8,309,4.29966
jpr_10_40_7,6,8,309,3.3999
jpr_10_40_5,7,8,449,4.35588
jpr_15_20_7,2,7,406,1.19993
jpr_15_20_5,1,7,333,0.780414
jpr_15_20_3,5,8,476,3.28801
jpr_15_20_4,4,8,480,1.76679
jpr_10_40_8,6,8,579,2.56379
jpr_15_20_8,2,8,472,1.47211
jpr_10_40_6,7,8,475,2.73993
jpr_15_20_6,1,7,453,0.847384
jpr_10_40_8,8,8,579,3.96745
jpr_15_20_4,5,8,480,3.0275
jpr_15_20_5,4,7,333,2.61316
jpr_15_20_7,1,7,406,0.602363
jpr_15_20_9,2,9,435,1.45446
jpr_10_40_9,6,8,467,3.12819
jpr_10_40_7,7,8,309,3.66136
jpr_10_40_9,8,8,467,4.23552
jpr_15_20_5,5,7,333,2.77141
jpr_15_20_6,4,7,453,2.40604
jpr_15_20_8,1,8,472,1.00021
jpr_15_20_10,2,8,587,1.54821
jpr_10_40_10,6,8,524,3.12602
jpr_10_40_8,7,8,579,3.64484
jpr_15_20_6,5,7,453,3.30453
jpr_10_40_10,8,8,524,4.45846
jpr_15_20_9,1,9,435,0.787638
jpr_15_20_7,4,7,406,2.51758
jpr_15_40_1,2,9,550,1.86891
jpr_15_20_10,1,8,587,0.728616
jpr_15_20_1,6,6,464,3.00614
jpr_15_20_7,5,7,450,3.26025
jpr_10_40_9,7,8,467,3.64704
jpr_15_20_8,4,8,472,2.51196
jpr_15_40_2,2,10,549,1.667
jpr_15_20_1,8,6,464,3.86126
jpr_15_40_1,1,9,550,0.914768
jpr_15_20_2,6,8,327,3.67087
jpr_15_20_9,4,9,435,2.52394
jpr_15_20_8,5,8,472,3.10426
jpr_15_40_3,2,10,627,1.70471
jpr_10_40_10,7,8,524,3.66834
jpr_15_40_2,1,10,553,1.43634
jpr_15_20_2,8,8,327,4.93091
jpr_15_40_4,2,10,519,1.77349
jpr_15_20_10,4,8,587,2.5007
jpr_15_20_3,6,6,395,2.99219
jpr_15_20_9,5,9,435,3.38268
jpr_15_20_1,7,6,464,3.57133
jpr_15_40_3,1,10,626,1.2553
jpr_15_20_3,8,6,395,3.93473
jpr_15_40_5,2,10,595,1.75236
jpr_15_40_1,4,9,550,2.97193
jpr_15_20_10,5,8,587,3.04022
jpr_15_40_4,1,10,519,0.939722
jpr_15_20_4,6,7,467,3.94011
jpr_15_20_2,7,8,327,4.54727
jpr_15_40_6,2,10,666,2.12196
jpr_15_40_5,1,10,595,0.920884
jpr_15_20_4,8,7,467,6.16726
jpr_15_40_2,4,10,549,3.15414
jpr_15_40_1,5,9,550,4.07487
jpr_15_20_5,6,7,333,3.52894
jpr_15_20_3,7,6,395,3.65318
jpr_15_40_7,2,10,606,2.00213
jpr_15_40_6,1,10,666,1.06537
jpr_15_40_3,4,10,627,3.15303
jpr_15_20_5,8,7,333,4.37191
jpr_15_40_2,5,10,549,4.25372
jpr_15_20_6,6,7,453,3.46839
jpr_15_40_7,1,10,606,1.06582
jpr_15_20_4,7,8,480,4.23656
jpr_15_40_8,2,9,588,1.79972
jpr_15_40_4,4,10,519,3.21676
jpr_15_20_6,8,7,453,4.59886
jpr_15_20_7,6,7,406,3.3413
jpr_15_40_3,5,10,626,4.21335
jpr_15_40_8,1,9,588,0.892082
jpr_15_40_9,2,10,669,1.88723
jpr_15_20_5,7,7,333,4.18102
jpr_15_40_9,1,10,669,0.895829
jpr_15_40_5,4,10,595,3.58111
jpr_15_40_10,2,10,681,1.92254
jpr_15_20_8,6,8,472,3.86438
jpr_15_20_7,8,7,406,4.14828
jpr_15_40_4,5,10,519,4.2038
jpr_15_20_6,7,7,453,4.06566
jpr_15_40_10,1,10,681,1.04182
jpr_15_40_6,4,10,625,3.47486
jpr_15_60_1,2,11,755,2.14075
jpr_15_20_9,6,9,435,4.23442
jpr_15_40_5,5,10,595,4.26706
jpr_15_20_8,8,8,472,5.22221
jpr_15_60_1,1,12,812,1.31878
jpr_15_20_7,7,7,406,3.68744
jpr_15_40_7,4,10,606,3.4471
jpr_15_60_2,2,12,671,2.78559
jpr_15_60_2,1,12,673,1.14226
jpr_15_20_10,6,8,587,4.01976
jpr_15_40_6,5,10,625,4.29952
jpr_15_20_9,8,9,435,5.55931
jpr_15_20_8,7,8,472,4.48754
jpr_15_40_8,4,9,588,3.0789
jpr_15_60_3,2,12,731,2.685
jpr_15_60_3,1,12,757,1.20054
jpr_15_40_7,5,10,606,4.20019
jpr_15_40_1,6,9,550,4.75259
jpr_15_20_9,7,9,435,4.63924
jpr_15_20_10,8,8,576,4.95051
jpr_15_60_4,1,10,606,1.40291
jpr_15_60_4,2,10,606,2.61281
jpr_15_40_9,4,11,660,3.9534
jpr_15_40_8,5,9,588,3.93095
jpr_15_60_5,1,11,737,1.05293
jpr_15_40_2,6,10,549,5.40928
jpr_15_60_5,2,11,737,1.94219
jpr_15_20_10,7,8,576,4.455
jpr_15_40_1,8,9,550,6.36135
jpr_15_40_10,4,10,681,3.79876
jpr_15_60_6,1,11,750,1.11259
jpr_15_60_6,2,11,750,2.27146
jpr_15_40_9,5,11,660,4.50037
jpr_15_40_3,6,10,626,5.00767
jpr_15_60_7,1,11,743,1.31358
jpr_15_40_1,7,9,550,5.56902
jpr_15_60_1,4,11,755,4.24975
jpr_15_60_7,2,11,743,2.31637
jpr_15_40_10,5,10,681,4.39165
jpr_15_40_2,8,9,526,10.9355
jpr_15_60_8,1,12,780,1.19305
jpr_15_40_4,6,10,519,5.06383
jpr_15_60_8,2,11,768,1.9395
jpr_15_60_2,4,12,671,4.21439
jpr_15_40_2,7,10,549,5.75383
jpr_15_60_9,1,12,825,1.56332
jpr_15_60_1,5,11,755,4.83593
jpr_15_40_3,8,10,626,5.42904
jpr_15_60_9,2,12,825,2.2452
jpr_15_40_5,6,10,595,5.03987
jpr_15_60_10,1,11,593,1.18849
jpr_15_60_3,4,12,731,4.5669
jpr_15_40_3,7,10,626,6.28172
jpr_15_60_10,2,11,593,2.36623
jpr_15_80_1,1,13,705,1.34792
jpr_15_40_4,8,10,519,6.56654
jpr_15_40_6,6,9,619,6.12904
jpr_15_60_2,5,12,671,10.5736
jpr_15_60_4,4,10,606,5.99139
jpr_15_40_4,7,10,519,5.20446
jpr_15_80_1,2,12,661,2.76803
jpr_15_80_2,1,13,716,1.45555
jpr_15_40_7,6,10,606,4.68968
jpr_15_40_5,8,10,595,6.15883
jpr_15_60_3,5,12,731,5.0379
jpr_15_60_5,4,11,737,4.24262
jpr_15_80_2,2,12,702,1.92576
jpr_15_80_3,1,12,884,1.44207
jpr_15_40_5,7,10,595,5.49695
jpr_15_80_3,2,12,884,2.68931
jpr_15_40_8,6,9,588,4.7799
jpr_15_60_6,4,11,750,3.71829
jpr_15_60_4,5,10,606,6.53866
jpr_15_80_4,1,12,776,2.42014
jpr_15_40_6,8,10,625,7.16656
jpr_15_40_6,7,9,619,7.89162
jpr_15_80_4,2,12,776,2.78204
jpr_15_80_5,1,13,855,1.36504
jpr_15_60_7,4,11,743,4.00429
jpr_15_40_9,6,11,660,5.64358
jpr_15_60_5,5,11,737,5.05357
jpr_15_40_7,8,10,606,6.80297
jpr_15_80_6,1,12,697,1.43212
jpr_15_80_5,2,13,855,2.7171
jpr_15_40_7,7,10,606,5.71094
jpr_15_60_8,4,11,768,4.02972
jpr_15_40_10,6,10,681,5.01898
jpr_15_60_6,5,11,750,4.94403
jpr_15_80_7,1,13,892,1.27387
jpr_15_80_6,2,12,697,2.64384
jpr_15_40_8,8,9,588,6.02628
jpr_15_40_8,7,9,588,5.29804
jpr_15_60_9,4,12,825,4.32842
jpr_15_80_8,1,12,852,1.70741
jpr_15_60_1,6,11,755,5.88627
jpr_15_60_7,5,11,743,5.12137
jpr_15_80_7,2,13,892,2.67928
jpr_15_80_9,1,12,777,1.22781
jpr_15_60_10,4,11,593,4.17681
jpr_15_40_9,8,11,660,7.33427
jpr_15_40_9,7,11,660,6.25484
jpr_15_80_8,2,12,852,2.55353
jpr_15_60_8,5,11,768,5.00686
jpr_15_60_2,6,12,671,7.14215
jpr_15_80_10,1,12,750,1.36578
jpr_15_80_1,4,12,661,5.42847
jpr_15_80_9,2,12,777,2.17677
jpr_15_40_10,7,10,681,6.009
jpr_15_40_10,8,10,681,6.96141
jpr_15_100_1,1,13,837,1.4889
jpr_15_60_9,5,12,825,5.41728
jpr_15_60_3,6,11,705,6.1161
jpr_15_80_2,4,12,702,4.70654
jpr_15_100_2,1,13,723,1.35782
jpr_15_80_10,2,12,750,2.75423
jpr_15_60_1,7,11,755,6.84849
jpr_15_60_10,5,11,593,5.22188
jpr_15_60_1,8,11,755,8.8935
jpr_15_100_3,1,13,805,1.39259
jpr_15_60_4,6,10,606,6.99296
jpr_15_100_1,2,13,837,2.38647
jpr_15_80_3,4,12,884,5.03431
jpr_15_100_4,1,13,866,1.53236
jpr_15_80_1,5,12,661,5.92543
jpr_15_60_2,7,12,671,8.38289
jpr_15_100_2,2,13,723,2.81639
jpr_15_60_5,6,11,737,6.20652
jpr_15_80_4,4,12,776,4.73754
jpr_15_60_2,8,12,671,10.4607
jpr_15_100_5,1,13,835,2.83819
jpr_15_100_3,2,13,805,2.85476
jpr_15_80_2,5,12,702,5.59622
jpr_15_60_3,7,12,731,7.22398
jpr_15_60_6,6,11,750,5.74541
jpr_15_80_5,4,13,859,4.91224
jpr_15_100_6,1,13,983,1.55703
jpr_15_100_4,2,13,866,2.72683
jpr_15_60_3,8,12,731,8.45782
jpr_15_100_7,1,14,865,1.52805
jpr_15_80_3,5,12,884,5.61482
jpr_15_80_6,4,12,697,3.7513
jpr_15_60_4,7,10,606,6.00491
jpr_15_60_7,6,11,743,5.25968
jpr_15_100_5,2,13,835,2.62276
jpr_15_100_8,1,14,871,1.54291
jpr_15_80_7,4,12,862,4.38553
jpr_15_60_4,8,10,606,7.57089
jpr_15_80_4,5,12,776,6.53855
jpr_15_60_8,6,11,768,5.71653
jpr_15_100_6,2,13,983,1.54829
jpr_15_60_5,7,11,737,6.72377
jpr_15_100_9,1,14,877,1.67826
jpr_15_80_8,4,12,852,4.0125
jpr_15_100_7,2,14,865,2.91746
jpr_15_60_5,8,11,737,7.88881
jpr_15_60_6,7,11,750,5.07795
jpr_15_100_10,1,13,767,1.39
jpr_15_60_9,6,12,825,6.18963
jpr_15_80_5,5,12,828,10.9531
jpr_15_80_9,4,12,777,4.67738
jpr_20_20_1,1,9,430,0.99622
jpr_15_100_8,2,14,871,3.43376
jpr_15_60_10,6,11,593,6.31857
jpr_15_60_7,7,11,743,6.75342
jpr_15_60_6,8,11,750,7.92876
jpr_20_20_2,1,9,501,1.83658
jpr_15_80_6,5,12,697,6.12363
jpr_15_80_10,4,12,750,4.71059
jpr_15_100_9,2,14,877,2.94439
jpr_20_20_3,1,10,662,1.1299
jpr_15_60_8,7,11,768,6.54353
jpr_15_80_1,6,12,661,6.81369
jpr_15_80_7,5,12,862,5.5257
jpr_15_100_1,4,13,837,5.11061
jpr_15_60_7,8,11,743,7.92969
jpr_15_100_10,2,13,767,2.85699
jpr_20_20_4,1,8,557,1.5634
jpr_20_20_1,2,9,430,2.05449
jpr_20_20_5,1,9,487,1.03074
jpr_15_80_2,6,12,702,6.76491
jpr_15_60_9,7,12,825,7.05941
jpr_15_80_8,5,12,852,5.33768
jpr_15_100_2,4,13,723,4.96698
jpr_15_60_8,8,11,768,7.88369
jpr_20_20_6,1,9,555,1.84284
jpr_20_20_2,2,9,501,2.6565
jpr_15_80_9,5,12,777,5.26611
jpr_15_100_3,4,13,805,4.79012
jpr_15_80_3,6,12,884,6.64279
jpr_20_20_7,1,8,410,0.818312
jpr_15_60_10,7,11,593,6.89144
jpr_20_20_3,2,10,662,2.22747
jpr_15_60_9,8,12,825,8.65514
jpr_20_20_8,1,8,568,1.02894
jpr_15_100_4,4,13,866,4.88263
jpr_15_80_10,5,12,750,5.19654
jpr_20_20_4,2,8,557,2.11873
jpr_15_80_4,6,12,776,7.04469
jpr_15_80_1,7,12,661,7.76053
jpr_20_20_9,1,7,454,0.788814
jpr_20_20_5,2,9,487,2.90558
jpr_15_60_10,8,11,593,8.20348
jpr_20_20_10,1,8,521,1.20747
jpr_15_100_5,4,13,835,5.38598
jpr_15_100_1,5,13,837,7.30175
jpr_15_80_5,6,12,828,7.17644
jpr_15_80_2,7,12,702,8.33586
jpr_20_40_1,1,12,801,1.3379
jpr_20_20_6,2,9,555,3.35826
jpr_15_100_6,4,13,971,5.49162
jpr_15_80_1,8,12,661,9.59772
jpr_20_40_2,1,10,713,1.36219
jpr_15_100_2,5,13,723,6.10085
jpr_20_20_7,2,8,410,1.48578
jpr_15_80_6,6,12,697,6.79096
jpr_15_80_3,7,12,884,9.39235
jpr_20_40_3,1,12,839,1.4384
jpr_20_20_8,2,8,568,1.52284
jpr_15_100_7,4,14,865,5.64451
jpr_15_100_3,5,13,805,6.38815
jpr_15_80_2,8,12,702,9.28613
jpr_20_40_4,1,11,564,1.41437
jpr_15_80_7,6,12,862,7.27148
jpr_20_20_9,2,7,454,1.41415
jpr_15_100_8,4,14,871,4.32673
jpr_20_40_5,1,12,615,1.40595
jpr_15_80_4,7,12,776,11.2482
jpr_20_20_10,2,8,521,1.57689
jpr_15_100_4,5,13,866,6.08406
jpr_15_80_8,6,12,852,5.66786
jpr_15_80_3,8,12,884,8.47647
jpr_20_40_6,1,12,775,1.51899
jpr_15_100_9,4,14,877,6.53333
jpr_20_40_1,2,12,801,2.95715
jpr_20_40_7,1,11,680,1.37036
jpr_15_80_5,7,13,855,8.19077
jpr_15_100_5,5,13,835,5.84583
jpr_15_80_9,6,12,777,6.6271
jpr_20_40_2,2,10,713,1.31753
jpr_20_40_8,1,12,745,1.60888
jpr_15_80_4,8,12,776,12.547
jpr_15_100_10,4,13,767,4.81796
jpr_15_100_6,5,13,971,6.10738
jpr_15_80_6,7,12,697,6.17017
jpr_20_40_3,2,12,839,2.8092
jpr_15_80_10,6,12,750,6.45908
jpr_20_40_9,1,11,725,1.38527
jpr_20_20_1,4,9,430,3.28966
jpr_20_40_4,2,11,564,2.30777
jpr_20_40_10,1,12,763,2.04848
jpr_15_100_7,5,14,865,6.18306
jpr_15_80_7,7,12,862,8.10575
jpr_15_100_1,6,13,837,7.4191
jpr_20_40_5,2,12,615,2.83393
jpr_20_20_2,4,9,501,3.52895
jpr_20_60_1,1,14,1093,2.52932
jpr_15_80_5,8,12,828,16.9008
jpr_15_100_8,5,14,871,6.88757
jpr_20_40_6,2,12,787,2.43199
jpr_20_20_3,4,10,662,4.75312
jpr_15_100_2,6,13,723,7.70636
jpr_15_80_8,7,12,852,7.9654
jpr_20_60_2,1,14,866,1.99932
jpr_20_40_7,2,11,680,2.69165
jpr_15_80_6,8,12,729,9.10794
jpr_20_20_4,4,8,557,2.83636
jpr_20_60_3,1,15,785,1.76502
jpr_15_100_9,5,14,877,6.88217
jpr_15_100_3,6,13,805,7.71393
jpr_15_80_9,7,12,777,7.94432
jpr_20_40_8,2,12,745,3.43475
jpr_20_60_4,1,13,984,2.44939
jpr_20_20_5,4,9,487,3.3852
jpr_15_80_7,8,12,862,8.86854
jpr_15_100_10,5,13,767,6.2531
jpr_20_40_9,2,11,725,2.2888
jpr_20_60_5,1,14,867,1.78108
jpr_15_100_4,6,13,866,7.41585
jpr_15_80_10,7,12,750,7.7724
jpr_20_20_6,4,9,555,4.3359
jpr_20_20_1,5,9,430,4.3211
jpr_20_40_10,2,12,763,3.64803
jpr_20_60_6,1,13,732,1.65791
jpr_15_80_8,8,12,852,8.57728
jpr_20_20_7,4,8,410,3.05532
jpr_15_100_5,6,13,835,7.44048
jpr_15_100_1,7,13,837,8.94686
jpr_20_20_2,5,9,501,4.25634
jpr_20_60_7,1,14,876,2.43813
jpr_20_60_1,2,14,1093,3.88609
jpr_20_20_8,4,8,568,3.20306
jpr_20_60_8,1,13,844,1.91386
jpr_15_80_9,8,12,777,8.61228
jpr_15_100_6,6,13,971,7.41872
jpr_20_20_3,5,10,662,4.97227
jpr_20_60_2,2,13,827,4.02822
jpr_20_20_9,4,7,454,3.03895
jpr_15_100_2,7,13,723,9.72037
jpr_20_60_9,1,13,901,1.77784
jpr_20_60_3,2,15,785,3.44944
jpr_20_20_4,5,8,557,3.84163
jpr_15_80_10,8,12,781,8.5118
jpr_20_20_10,4,8,564,3.21467
jpr_15_100_7,6,14,865,7.75811
jpr_20_60_10,1,14,762,1.80038
jpr_20_60_4,2,14,998,3.31767
jpr_15_100_3,7,13,805,9.31216
jpr_20_20_5,5,9,487,5.57053
jpr_20_80_1,1,15,1058,1.86718
jpr_20_40_1,4,12,801,5.4612
jpr_20_60_5,2,14,867,3.2111
jpr_15_100_8,6,14,871,8.1442
jpr_15_100_1,8,13,837,10.7115
jpr_20_80_2,1,14,892,1.92681
jpr_20_20_6,5,9,555,6.13981
jpr_20_40_2,4,10,713,4.50506
jpr_15_100_4,7,13,866,9.70875
jpr_20_80_3,1,14,939,1.8263
jpr_20_60_6,2,12,766,3.22035
jpr_15_100_9,6,14,877,8.39635
jpr_20_20_7,5,8,410,4.07908
jpr_20_40_3,4,12,896,4.91209
jpr_20_80_4,1,15,921,1.88019
jpr_15_100_2,8,13,723,10.0994
jpr_20_60_7,2,14,876,3.35843
jpr_15_100_5,7,13,835,9.05728
jpr_20_80_5,1,15,856,1.85091
jpr_20_20_8,5,8,568,4.06689
jpr_15_100_10,6,13,767,7.21985
jpr_20_40_4,4,11,564,4.73103
jpr_20_60_8,2,13,844,5.06665
jpr_15_100_3,8,13,805,9.99911
jpr_20_80_6,1,15,898,1.89766
jpr_20_20_9,5,7,454,2.82502
jpr_20_20_1,6,9,430,5.09112
jpr_20_60_9,2,13,901,2.76151
jpr_15_100_6,7,13,971,8.70773
jpr_20_40_5,4,11,594,6.49887
jpr_20_80_7,1,14,844,2.8354
jpr_20_20_10,5,8,521,3.63732
jpr_20_20_2,6,9,501,4.81677
jpr_15_100_4,8,13,866,9.93743
jpr_20_60_10,2,14,762,3.09276
jpr_20_80_8,1,15,983,3.00496
jpr_20_40_6,4,11,726,4.61359
jpr_20_40_1,5,12,793,5.17194
jpr_15_100_7,7,14,865,9.62028
jpr_20_80_1,2,15,1058,3.39314
jpr_20_80_9,1,14,925,2.23538
jpr_20_20_3,6,10,662,7.31487
jpr_20_40_7,4,11,680,4.65223
jpr_15_100_5,8,13,835,10.2668
jpr_20_40_2,5,10,713,5.2424
jpr_20_80_10,1,14,849,1.94749
jpr_20_80_2,2,14,892,3.21835
jpr_20_20_4,6,8,557,4.31844
jpr_20_40_8,4,12,745,5.00587
jpr_15_100_8,7,13,863,12.0343
jpr_20_100_1,1,17,981,2.37129
jpr_20_80_3,2,14,939,3.43642
jpr_20_40_3,5,12,848,6.06286
jpr_15_100_6,8,13,971,9.86306
jpr_20_20_5,6,8,501,4.63965
jpr_20_40_9,4,11,725,4.546
jpr_20_100_2,1,16,984,2.23356
jpr_20_80_4,2,15,921,3.35822
jpr_15_100_9,7,14,877,9.27513
jpr_20_40_4,5,11,564,5.57011
jpr_20_20_6,6,9,555,5.17561
jpr_20_100_3,1,14,969,2.69065
jpr_20_40_10,4,13,767,5.19136
jpr_20_80_5,2,15,856,3.70606
jpr_15_100_7,8,14,865,10.5701
jpr_20_100_4,1,16,1014,2.22364
jpr_20_40_5,5,12,615,7.13455
jpr_20_20_7,6,8,410,4.19224
jpr_15_100_10,7,13,767,8.68107
jpr_20_80_6,2,15,898,3.60707
jpr_20_60_1,4,14,1093,6.93219
jpr_20_100_5,1,16,929,1.9723
jpr_15_100_8,8,14,871,10.4122
jpr_20_20_8,6,8,568,4.84545
jpr_20_20_1,7,9,430,5.75771
jpr_20_40_6,5,11,726,7.22496
jpr_20_80_7,2,14,844,4.39325
jpr_20_60_2,4,13,869,6.24305
jpr_20_100_6,1,14,773,2.16906
jpr_20_20_9,6,7,454,4.21717
jpr_20_80_8,2,15,983,3.96061
jpr_20_40_7,5,11,680,5.27654
jpr_20_100_7,1,16,1102,2.24588
jpr_20_20_2,7,9,501,5.85263
jpr_15_100_9,8,14,877,10.1088
jpr_20_60_3,4,15,785,6.45286
jpr_20_20_10,6,8,564,4.44433
jpr_20_100_8,1,15,1077,2.16041
jpr_20_80_9,2,14,925,5.33452
jpr_20_40_8,5,12,745,6.24945
jpr_20_20_3,7,10,662,6.40779
jpr_20_60_4,4,14,998,6.00765
jpr_15_100_10,8,13,767,10.4645
jpr_20_100_9,1,16,1059,2.01396
jpr_20_80_10,2,14,849,3.42297
jpr_20_40_1,6,12,793,7.90758
jpr_20_40_9,5,11,725,6.02006
jpr_20_20_4,7,8,557,5.22633
jpr_20_100_10,1,16,1115,2.52882
jpr_20_60_5,4,14,867,6.28047
jpr_20_100_1,2,17,981,3.95225
jpr_20_20_1,8,9,430,6.53734
jpr_20_40_2,6,10,713,6.86245
jpr_20_20_5,7,9,487,6.15181
jpr_20_40_10,5,13,767,6.313
jpr_20_120_1,1,16,959,2.15451
jpr_20_100_2,2,16,984,4.33002
jpr_20_20_2,8,9,501,6.55276
jpr_20_120_2,1,16,1068,2.12479
jpr_20_60_6,4,13,732,5.58691
jpr_20_20_6,7,9,555,5.65563
jpr_20_40_3,6,12,839,6.75352
jpr_20_100_3,2,14,969,3.31658
jpr_20_60_1,5,15,1174,8.36651
jpr_20_120_3,1,15,897,2.63389
jpr_20_100_4,2,16,1014,2.3016
jpr_20_20_3,8,10,662,6.97798
jpr_20_60_7,4,14,876,6.46692
jpr_20_20_7,7,8,410,4.90568
jpr_20_40_4,6,11,564,6.34525
jpr_20_120_4,1,17,1146,2.22858
jpr_20_60_2,5,13,869,7.57612
jpr_20_100_5,2,16,929,5.35647
jpr_20_20_4,8,8,557,5.77073
jpr_20_20_8,7,8,568,4.89402
jpr_20_60_8,4,13,844,5.89195
jpr_20_120_5,1,17,1314,2.23009
jpr_20_40_5,6,12,615,8.64503
jpr_20_100_6,2,14,773,3.28003
jpr_20_120_6,1,16,1018,2.13017
jpr_20_60_3,5,15,785,8.20308
jpr_20_20_9,7,7,454,4.36158
jpr_20_60_9,4,13,901,5.7031
jpr_20_20_5,8,9,487,7.4484
jpr_20_120_7,1,16,1000,2.24605
jpr_20_100_7,2,16,1102,3.94853
jpr_20_40_6,6,11,726,7.44182
jpr_20_20_10,7,8,564,5.26881
jpr_20_60_4,5,14,998,7.61796
jpr_20_60_10,4,14,762,6.0009
jpr_20_20_6,8,9,555,6.92343
jpr_20_120_8,1,17,1067,2.31949
jpr_20_100_8,2,15,1077,3.77203
jpr_20_40_7,6,11,680,7.00439
jpr_20_120_9,1,16,964,2.17544
jpr_20_40_1,7,12,801,8.09431
jpr_20_60_5,5,14,867,7.45784
jpr_20_100_9,2,16,1042,3.87946
jpr_20_80_1,4,15,1080,6.85667
jpr_20_20_7,8,8,410,5.67581
jpr_20_120_10,1,17,832,2.45926
jpr_20_40_8,6,12,745,7.95713
jpr_20_100_10,2,16,1115,3.96536
jpr_20_40_2,7,10,713,7.01053
jpr_20_20_8,8,8,568,5.92639
jpr_20_60_6,5,13,732,6.75328
jpr_20_80_2,4,14,892,6.31147
jpr_25_40_1,1,13,863,2.17414
jpr_20_120_1,2,16,959,4.00342
jpr_25_40_2,1,14,948,1.79742
jpr_20_40_9,6,11,725,7.68069
jpr_20_20_9,8,7,454,5.46744
jpr_20_80_3,4,14,939,7.25049
jpr_20_60_7,5,14,876,8.17575
jpr_20_40_3,7,12,839,9.47274
jpr_25_40_3,1,14,986,2.32907
jpr_20_120_2,2,16,1068,4.44706
jpr_20_40_10,6,13,767,7.70993
jpr_20_20_10,8,8,564,6.24558
jpr_25_40_4,1,13,532,2.34718
jpr_20_80_4,4,15,921,7.92235
jpr_20_40_4,7,11,564,8.25309
jpr_20_60_8,5,13,844,9.91396
jpr_20_120_3,2,16,910,5.19151
jpr_25_40_5,1,13,729,3.48729
jpr_20_60_9,5,13,901,6.4296
jpr_20_80_5,4,15,856,9.30175
jpr_20_40_1,8,12,801,10.3684
jpr_20_60_1,6,14,1093,8.63522
jpr_25_40_6,1,13,726,1.65155
jpr_20_40_5,7,11,594,13.0333
jpr_20_120_4,2,16,1117,4.74846
jpr_20_60_10,5,14,762,7.82929
jpr_20_40_2,8,10,713,8.6003
jpr_25_40_7,1,13,984,1.68666
jpr_20_80_6,4,13,840,6.3201
jpr_20_120_5,2,17,1314,5.19563
jpr_20_60_2,6,14,866,10.1074
jpr_25_40_8,1,13,822,1.69252
jpr_20_40_6,7,11,726,10.2953
jpr_20_120_6,2,16,1011,4.81404
jpr_20_80_7,4,14,844,7.65302
jpr_25_40_9,1,14,817,2.04542
jpr_20_40_3,8,11,819,13.446
jpr_20_60_3,6,14,784,9.26727
jpr_20_40_7,7,11,680,7.77233
jpr_20_80_1,5,15,1058,13.4498
jpr_20_120_7,2,16,1000,4.46742
jpr_20_80_8,4,15,983,8.1646
jpr_25_40_10,1,14,804,2.24304
jpr_20_40_4,8,11,564,8.4709
jpr_20_60_4,6,13,984,8.78221
jpr_20_40_8,7,12,745,8.46031
jpr_20_80_2,5,14,892,7.8452
jpr_20_120_8,2,16,1065,8.36499
jpr_20_80_9,4,14,925,6.65864
jpr_25_80_1,1,17,1337,2.80168
jpr_20_40_5,8,11,594,10.7191
jpr_20_120_9,2,16,964,3.99872
jpr_25_80_2,1,17,917,2.77603
jpr_20_60_5,6,14,867,8.69227
jpr_20_40_9,7,11,725,7.46137
jpr_20_80_10,4,14,849,6.32043
jpr_20_80_3,5,14,939,7.82652
jpr_25_80_3,1,17,1171,2.77335
jpr_20_120_10,2,17,802,4.44852
jpr_20_40_6,8,12,771,9.25714
jpr_20_60_6,6,13,732,7.78649
jpr_20_40_10,7,13,767,8.6855
jpr_20_100_1,4,15,953,8.21308
jpr_20_80_4,5,15,921,8.57588
jpr_25_40_1,2,13,837,3.56115
jpr_25_80_4,1,16,888,4.30805
jpr_25_40_2,2,14,948,3.41182
jpr_20_60_7,6,14,876,8.3539
jpr_20_40_7,8,11,680,8.54194
jpr_25_80_5,1,17,1085,3.72058
jpr_20_100_2,4,16,984,7.55155
jpr_20_80_5,5,15,856,8.55583
jpr_20_60_1,7,14,1093,9.90687
jpr_25_80_6,1,15,993,2.61884
jpr_25_40_3,2,14,986,3.78553
jpr_20_100_3,4,14,969,6.22131
jpr_20_60_8,6,14,899,8.65302
jpr_20_40_8,8,12,745,9.69079
jpr_20_80_6,5,13,840,7.49793
jpr_25_80_7,1,17,1154,2.54914
jpr_20_60_2,7,13,827,10.0542
jpr_25_40_4,2,13,532,3.94189
jpr_25_80_8,1,16,1039,2.67713
jpr_20_60_9,6,13,901,9.09753
jpr_25_40_5,2,13,729,4.5878
jpr_20_100_4,4,15,1010,12.1102
jpr_20_80_7,5,14,844,8.76981
jpr_20_40_9,8,11,725,10.541
jpr_25_80_9,1,16,986,3.39475
jpr_20_60_3,7,15,785,11.8254
jpr_25_40_6,2,13,726,3.40527
jpr_20_100_5,4,16,958,5.98794
jpr_25_80_10,1,16,1085,2.38545
jpr_20_60_10,6,14,762,8.53137
jpr_20_80_8,5,15,983,7.66033
jpr_20_40_10,8,13,767,9.76632
jpr_25_40_7,2,14,973,3.60151
jpr_25_100_1,1,18,1223,2.9138
jpr_20_100_6,4,14,773,7.02004
jpr_20_60_4,7,13,984,16.2373
jpr_25_40_8,2,13,822,3.12391
jpr_20_80_1,6,15,1058,9.72869
jpr_20_80_9,5,14,925,8.59562
jpr_25_100_2,1,19,1248,2.63225
jpr_25_40_9,2,14,817,4.1596
jpr_20_100_7,4,16,1102,6.63164
jpr_20_60_1,8,14,1093,10.3059
jpr_25_100_3,1,20,1255,3.12361
jpr_20_80_10,5,14,849,7.69131
jpr_20_80_2,6,14,892,7.86961
jpr_20_60_5,7,14,867,10.6179
jpr_25_40_10,2,14,804,4.0355
jpr_25_100_4,1,18,969,2.60592
jpr_20_100_8,4,15,1077,6.99591
jpr_20_60_6,7,13,732,7.98159
jpr_25_80_1,2,17,1337,4.61799
jpr_20_60_2,8,13,827,14.1821
jpr_20_80_3,6,14,939,9.49949
jpr_20_100_1,5,16,933,10.0707
jpr_25_100_5,1,18,834,3.31924
jpr_20_100_9,4,16,1042,7.9655
jpr_25_80_2,2,18,982,5.10177
jpr_25_100_6,1,18,1187,2.75573
jpr_20_100_2,5,16,984,8.71047
jpr_20_80_4,6,15,921,9.43988
jpr_20_60_7,7,14,876,11.6141
jpr_20_60_3,8,15,785,12.4003
jpr_20_100_10,4,16,1115,7.19341
jpr_25_100_7,1,19,951,2.78643
jpr_25_80_3,2,17,1171,6.73052
jpr_25_100_8,1,17,897,3.25791
jpr_20_100_3,5,14,969,7.68724
jpr_20_80_5,6,15,856,9.63867
jpr_20_120_1,4,16,959,7.18742
jpr_20_60_8,7,14,878,11.0348
jpr_25_80_4,2,16,888,6.15703
jpr_25_100_9,1,18,1344,2.90504
jpr_20_60_4,8,13,984,15.3162
jpr_20_100_4,5,16,1014,9.06951
jpr_20_120_2,4,16,1068,8.07108
jpr_20_80_6,6,13,840,8.7617
jpr_25_80_5,2,17,1085,5.04859
jpr_25_100_10,1,18,1238,2.68422
jpr_20_60_9,7,13,901,9.84975
jpr_20_60_5,8,14,867,11.6026
jpr_25_150_1,1,21,1448,3.30633
jpr_25_80_6,2,15,993,4.09055
jpr_20_120_3,4,16,910,7.59821
jpr_20_100_5,5,16,929,8.88658
jpr_20_80_7,6,14,844,9.0687
jpr_25_150_2,1,19,1210,3.24075
jpr_20_60_10,7,14,762,11.4014
jpr_25_80_7,2,17,1154,4.80291
jpr_20_60_6,8,13,732,10.6613
jpr_20_100_6,5,14,773,7.90399
jpr_20_120_4,4,17,1146,8.16199
jpr_25_150_3,1,21,1478,3.41287
jpr_20_80_8,6,14,972,11.3309
jpr_25_80_8,2,16,1039,5.11897
jpr_25_150_4,1,19,1152,3.01307
jpr_20_80_1,7,15,1058,11.937
jpr_20_120_5,4,16,1261,9.2208
jpr_20_100_7,5,16,1102,9.92199
jpr_25_80_9,2,16,986,4.6191
jpr_20_60_7,8,14,876,12.3131
jpr_25_150_5,1,21,1290,3.34764
jpr_20_80_9,6,14,925,9.6383
jpr_25_80_10,2,16,1085,4.10686
jpr_20_80_2,7,14,892,10.9641
jpr_25_150_6,1,20,1151,2.64069
jpr_20_120_6,4,16,1014,7.74727
jpr_20_100_8,5,15,1077,8.51363
jpr_20_80_10,6,14,849,8.43073
jpr_20_60_8,8,13,844,11.5345
jpr_25_150_7,1,20,1132,3.17146
jpr_25_100_1,2,18,1223,4.49924
jpr_20_120_7,4,16,1000,7.16041
jpr_20_80_3,7,14,939,11.1639
jpr_25_150_8,1,20,1090,3.24431
jpr_20_100_9,5,16,1042,9.44015
jpr_25_100_2,2,19,1248,5.41677
jpr_20_100_1,6,17,981,11.2889
jpr_20_60_9,8,13,901,11.1579
jpr_20_120_8,4,17,1066,8.20437
jpr_25_150_9,1,20,1277,3.40504
jpr_25_100_3,2,20,1255,5.02634
jpr_20_100_10,5,16,1115,8.8577
jpr_20_80_4,7,15,921,10.42
jpr_25_150_10,1,20,1547,3.06517
jpr_20_100_2,6,16,984,10.4292
jpr_20_60_10,8,14,762,10.9358
jpr_20_120_9,4,17,1037,7.56688
jpr_25_100_4,2,18,969,4.77729
jpr_20_120_1,5,16,959,8.97338
jpr_25_200_1,1,21,1446,3.6783
jpr_20_80_5,7,15,856,11.6414
jpr_20_120_10,4,17,802,8.69027
jpr_25_100_5,2,18,834,5.10029
jpr_20_100_3,6,14,969,10.9755
jpr_25_200_2,1,22,1226,4.9096
jpr_20_80_1,8,15,1058,13.6076
jpr_20_120_2,5,16,1068,9.76815
jpr_25_100_6,2,18,1187,5.36841
jpr_25_40_1,4,13,863,6.40516
jpr_20_80_6,7,13,840,10.3395
jpr_25_200_3,1,21,1220,5.15102
jpr_25_100_7,2,19,951,5.04155
jpr_20_80_2,8,14,892,12.4891
jpr_25_40_2,4,13,939,6.32688
jpr_20_100_4,6,15,1010,16.9325
jpr_25_200_4,1,22,1592,3.83091
jpr_20_80_7,7,14,844,10.4195
jpr_20_120_3,5,15,897,17.4973
jpr_25_200_5,1,20,1304,3.3438
jpr_25_100_8,2,17,897,8.00897
jpr_20_80_3,8,14,939,12.2604
jpr_20_100_5,6,16,929,11.157
jpr_25_40_3,4,13,965,12.1777
jpr_25_200_6,1,21,1458,3.94904
jpr_20_120_4,5,17,1144,9.58717
jpr_20_80_8,7,15,983,11.1764
jpr_25_100_9,2,18,1344,5.41558
jpr_25_200_7,1,20,1313,3.38445
jpr_25_40_4,4,13,559,6.60146
jpr_25_100_10,2,18,1238,4.94978
jpr_20_100_6,6,14,773,10.6698
jpr_20_120_5,5,16,1261,9.39886
jpr_20_80_4,8,15,921,14.6095
jpr_20_80_9,7,14,925,10.2582
jpr_25_200_8,1,22,1708,4.51571
jpr_25_40_5,4,13,729,6.67842
jpr_25_150_1,2,21,1448,6.48911
jpr_25_200_9,1,21,1371,3.58607
jpr_20_100_7,6,16,1102,12.7673
jpr_20_120_6,5,16,1014,10.5378
jpr_20_80_10,7,14,849,11.8401
jpr_20_80_5,8,15,856,13.4744
jpr_25_40_6,4,13,726,6.67359
jpr_25_200_10,1,21,1152,3.88553
jpr_25_150_2,2,19,1210,6.06348
jpr_25_40_7,4,13,984,5.8887
jpr_20_120_7,5,16,1000,9.57081
jpr_20_100_8,6,15,1077,10.6635
jpr_25_150_3,2,21,1457,6.39235
jpr_20_80_6,8,13,840,11.254
jpr_20_100_1,7,16,933,15.475
jpr_25_40_8,4,13,822,5.7876
jpr_25_150_4,2,19,1152,7.13608
jpr_20_100_9,6,16,1042,11.0177
jpr_10_10_1,9,4,174,2.31118
jpr_20_80_7,8,14,844,12.1217
jpr_25_40_9,4,14,817,5.94306
jpr_20_120_8,5,16,1065,19.0475
jpr_20_100_2,7,16,984,13.7374
jpr_10_10_2,9,5,159,2.44267
jpr_20_100_10,6,16,1115,9.59404
jpr_25_150_5,2,20,1213,12.5812
jpr_10_10_3,9,4,232,2.00015
jpr_25_40_10,4,14,804,6.63615
jpr_20_80_8,8,15,983,14.2089
jpr_20_120_9,5,17,1037,13.0169
jpr_10_10_4,9,4,184,2.08869
jpr_20_100_3,7,14,969,12.2051
jpr_25_150_6,2,20,1151,6.52082
jpr_25_80_1,4,17,1337,8.53158
jpr_10_10_5,9,4,308,1.973
jpr_20_120_1,6,16,959,11.1796
jpr_25_150_7,2,20,1132,5.80151
jpr_20_120_10,5,17,802,10.5022
jpr_10_10_6,9,4,268,2.07731
jpr_20_80_9,8,14,925,13.563
jpr_20_100_4,7,15,1010,12.2745
jpr_25_80_2,4,17,917,8.53427
jpr_10_10_7,9,4,220,1.96799
jpr_20_120_2,6,16,1068,11.206
jpr_25_40_1,5,13,863,8.05463
jpr_10_10_8,9,5,372,2.758
jpr_25_150_8,2,19,1065,11.1888
jpr_20_100_5,7,16,929,12.3704
jpr_25_80_3,4,17,1162,9.23929
jpr_20_80_10,8,15,891,13.5741
jpr_10_10_9,9,5,234,2.29382
jpr_20_120_3,6,15,897,12.1963
jpr_25_40_2,5,14,863,8.27519
jpr_25_150_9,2,20,1277,6.21232
jpr_10_10_10,9,4,215,2.37257
jpr_25_80_4,4,16,888,9.07922
jpr_20_100_6,7,14,773,11.3251
jpr_25_150_10,2,20,1540,6.47215
jpr_10_20_1,9,5,271,2.56507
jpr_25_40_3,5,13,977,8.49453
jpr_20_100_1,8,16,933,16.9843
jpr_20_120_4,6,17,1144,12.1102
jpr_10_20_2,9,7,257,3.47934
jpr_25_80_5,4,17,1085,10.2296
jpr_25_200_1,2,21,1446,6.747
jpr_20_100_7,7,16,1102,12.7759
jpr_25_40_4,5,13,532,7.9258
jpr_10_20_3,9,6,334,2.99947
jpr_20_120_5,6,16,1261,13.1495
jpr_20_100_2,8,16,984,15.4941
jpr_25_80_6,4,15,971,9.04973
jpr_25_200_2,2,22,1226,7.76927
jpr_10_20_4,9,6,311,3.1636
jpr_25_40_5,5,13,729,8.76048
jpr_20_100_8,7,15,1077,11.9998
jpr_10_20_5,9,6,262,3.00146
jpr_25_200_3,2,21,1220,6.75682
jpr_25_80_7,4,17,1161,8.67351
jpr_20_120_6,6,16,1011,11.5144
jpr_25_40_6,5,13,726,7.07467
jpr_20_100_3,8,14,969,12.9278
jpr_10_20_6,9,6,323,2.82181
jpr_25_200_4,2,22,1611,6.59155
jpr_20_100_9,7,16,1042,13.3245
jpr_25_80_8,4,16,1039,8.04303
jpr_10_20_7,9,6,403,2.97246
jpr_20_120_7,6,16,1000,11.2984
jpr_25_40_7,5,13,949,11.7048
jpr_20_100_4,8,16,1014,15.4096
jpr_25_200_5,2,20,1304,6.58023
jpr_25_80_9,4,16,986,7.38
jpr_10_20_8,9,6,458,3.56657
jpr_20_100_10,7,16,1115,12.3987
jpr_25_40_8,5,13,822,7.25702
jpr_20_120_8,6,17,1067,11.4747
jpr_10_20_9,9,6,400,3.00547
jpr_25_200_6,2,21,1458,6.77695
jpr_25_80_10,4,16,1085,8.3853
jpr_10_20_10,9,6,388,2.94963
jpr_25_40_9,5,14,828,8.35704
jpr_20_100_5,8,16,929,16.2756
jpr_20_120_1,7,16,959,13.4359
jpr_25_200_7,2,20,1313,7.3505
jpr_20_120_9,6,17,1037,12.7054
jpr_10_30_1,9,8,469,4.47765
jpr_25_100_1,4,18,1223,10.0404
jpr_25_40_10,5,14,804,10.9566
jpr_20_100_6,8,14,773,12.8624
jpr_10_30_2,9,7,563,4.01595
jpr_25_200_8,2,22,1708,7.70877
jpr_20_120_2,7,16,1068,13.3553
jpr_20_120_10,6,17,802,12.1469
jpr_25_100_2,4,19,1212,10.0727
jpr_10_30_3,9,7,537,3.57995
jpr_25_200_9,2,21,1371,7.37199
jpr_25_80_1,5,17,1337,11.4654
jpr_20_100_7,8,16,1102,14.3883
jpr_10_30_4,9,8,325,4.44156
jpr_25_40_1,6,13,863,8.90686
jpr_20_120_3,7,16,910,12.8148
jpr_25_100_3,4,20,1255,10.4694
jpr_25_200_10,2,21,1152,7.32576
jpr_10_30_5,9,7,391,3.51413
jpr_25_80_2,5,17,917,11.286
jpr_25_40_2,6,14,863,9.05354
jpr_25_100_4,4,18,969,9.04212
jpr_20_100_8,8,15,1077,13.292
jpr_10_30_6,9,7,386,3.92114
jpr_20_120_4,7,16,1117,13.0149
jpr_10_30_7,9,6,395,3.12753
jpr_25_80_3,5,17,1171,11.4192
jpr_25_100_5,4,18,834,9.52623
jpr_25_40_3,6,13,965,14.8108
jpr_10_30_8,9,7,447,3.70945
jpr_20_100_9,8,16,1042,13.9249
jpr_20_120_5,7,16,1261,13.1954
jpr_10_10_1,10,4,174,2.13897
jpr_25_80_4,5,16,888,10.7553
jpr_10_30_9,9,7,418,4.79594
jpr_25_100_6,4,18,1187,10.4376
jpr_10_10_2,10,5,159,3.00441
jpr_25_40_4,6,13,532,10.5651
jpr_10_30_10,9,7,445,4.48881
jpr_20_120_6,7,16,1011,13.4053
jpr_20_100_10,8,16,1115,15.7946
jpr_10_10_3,10,4,232,2.21337
jpr_25_80_5,5,17,1085,10.8456
jpr_25_100_7,4,19,944,9.62331
jpr_10_40_1,9,8,526,4.33407
jpr_10_10_4,10,4,184,2.49697
jpr_25_40_5,6,13,729,10.6233
jpr_20_120_7,7,16,1000,12.7701
jpr_25_80_6,5,15,971,10.3754
jpr_10_10_5,10,4,308,2.16889
jpr_20_120_1,8,16,959,15.0835
jpr_10_40_2,9,8,496,4.24407
jpr_25_40_6,6,13,726,8.22035
jpr_25_100_8,4,17,897,12.3748
jpr_10_10_6,10,4,268,3.24258
jpr_10_40_3,9,8,548,6.88666
jpr_10_10_7,10,4,220,3.22526
jpr_25_80_7,5,17,1161,21.418
jpr_10_40_4,9,8,426,10.6031
jpr_20_120_8,7,16,1065,37.3594
jpr_25_100_9,4,18,1344,20.9849
jpr_10_10_8,10,5,372,5.70723
jpr_20_120_2,8,16,1068,35.1785
jpr_25_40_7,6,13,949,32.9795
jpr_25_80_8,5,16,1039,22.435
jpr_10_10_9,10,5,234,6.27835
jpr_10_40_5,9,8,449,10.7712
jpr_25_100_10,4,18,1238,20.0708
jpr_10_10_10,10,4,215,4.48991
jpr_25_40_8,6,13,822,18.2425
jpr_20_120_9,7,16,964,27.6966
jpr_20_120_3,8,16,910,31.8103
jpr_10_40_6,9,8,475,10.3784
jpr_25_80_9,5,16,986,22.7169
jpr_10_20_1,10,5,271,7.10956
jpr_10_40_7,9,8,309,10.3213
jpr_25_150_1,4,21,1448,25.4651
jpr_25_40_9,6,14,804,20.3788
jpr_10_20_2,10,7,257,8.03474
jpr_20_120_10,7,17,802,29.5953
jpr_20_120_4,8,17,1144,34.6231
jpr_10_40_8,9,8,579,10.0777
jpr_25_80_10,5,16,1137,28.924
jpr_10_20_3,10,6,334,7.70599
jpr_25_150_2,4,19,1210,23.7116
jpr_25_40_10,6,14,804,26.5878
jpr_10_40_9,9,8,467,9.78952
jpr_25_40_1,7,13,863,22.3521
jpr_10_20_4,10,6,311,6.78263
jpr_25_100_1,5,18,1223,26.0384
jpr_10_20_5,10,6,262,7.70711
jpr_20_120_5,8,16,1261,32.9954
jpr_10_40_10,9,8,524,11.0418
jpr_25_150_3,4,21,1457,25.7536
jpr_25_80_1,6,17,1337,27.8046
jpr_25_40_2,7,14,863,27.1072
jpr_10_20_6,10,6,323,7.83036
jpr_15_20_1,9,6,464,8.08465
jpr_25_100_2,5,19,1212,28.5991
jpr_10_20_7,10,6,403,9.29758
jpr_20_120_6,8,16,1011,33.7382
jpr_15_20_2,9,8,327,12.3574
jpr_25_80_2,6,17,917,27.7821
jpr_25_150_4,4,19,1152,38.339
jpr_10_20_8,10,6,458,8.89752
jpr_15_20_3,9,6,395,9.51542
jpr_25_40_3,7,13,965,54.899
jpr_10_20_9,10,6,400,7.04617
jpr_25_80_3,6,17,1171,27.8283
jpr_20_120_7,8,16,1000,31.6014
jpr_25_100_3,5,20,1255,29.2633
jpr_15_20_4,9,7,467,16.9147
jpr_10_20_10,10,6,388,6.9286
jpr_25_150_5,4,20,1213,25.6561
jpr_25_40_4,7,13,559,22.2204
jpr_15_20_5,9,7,333,11.5254
jpr_25_80_4,6,16,888,24.8489
jpr_10_30_1,10,8,439,10.2593
jpr_25_100_4,5,18,969,25.8489
jpr_20_120_8,8,16,1065,35.0462
jpr_15_20_6,9,7,453,10.4838
jpr_25_40_5,7,13,729,23.0144
jpr_25_150_6,4,20,1151,25.7103
jpr_10_30_2,10,7,563,9.55838
jpr_15_20_7,9,7,406,10.4946
jpr_25_100_5,5,18,834,26.1008
jpr_10_30_3,10,7,537,10.3058
jpr_20_120_9,8,16,964,34.4286
jpr_25_40_6,7,13,726,23.0355
jpr_25_150_7,4,20,1132,25.0812
jpr_25_80_5,6,17,1085,30.3932
jpr_15_20_8,9,8,472,12.1641
jpr_10_30_4,10,8,325,10.3017
jpr_25_100_6,5,18,1187,25.6454
jpr_10_30_5,10,7,391,8.46009
jpr_15_20_9,9,9,435,11.7921
jpr_25_40_7,7,13,949,28.9017
jpr_20_120_10,8,17,802,36.3601
jpr_25_150_8,4,19,1065,32.3926
jpr_25_80_6,6,15,971,25.3051
jpr_10_30_6,10,7,386,9.54207
jpr_15_20_10,9,8,576,11.2276
jpr_25_100_7,5,19,951,26.8631
jpr_25_40_8,7,13,822,22.383
jpr_10_30_7,10,6,395,7.44916
jpr_25_150_9,4,20,1281,25.663
jpr_25_40_1,8,13,837,27.3545
jpr_25_80_7,6,17,1154,28.4333
jpr_15_40_1,9,9,550,15.0811
jpr_10_30_8,10,7,447,9.70362
jpr_25_100_8,5,17,897,26.0461
jpr_25_40_9,7,14,804,23.8406
jpr_15_40_2,9,10,549,15.875
jpr_10_30_9,10,7,418,8.63613
jpr_25_150_10,4,20,1540,25.5546
jpr_25_80_8,6,16,1039,25.3215
jpr_25_40_2,8,14,863,27.5208
jpr_25_100_9,5,18,1344,26.2462
jpr_10_30_10,10,7,445,9.36931
jpr_15_40_3,9,10,626,17.5134
jpr_25_40_10,7,14,804,26.4869
jpr_25_200_1,4,21,1446,28.5163
jpr_10_40_1,10,8,526,10.5177
jpr_25_80_9,6,16,986,26.4054
jpr_15_40_4,9,10,519,15.5964
jpr_25_40_3,8,13,965,38.1912
jpr_25_100_10,5,18,1238,28.3818
jpr_10_40_2,10,8,496,9.98828
jpr_25_80_1,7,17,1337,32.1766
jpr_15_40_5,9,10,595,14.4872
jpr_25_200_2,4,22,1226,27.7516
jpr_25_80_10,6,16,1085,25.419
jpr_10_40_3,10,8,557,10.2418
jpr_25_40_4,8,13,559,23.7207
jpr_25_150_1,5,21,1448,33.5775
jpr_15_40_6,9,10,625,14.3976
jpr_10_40_4,10,8,426,12.4949
jpr_25_80_2,7,17,917,31.7253
jpr_25_100_1,6,18,1223,29.8567
jpr_25_200_3,4,21,1220,30.9274
jpr_25_40_5,8,13,729,25.7341
jpr_15_40_7,9,10,606,14.7083
jpr_10_40_5,10,8,449,11.0082
jpr_25_150_2,5,19,1210,30.0918
jpr_15_40_8,9,9,588,12.926
jpr_10_40_6,10,8,475,11.3769
jpr_25_40_6,8,13,726,23.2161
jpr_25_200_4,4,22,1592,28.5389
jpr_25_100_2,6,19,1212,31.8114
jpr_25_80_3,7,17,1171,47.5646
jpr_10_40_7,10,8,309,11.5467
jpr_15_40_9,9,11,660,17.0293
jpr_25_150_3,5,21,1457,32.4179
jpr_25_200_5,4,20,1304,25.6355
jpr_25_40_7,8,13,949,33.1884
jpr_10_40_8,10,8,579,10.94
jpr_25_80_4,7,16,888,30.1444
jpr_15_40_10,9,10,681,14.6183
jpr_25_100_3,6,19,1243,48.219
jpr_25_150_4,5,19,1152,29.8411
jpr_10_40_9,10,8,467,12.4502
jpr_25_40_8,8,13,822,23.8325
jpr_15_60_1,9,11,755,17.3265
jpr_25_200_6,4,21,1458,27.8034
jpr_10_40_10,10,8,524,11.2386
jpr_25_80_5,7,17,1085,33.6299
jpr_25_100_4,6,18,969,28.9866
jpr_25_150_5,5,20,1213,29.939
jpr_15_60_2,9,12,671,20.2342
jpr_15_20_1,10,6,464,12.5649
jpr_25_40_9,8,14,817,31.4746
jpr_25_200_7,4,20,1313,31.291
jpr_25_80_6,7,15,971,28.6143
jpr_15_60_3,9,12,731,16.3985
jpr_15_20_2,10,8,327,12.7386
jpr_25_100_5,6,18,834,29.6579
jpr_25_150_6,5,20,1151,40.8122
jpr_15_20_3,10,6,395,9.61272
jpr_25_40_10,8,14,804,33.1583
jpr_25_200_8,4,21,1662,32.899
jpr_15_60_4,9,10,606,19.98
jpr_25_80_7,7,17,1154,29.5732
jpr_25_100_6,6,18,1187,26.8809
jpr_15_20_4,10,7,467,11.9268
jpr_25_150_7,5,20,1132,26.5905
jpr_15_60_5,9,11,737,24.6967
jpr_25_200_9,4,21,1371,28.2161
jpr_15_20_5,10,7,333,10.8841
jpr_25_80_8,7,15,1059,27.7996
jpr_25_80_1,8,17,1337,38.6929
jpr_15_20_6,10,7,453,10.5042
jpr_15_60_6,9,11,750,18.9621
jpr_25_100_7,6,19,944,48.7183
jpr_25_150_8,5,19,1066,34.2448
jpr_25_200_10,4,21,1152,27.859
jpr_25_80_9,7,16,986,30.006
jpr_15_20_7,10,7,406,10.9906
jpr_25_80_2,8,17,917,39.1076
jpr_15_60_7,9,11,743,19.1191
jpr_15_20_8,10,8,472,12.1805
jpr_25_100_8,6,17,897,29.0952
jpr_25_150_9,5,20,1277,30.7861
jpr_25_80_10,7,16,1085,30.6048
jpr_15_60_8,9,11,768,18.2611
jpr_15_20_9,10,9,435,13.4082
jpr_10_10_1,11,4,174,5.23404
jpr_25_100_9,6,18,1344,30.4156
jpr_25_150_10,5,20,1540,31.1314
jpr_10_10_2,11,5,159,5.84174
jpr_15_60_9,9,12,825,20.6209
jpr_15_20_10,10,8,576,12.988
jpr_25_80_3,8,17,1171,58.7358
jpr_25_100_1,7,18,1223,34.5671
jpr_10_10_3,11,4,232,5.16517
jpr_15_40_1,10,9,550,14.8019
jpr_15_60_10,9,11,593,20.014
jpr_10_10_4,11,4,184,4.90526
jpr_25_100_10,6,18,1238,30.1305
jpr_25_200_1,5,21,1446,38.1982
jpr_25_80_4,8,16,888,36.2952
jpr_10_10_5,11,4,308,6.03833
jpr_25_100_2,7,19,1212,37.8019
jpr_15_80_1,9,12,661,23.3405
jpr_15_40_2,10,9,526,30.2892
jpr_10_10_6,11,4,268,6.94948
jpr_25_150_1,6,21,1448,36.8533
jpr_10_10_7,11,4,220,3.59936
jpr_25_200_2,5,22,1226,36.2612
jpr_25_80_5,8,17,1085,36.2596
jpr_15_40_3,10,10,626,20.6008
jpr_10_10_8,11,5,372,6.64558
jpr_15_80_2,9,12,702,21.2028
jpr_25_100_3,7,19,1243,45.6315
jpr_10_10_9,11,5,234,7.1708
jpr_25_150_2,6,19,1210,34.6714
jpr_15_40_4,10,10,519,15.9244
jpr_15_80_3,9,12,884,19.7814
jpr_25_80_6,8,15,993,31.9897
jpr_25_200_3,5,21,1220,39.7874
jpr_10_10_10,11,4,215,5.86035
jpr_15_40_5,10,10,595,17.5745
jpr_25_100_4,7,18,969,34.3118
jpr_10_20_1,11,5,271,7.57569
jpr_15_80_4,9,12,776,20.8434
jpr_25_150_3,6,21,1457,37.7035
jpr_15_40_6,10,9,619,14.7637
jpr_10_20_2,11,7,257,11.1324
jpr_25_80_7,8,17,1154,36.0241
jpr_25_200_4,5,22,1592,36.517
jpr_15_80_5,9,12,828,30.2282
jpr_25_100_5,7,18,834,53.6844
jpr_15_40_7,10,10,606,16.5506
jpr_25_150_4,6,19,1152,36.907
jpr_10_20_3,11,6,334,7.68359
jpr_25_200_5,5,20,1304,33.6146
jpr_25_80_8,8,16,1039,54.4589
jpr_15_80_6,9,12,729,20.5908
jpr_10_20_4,11,6,311,9.83034
jpr_15_40_8,10,9,588,36.5505
jpr_25_200_6,5,21,1458,38.6318
jpr_25_150_5,6,20,1244,40.6205
jpr_25_100_6,7,18,1187,49.0122
jpr_25_80_9,8,16,986,36.575
jpr_15_80_7,9,13,892,21.5098
jpr_10_20_5,11,6,262,14.2581
jpr_15_40_9,10,11,660,21.389
jpr_25_200_7,5,20,1313,34.3031
jpr_25_150_6,6,20,1151,36.7848
jpr_10_20_6,11,6,323,7.86836
jpr_15_80_8,9,12,852,21.2002
jpr_25_100_7,7,19,944,38.6529
jpr_15_40_10,10,10,681,16.1438
jpr_25_80_10,8,16,1085,43.4947
jpr_10_20_7,11,6,403,8.7326
jpr_25_200_8,5,21,1662,43.4805
jpr_10_20_8,11,6,479,11.0495
jpr_25_150_7,6,20,1132,41.2144
jpr_25_100_8,7,17,897,39.7855
jpr_15_80_9,9,12,777,39.8582
jpr_10_20_9,11,6,400,8.10078
jpr_15_60_1,10,11,755,32.8193
jpr_25_200_9,5,21,1371,34.8649
jpr_25_100_1,8,18,1223,39.0752
jpr_10_20_10,11,6,388,8.4039
jpr_15_60_2,10,12,671,22.5006
jpr_15_80_10,9,12,781,19.9571
jpr_25_100_9,7,18,1344,36.3906
jpr_10_30_1,11,8,469,10.9519
jpr_25_150_8,6,19,1065,66.1204
jpr_25_200_10,5,21,1152,41.7929
jpr_10_30_2,11,7,563,9.59719
jpr_15_100_1,9,13,837,23.6955
jpr_15_60_3,10,12,731,22.696
jpr_25_100_2,8,19,1212,42.1288
jpr_10_30_3,11,7,537,10.5212
jpr_25_100_10,7,18,1238,35.3777
jpr_25_150_9,6,20,1277,39.4415
jpr_10_30_4,11,8,325,10.3787
jpr_15_100_2,9,13,723,23.7776
jpr_15_60_4,10,10,606,21.158
jpr_10_10_1,12,4,174,5.66238
jpr_10_30_5,11,7,391,9.50666
jpr_10_10_2,12,5,159,6.23408
jpr_25_150_1,7,21,1448,47.2451
jpr_15_100_3,9,13,805,23.5183
jpr_15_60_5,10,11,737,20.8704
jpr_25_100_3,8,19,1243,53.9799
jpr_10_30_6,11,7,386,10.092
jpr_25_150_10,6,20,1540,38.492
jpr_10_10_3,12,4,232,5.99734
jpr_10_30_7,11,6,395,8.12657
jpr_15_60_6,10,11,750,19.3914
jpr_15_100_4,9,13,866,22.0569
jpr_10_10_4,12,4,184,5.76429
jpr_25_150_2,7,19,1210,41.7243
jpr_10_30_8,11,7,447,9.72902
jpr_10_10_5,12,4,308,5.68367
jpr_25_100_4,8,18,969,37.9844
jpr_25_200_1,6,21,1446,40.555
jpr_15_60_7,10,11,743,17.609
jpr_15_100_5,9,13,835,23.455
jpr_10_10_6,12,4,268,5.918
jpr_10_30_9,11,7,418,11.2528
jpr_10_10_7,12,4,220,5.54826
jpr_15_60_8,10,11,768,19.4382
jpr_10_30_10,11,7,445,10.7685
jpr_15_100_6,9,13,971,23.3562
jpr_25_100_5,8,18,834,38.691
jpr_10_10_8,12,5,372,7.01991
jpr_25_150_3,7,21,1457,47.6724
jpr_25_200_2,6,22,1214,42.3852
jpr_15_60_9,10,12,825,21.2391
jpr_10_10_9,12,5,234,7.39794
jpr_15_100_7,9,14,865,25.0446
jpr_10_10_10,12,4,215,5.45307
jpr_25_100_6,8,18,1187,38.7281
jpr_15_60_10,10,11,593,20.7501
jpr_10_20_1,12,5,271,6.9308
jpr_25_200_3,6,21,1220,38.7774
jpr_25_150_4,7,19,1152,49.8812
jpr_10_20_2,12,7,257,9.7618
jpr_15_100_8,9,13,863,35.9307
jpr_15_80_1,10,12,661,23.417
jpr_10_20_3,12,6,334,8.7133
jpr_25_100_7,8,18,922,44.3749
jpr_25_200_4,6,22,1592,43.6704
jpr_15_100_9,9,14,877,22.694
jpr_10_20_4,12,6,311,6.88732
jpr_15_80_2,10,12,702,21.5537
jpr_25_150_5,7,20,1213,47.3857
jpr_10_20_5,12,6,262,8.70618
jpr_15_100_10,9,13,767,23.6985
jpr_10_20_6,12,6,323,9.18692
jpr_15_80_3,10,12,884,28.2716
jpr_25_200_5,6,20,1304,41.1828
jpr_25_100_8,8,17,897,39.1036
jpr_20_20_1,9,9,430,14.6321
jpr_10_20_7,12,6,403,5.60565
jpr_25_150_6,7,20,1151,43.0814
jpr_10_20_8,12,6,458,8.77215
jpr_15_80_4,10,12,776,24.9283
jpr_20_20_2,9,9,501,15.3135
jpr_25_100_9,8,18,1344,38.0275
jpr_25_200_6,6,21,1458,40.477
jpr_10_20_9,12,6,400,11.7454
jpr_20_20_3,9,10,662,20.5009
jpr_25_150_7,7,20,1132,41.8495
jpr_10_20_10,12,6,388,10.202
jpr_15_80_5,10,12,828,32.3057
jpr_20_20_4,9,8,557,15.264
jpr_25_200_7,6,20,1313,38.4626
jpr_10_30_1,12,8,439,9.12971
jpr_25_100_10,8,18,1238,42.0442
jpr_15_80_6,10,12,697,22.1314
jpr_20_20_5,9,9,487,11.7159
jpr_25_150_8,7,20,1082,41.961
jpr_10_30_2,12,7,563,11.7101
jpr_10_30_3,12,7,537,9.39352
jpr_15_80_7,10,12,862,24.8831
jpr_20_20_6,9,9,555,18.2797
jpr_25_150_1,8,21,1448,48.5852
jpr_25_200_8,6,21,1662,53.3028
jpr_10_30_4,12,8,325,11.8992
jpr_20_20_7,9,8,410,13.9735
jpr_25_150_9,7,20,1277,46.711
jpr_15_80_8,10,12,852,20.2305
jpr_10_30_5,12,7,391,11.1997
jpr_20_20_8,9,8,568,12.8614
jpr_10_30_6,12,7,386,10.4825
jpr_25_200_9,6,21,1371,42.7377
jpr_15_80_9,10,12,777,26.3885
jpr_20_20_9,9,7,454,11.5288
jpr_25_150_2,8,19,1210,53.2467
jpr_10_30_7,12,6,395,8.17915
jpr_25_150_10,7,20,1521,47.0318
jpr_20_20_10,9,8,521,13.4396
jpr_15_80_10,10,12,750,22.1789
jpr_10_30_8,12,7,447,10.291
jpr_25_200_10,6,21,1152,38.37
jpr_20_40_1,9,12,793,21.904
jpr_15_100_1,10,13,837,25.3182
jpr_10_30_9,12,7,418,11.8703
jpr_25_150_3,8,21,1457,48.8481
jpr_25_200_1,7,21,1446,55.1681
jpr_10_30_10,12,7,445,10.8808
jpr_20_40_2,9,10,713,25.2299
jpr_10_10_1,13,4,174,3.24763
jpr_15_100_2,10,13,723,21.5337
jpr_10_40_1,12,8,526,5.62929
jpr_25_150_4,8,19,1152,39.256
jpr_20_40_3,9,12,848,10.9188
jpr_15_100_3,10,13,805,12.1138
jpr_10_10_2,13,5,159,3.60807
jpr_25_200_2,7,22,1214,25.2925
jpr_10_40_2,12,8,496,5.19615
jpr_10_10_3,13,4,232,2.83111
jpr_20_40_4,9,11,564,10.0605
jpr_15_100_4,10,13,866,12.7253
jpr_10_40_3,12,8,548,6.18929
jpr_10_10_4,13,4,184,3.0368
jpr_25_200_3,7,21,1220,22.1871
jpr_10_40_4,12,8,426,5.76486
jpr_10_10_5,13,4,308,3.30851
jpr_20_40_5,9,11,594,18.0699
jpr_25_150_5,8,20,1244,42.3956
jpr_15_100_5,10,13,835,12.8032
jpr_10_10_6,13,4,268,3.32847
jpr_10_40_5,12,8,449,6.72251
jpr_10_10_7,13,4,220,2.81059
jpr_20_40_6,9,11,726,10.6323
jpr_10_40_6,12,8,475,6.46022
jpr_15_100_6,10,13,971,12.7009
jpr_10_10_8,13,5,372,3.8491
jpr_25_200_4,7,22,1592,24.6387
jpr_20_40_7,9,11,680,9.663
jpr_25_150_6,8,20,1151,25.3493
jpr_10_40_7,12,8,309,5.31152
jpr_10_10_9,13,5,234,3.23085
jpr_15_100_7,10,14,865,11.626
jpr_10_10_10,13,4,215,2.92642
jpr_10_40_8,12,8,579,5.80523
jpr_20_40_8,9,12,745,11.3805
jpr_25_200_5,7,20,1304,20.7018
jpr_10_20_1,13,5,271,4.06992
jpr_10_40_9,12,8,467,6.41975
jpr_25_150_7,8,20,1132,20.9871
jpr_20_40_9,9,11,725,11.2437
jpr_10_20_2,13,7,257,5.16208
jpr_15_100_8,10,13,863,24.6779
jpr_10_40_10,12,8,524,5.9111
jpr_25_200_6,7,21,1458,20.0155
jpr_10_20_3,13,6,334,4.32349
jpr_20_40_10,9,12,763,10.6405
jpr_15_20_1,12,6,464,6.7372
jpr_25_150_8,8,20,1082,20.4347
jpr_10_20_4,13,6,311,4.02076
jpr_15_100_9,10,14,877,15.0947
jpr_15_20_2,12,8,327,6.97839
jpr_10_20_5,13,6,262,5.35046
jpr_20_60_1,9,14,1102,12.4165
jpr_25_200_7,7,20,1313,19.5147
jpr_15_100_10,10,13,767,12.4255
jpr_10_20_6,13,6,323,4.69335
jpr_25_150_9,8,20,1277,21.0944
jpr_15_20_3,12,6,395,5.61986
jpr_20_60_2,9,13,827,12.2796
jpr_10_20_7,13,6,403,4.52401
jpr_20_20_1,10,9,430,8.12621
jpr_15_20_4,12,7,467,6.31813
jpr_10_20_8,13,6,479,4.93259
jpr_25_200_8,7,22,1708,23.4526
jpr_20_20_2,10,9,501,7.44465
jpr_15_20_5,12,7,333,6.90672
jpr_20_60_3,9,15,785,13.7752
jpr_25_150_10,8,20,1521,23.0744
jpr_10_20_9,13,6,400,4.70769
jpr_15_20_6,12,7,453,6.01679
jpr_20_20_3,10,10,662,8.77661
jpr_10_20_10,13,6,388,4.28601
jpr_20_60_4,9,14,984,13.1042
jpr_25_200_9,7,21,1371,23.7402
jpr_15_20_7,12,7,406,7.8179
jpr_20_20_4,10,8,557,6.68438
jpr_10_30_1,13,8,439,5.68194
jpr_25_200_1,8,21,1446,26.0839
jpr_20_60_5,9,14,867,12.9924
jpr_10_30_2,13,7,563,6.44874
jpr_20_20_5,10,9,487,8.36445
jpr_15_20_8,12,8,472,9.60437
jpr_25_200_10,7,21,1152,21.9394
jpr_10_30_3,13,7,537,5.76288
jpr_20_20_6,10,9,555,7.93867
jpr_15_20_9,12,9,435,7.55619
jpr_20_60_6,9,13,732,12.388
jpr_10_30_4,13,8,325,5.87886
jpr_20_20_7,10,8,410,6.5639
jpr_15_20_10,12,8,576,5.07715
jpr_25_200_2,8,22,1214,26.6626
jpr_10_30_5,13,7,391,3.78432
jpr_20_60_7,9,14,876,13.8209
jpr_10_10_1,14,4,174,1.97531
jpr_20_20_8,10,8,568,6.79352
jpr_15_40_1,12,9,550,8.99584
jpr_10_30_6,13,7,386,6.07698
jpr_10_10_2,14,5,159,3.81631
jpr_25_200_3,8,21,1220,18.6167
jpr_20_20_9,10,7,454,7.33446
jpr_10_10_3,14,4,232,2.01522
jpr_20_60_8,9,13,844,15.3133
jpr_15_40_2,12,10,549,9.78997
jpr_10_30_7,13,6,395,4.06542
jpr_20_20_10,10,8,521,5.25873
jpr_10_10_4,14,4,184,2.8255
jpr_10_30_8,13,7,447,4.662
jpr_15_40_3,12,10,626,9.14043
jpr_20_60_9,9,13,901,10.6946
jpr_10_10_5,14,4,308,3.07125
jpr_25_200_4,8,22,1592,17.6949
jpr_10_30_9,13,7,418,5.29274
jpr_20_40_1,10,12,801,11.0774
jpr_10_10_6,14,4,268,3.48006
jpr_15_40_4,12,10,519,9.1417
jpr_10_30_10,13,7,445,6.14276
jpr_10_10_7,14,4,220,3.0267
jpr_20_60_10,9,14,762,14.0807
jpr_20_40_2,10,10,713,10.5969
jpr_15_40_5,12,10,595,9.82636
jpr_10_10_8,14,5,372,4.06081
jpr_10_40_1,13,8,526,6.83677
jpr_25_200_5,8,20,1304,26.5256
jpr_10_10_9,14,5,234,3.51701
jpr_20_80_1,9,15,1058,14.5335
jpr_20_40_3,10,12,848,12.2232
jpr_10_40_2,13,8,496,6.93134
jpr_15_40_6,12,10,625,9.49828
jpr_10_10_10,14,4,215,3.28394
jpr_10_40_3,13,8,548,7.40393
jpr_10_20_1,14,5,271,4.06363
jpr_15_40_7,12,10,606,8.94424
jpr_20_40_4,10,11,564,10.9766
jpr_20_80_2,9,14,892,13.7011
jpr_25_200_6,8,21,1458,27.4712
jpr_10_20_2,14,7,257,5.47364
jpr_10_40_4,13,8,426,6.6546
jpr_15_40_8,12,9,588,8.59267
jpr_10_20_3,14,6,334,5.20395
jpr_20_40_5,10,11,594,16.6453
jpr_20_80_3,9,14,939,14.2585
jpr_10_40_5,13,8,449,6.93304
jpr_15_40_9,12,11,660,9.84924
jpr_10_20_4,14,6,311,5.30425
jpr_10_40_6,13,8,475,6.26959
jpr_20_40_6,10,11,726,12.1656
jpr_25_200_7,8,20,1313,26.1091
jpr_10_20_5,14,6,262,5.21124
jpr_20_80_4,9,15,921,17.2016
jpr_15_40_10,12,10,681,9.92399
jpr_10_40_7,13,8,309,6.9705
jpr_10_20_6,14,6,323,4.68533
jpr_20_40_7,10,11,680,10.9844
jpr_10_40_8,13,8,579,3.74264
jpr_15_60_1,12,11,755,11.7554
jpr_10_20_7,14,6,403,2.72547
jpr_20_80_5,9,15,856,14.2892
jpr_25_200_8,8,22,1708,20.1028
jpr_10_40_9,13,8,467,4.29726
jpr_20_40_8,10,12,745,10.1648
jpr_10_20_8,14,6,458,3.91934
jpr_10_40_10,13,8,524,5.95809
jpr_15_60_2,12,12,671,10.9904
jpr_20_80_6,9,13,840,13.7438
jpr_10_20_9,14,6,400,4.56862
jpr_20_40_9,10,11,725,10.3708
jpr_15_20_1,13,6,464,5.66417
jpr_25_200_9,8,21,1371,21.5686
jpr_10_20_10,14,6,388,4.41713
jpr_15_60_3,12,12,731,11.556
jpr_20_80_7,9,14,844,9.23367
jpr_15_20_2,13,8,327,7.38968
jpr_10_30_1,14,8,439,6.14855
jpr_20_40_10,10,12,763,10.0793
jpr_15_60_4,12,10,606,10.4502
jpr_15_20_3,13,6,395,6.01572
jpr_10_30_2,14,7,563,6.74662
jpr_20_80_8,9,15,983,14.8318
jpr_25_200_10,8,21,1152,23.8829
jpr_20_60_1,10,14,1093,14.6392
jpr_15_20_4,13,7,467,6.92953
jpr_10_30_3,14,7,537,6.29172
jpr_15_60_5,12,11,737,12.2102
jpr_20_80_9,9,14,925,13.7156
jpr_15_20_5,13,7,333,7.3842
jpr_10_30_4,14,8,325,6.96707
jpr_15_60_6,12,11,750,11.8705
jpr_20_60_2,10,13,827,24.1286
jpr_10_30_5,14,7,391,6.05999
jpr_15_20_6,13,7,453,6.70852
jpr_10_10_1,15,4,174,4.90847
jpr_20_80_10,9,14,849,13.2209
jpr_10_30_6,14,7,386,5.87068
jpr_10_10_2,15,5,159,4.28608
jpr_15_60_7,12,11,743,11.6549
jpr_15_20_7,13,7,450,9.02314
jpr_20_60_3,10,15,785,15.1503
jpr_10_10_3,15,4,232,3.3657
jpr_20_100_1,9,16,933,16.9332
jpr_10_30_7,14,6,395,6.10216
jpr_15_20_8,13,8,472,7.95538
jpr_15_60_8,12,11,768,11.094
jpr_10_10_4,15,4,184,3.86031
jpr_10_30_8,14,7,447,5.56738
jpr_10_10_5,15,4,308,3.32252
jpr_15_20_9,13,9,435,10.4895
jpr_20_60_4,10,13,984,18.6624
jpr_20_100_2,9,16,984,16.5954
jpr_15_60_9,12,11,791,12.8379
jpr_10_30_9,14,7,418,6.62948
jpr_10_10_6,15,4,268,3.94823
jpr_15_20_10,13,8,587,7.83129
jpr_10_30_10,14,7,445,5.72416
jpr_10_10_7,15,4,220,2.85034
jpr_20_100_3,9,14,969,11.0215
jpr_15_60_10,12,11,593,10.6477
jpr_20_60_5,10,14,867,13.8175
jpr_10_10_8,15,5,372,2.4385
jpr_10_40_1,14,8,526,6.33721
jpr_15_40_1,13,9,550,8.54055
jpr_10_10_9,15,5,234,2.85748
jpr_15_80_1,12,12,661,11.0211
jpr_15_40_2,13,10,549,6.4215
jpr_10_10_10,15,4,215,1.9519
jpr_10_40_2,14,8,496,6.63752
jpr_20_60_6,10,13,732,12.5027
jpr_20_100_4,9,15,1010,20.8944
jpr_10_20_1,15,5,271,4.41337
jpr_10_40_3,14,8,548,7.02484
jpr_15_40_3,13,10,626,9.92638
jpr_15_80_2,12,12,702,12.1339
jpr_20_60_7,10,14,876,12.7082
jpr_10_20_2,15,7,257,5.71801
jpr_10_40_4,14,8,426,6.19185
jpr_15_40_4,13,10,519,6.50343
jpr_20_100_5,9,16,929,14.9283
jpr_15_80_3,12,12,884,10.7907
jpr_10_20_3,15,6,334,4.16565
jpr_10_40_5,14,8,449,5.96204
jpr_20_60_8,10,13,844,11.8828
jpr_15_40_5,13,10,595,7.92649
jpr_10_20_4,15,6,311,4.06213
jpr_20_100_6,9,14,773,11.8059
jpr_10_40_6,14,8,475,6.70031
jpr_15_80_4,12,12,776,12.2232
jpr_10_20_5,15,6,262,5.93708
jpr_15_40_6,13,9,619,11.9911
jpr_20_60_9,10,13,901,13.3779
jpr_10_40_7,14,8,309,6.66123
jpr_10_20_6,15,6,323,5.74618
jpr_20_100_7,9,16,1102,16.4591
jpr_15_40_7,13,10,606,9.72865
jpr_10_40_8,14,8,579,6.89283
jpr_15_80_5,12,12,828,21.1793
jpr_10_20_7,15,6,403,5.47257
jpr_20_60_10,10,14,762,15.6416
jpr_10_40_9,14,8,467,6.70911
jpr_15_40_8,13,9,588,9.47054
jpr_20_100_8,9,15,1077,15.3456
jpr_10_20_8,15,6,458,5.55707
jpr_15_80_6,12,12,729,12.7935
jpr_10_40_10,14,8,524,6.85563
jpr_20_80_1,10,15,1058,16.7145
jpr_10_20_9,15,6,400,5.6095
jpr_15_40_9,13,11,660,11.4637
jpr_20_100_9,9,16,1042,15.9821
jpr_15_20_1,14,6,464,5.88244
jpr_10_20_10,15,6,388,6.21433
jpr_15_80_7,12,12,862,12.9095
jpr_15_40_10,13,10,681,11.6768
jpr_20_80_2,10,14,892,17.1763
jpr_15_20_2,14,8,327,8.09361
jpr_10_30_1,15,8,439,7.25982
jpr_20_100_10,9,16,1115,17.624
jpr_15_80_8,12,12,852,15.6792
jpr_15_20_3,14,6,395,8.23344
jpr_15_60_1,13,11,755,12.7345
jpr_10_30_2,15,7,563,6.34067
jpr_20_80_3,10,14,939,15.2482
jpr_10_30_3,15,7,537,3.54604
jpr_15_20_4,14,7,467,6.77889
jpr_15_80_9,12,12,777,12.3624
jpr_15_60_2,13,12,671,12.0175
jpr_20_120_1,9,16,959,16.636
jpr_10_30_4,15,8,325,5.66589
jpr_20_80_4,10,15,921,11.592
jpr_15_20_5,14,7,333,6.21315
jpr_15_80_10,12,12,750,10.6394
jpr_10_30_5,15,7,391,6.11805
jpr_15_60_3,13,12,731,11.1594
jpr_20_120_2,9,16,1068,13.0517
jpr_15_20_6,14,7,453,6.68231
jpr_20_80_5,10,15,856,13.2362
jpr_10_30_6,15,7,386,6.09149
jpr_15_20_7,14,7,406,6.50722
jpr_15_60_4,13,10,606,11.5792
jpr_15_100_1,12,13,837,13.4016
jpr_10_30_7,15,6,395,5.25569
jpr_20_120_3,9,16,910,16.8542
jpr_20_80_6,10,13,840,14.4629
jpr_15_20_8,14,8,472,6.28658
jpr_10_30_8,15,7,447,3.7086
jpr_15_60_5,13,11,737,10.7248
jpr_15_100_2,12,13,723,12.6044
jpr_10_30_9,15,7,418,5.06938
jpr_15_20_9,14,9,435,5.30577
jpr_20_120_4,9,16,1117,12.3908
jpr_20_80_7,10,14,844,13.4874
jpr_10_30_10,15,7,445,4.7728
jpr_15_60_6,13,11,750,11.6122
jpr_15_20_10,14,8,576,7.52035
jpr_15_100_3,12,13,805,14.3322
jpr_10_40_1,15,8,526,5.64686
jpr_20_120_5,9,16,1261,17.6576
jpr_20_80_8,10,15,983,14.8855
jpr_15_40_1,14,9,550,10.1654
jpr_15_60_7,13,11,743,13.9523
jpr_10_40_2,15,8,496,7.83487
jpr_15_100_4,12,13,884,14.197
jpr_15_40_2,14,10,549,10.8517
jpr_10_40_3,15,8,548,7.07564
jpr_15_60_8,13,11,768,11.6696
jpr_20_120_6,9,16,1011,16.8673
jpr_20_80_9,10,14,925,16.6326
jpr_15_100_5,12,13,835,15.7121
jpr_10_40_4,15,8,426,7.35488
jpr_15_40_3,14,10,626,10.7908
jpr_15_60_9,13,11,791,12.4017
jpr_20_80_10,10,14,849,15.8446
jpr_20_120_7,9,16,1000,16.7314
jpr_10_40_5,15,8,449,7.1746
jpr_15_100_6,12,13,971,14.7391
jpr_15_40_4,14,10,519,10.9222
jpr_15_60_10,13,11,593,12.3671
jpr_10_40_6,15,8,475,6.93899
jpr_20_120_8,9,17,1066,17.8049
jpr_15_40_5,14,10,595,11.2342
jpr_20_100_1,10,16,933,20.5376
jpr_10_40_7,15,8,309,7.59221
jpr_15_100_7,12,14,865,16.4485
jpr_15_80_1,13,12,661,13.905
jpr_15_40_6,14,10,625,11.1462
jpr_10_40_8,15,8,579,9.03176
jpr_20_120_9,9,16,964,18.4894
jpr_20_100_2,10,16,984,18.0465
jpr_15_80_2,13,12,702,17.373
jpr_15_40_7,14,10,606,12.5733
jpr_15_100_8,12,13,863,32.5394
jpr_20_100_3,10,14,969,16.3534
jpr_10_40_9,15,8,467,7.40704
jpr_20_120_10,9,17,802,22.1004
jpr_15_80_3,13,12,884,14.3182
jpr_15_40_8,14,9,588,9.56427
jpr_10_40_10,15,8,524,7.95369
jpr_15_100_9,12,14,877,16.6676
jpr_15_20_1,15,6,464,6.64921
jpr_25_40_1,9,13,837,15.4518
jpr_20_100_4,10,15,1010,24.6532
jpr_15_40_9,14,11,660,11.4713
jpr_15_80_4,13,12,776,20.2968
jpr_15_100_10,12,13,767,14.4743
jpr_15_20_2,15,8,327,8.5741
jpr_25_40_2,9,14,948,13.2478
jpr_15_40_10,14,10,681,10.7639
jpr_20_100_5,10,16,929,15.2178
jpr_20_20_1,12,9,430,9.22367
jpr_15_20_3,15,6,395,4.99932
jpr_15_80_5,13,12,828,15.3311
jpr_15_60_1,14,11,755,9.37781
jpr_25_40_3,9,13,977,12.5588
jpr_15_20_4,15,7,467,7.14277
jpr_20_20_2,12,9,501,9.55358
jpr_20_100_6,10,14,773,15.7024
jpr_15_80_6,13,12,729,15.7157
jpr_15_20_5,15,7,333,7.72384
jpr_15_60_2,14,12,671,15.1887
jpr_25_40_4,9,13,532,13.1041
jpr_20_20_3,12,10,662,10.7514
jpr_15_20_6,15,7,453,7.98101
jpr_20_100_7,10,16,1102,17.7448
jpr_15_80_7,13,12,862,14.8117
jpr_20_20_4,12,8,557,8.62926
jpr_25_40_5,9,13,729,13.4854
jpr_15_60_3,14,12,731,15.0741
jpr_15_20_7,15,7,406,7.82423
jpr_20_20_5,12,9,487,9.83078
jpr_20_100_8,10,15,1077,16.756
jpr_15_80_8,13,12,852,14.5703
jpr_15_20_8,15,8,460,9.09079
jpr_25_40_6,9,13,726,13.3238
jpr_15_60_4,14,10,606,12.5831
jpr_20_20_6,12,9,555,12.4186
jpr_15_20_9,15,9,435,7.99881
jpr_15_80_9,13,12,777,14.2742
jpr_25_40_7,9,13,949,12.9184
jpr_20_100_9,10,16,1042,17.7584
jpr_15_60_5,14,11,737,12.8054
jpr_20_20_7,12,8,410,8.58732
jpr_15_20_10,15,8,576,9.91783
jpr_15_80_10,13,12,750,14.7055
jpr_25_40_8,9,13,822,13.7277
jpr_20_20_8,12,8,568,8.67762
jpr_15_60_6,14,11,750,14.2209
jpr_20_100_10,10,16,1115,17.4211
jpr_15_40_1,15,9,550,10.1863
jpr_20_20_9,12,7,454,6.1685
jpr_25_40_9,9,14,817,13.0936
jpr_15_60_7,14,11,743,12.3804
jpr_15_100_1,13,13,837,15.2839
jpr_20_20_10,12,8,521,5.53685
jpr_20_120_1,10,16,959,17.9566
jpr_15_40_2,15,9,526,20.4153
jpr_15_100_2,13,13,723,9.69228
jpr_15_60_8,14,11,768,10.1791
jpr_25_40_10,9,14,804,17.8623
jpr_20_40_1,12,12,793,13.8066
jpr_15_40_3,15,10,626,12.8308
jpr_15_100_3,13,13,805,11.9365
jpr_15_60_9,14,12,825,12.1546
jpr_20_120_2,10,16,1068,20.2277
jpr_20_40_2,12,10,713,12.0608
jpr_25_80_1,9,17,1337,17.5475
jpr_15_40_4,15,10,519,11.0345
jpr_15_100_4,13,13,866,13.7193
jpr_15_60_10,14,11,593,11.9457
jpr_20_120_3,10,16,910,14.4886
jpr_20_40_3,12,12,848,14.6958
jpr_15_40_5,15,10,595,12.8526
jpr_25_80_2,9,17,917,18.8308
jpr_15_80_1,14,12,661,17.7353
jpr_15_100_5,13,13,835,18.1521
jpr_20_120_4,10,16,1117,22.8611
jpr_20_40_4,12,11,564,16.3223
jpr_15_40_6,15,10,625,13.7032
jpr_25_80_3,9,17,1162,22.2425
jpr_15_80_2,14,12,702,17.4159
jpr_15_100_6,13,13,971,18.0323
jpr_15_40_7,15,10,606,14.0524
jpr_20_40_5,12,12,615,17.7429
jpr_20_120_5,10,16,1261,28.7435
jpr_25_80_4,9,16,888,21.2064
jpr_15_80_3,14,12,884,18.2684
jpr_15_40_8,15,9,588,12.7816
jpr_15_100_7,13,14,865,19.7789
jpr_20_40_6,12,11,726,16.4029
jpr_15_40_9,15,11,660,15.2472
jpr_20_120_6,10,16,1011,24.6341
jpr_15_80_4,14,12,776,22.5267
jpr_25_80_5,9,17,1085,23.6196
jpr_15_100_8,13,13,863,24.0569
jpr_20_40_7,12,11,680,18.7161
jpr_15_40_10,15,10,681,15.5222
jpr_15_20_1,11,6,464,5.78174
jpr_20_120_7,10,16,1000,23.6187
jpr_25_80_6,9,15,993,21.5087
jpr_15_80_5,14,12,828,22.7285
jpr_15_100_9,13,14,877,20.4927
jpr_20_40_8,12,12,745,19.8802
jpr_15_20_2,11,8,327,7.57235
jpr_15_60_1,15,11,755,17.9376
jpr_15_20_3,11,6,395,4.02409
jpr_15_80_6,14,12,697,18.8721
jpr_20_120_8,10,16,1065,24.4195
jpr_15_100_10,13,13,767,19.8022
jpr_20_40_9,12,11,725,17.4276
jpr_25_80_7,9,17,1154,23.9756
jpr_15_20_4,11,7,467,6.90569
jpr_15_60_2,15,12,671,22.3498
jpr_20_20_1,13,9,430,13.1914
jpr_15_20_5,11,7,333,7.25313
jpr_15_80_7,14,12,862,19.5472
jpr_20_40_10,12,13,767,19.1122
jpr_20_120_9,10,16,964,24.1434
jpr_25_80_8,9,16,1039,22
jpr_15_20_6,11,7,453,7.97412
jpr_20_20_2,13,9,501,11.9074
jpr_15_60_3,15,11,705,20.2675
jpr_15_80_8,14,12,852,22.0419
jpr_15_20_7,11,7,406,7.76159
jpr_20_60_1,12,14,1093,22.4889
jpr_25_80_9,9,16,986,23.8193
jpr_20_20_3,13,10,662,15.1867
jpr_20_120_10,10,17,802,25.9208
jpr_15_60_4,15,10,606,17.9425
jpr_15_20_8,11,8,460,8.94813
jpr_20_20_4,13,8,557,11.7014
jpr_15_80_9,14,12,777,21.9767
jpr_15_20_9,11,9,435,9.26486
jpr_20_60_2,12,14,866,23.9633
jpr_25_40_1,10,13,863,19.2522
jpr_25_80_10,9,16,1085,24.1997
jpr_15_60_5,15,11,737,19.2778
jpr_20_20_5,13,9,487,14.2572
jpr_15_20_10,11,8,576,9.22326
jpr_15_80_10,14,12,750,20.7145
jpr_25_40_2,10,14,948,20.2647
jpr_20_60_3,12,15,785,24.4916
jpr_15_60_6,15,11,750,21.1225
jpr_20_20_6,13,9,555,15.0968
jpr_25_100_1,9,18,1223,27.8567
jpr_15_100_1,14,13,837,21.5698
jpr_20_20_7,13,8,410,11.289
jpr_25_40_3,10,13,977,20.1947
jpr_15_60_7,15,11,743,16.6485
jpr_20_60_4,12,13,984,23.9163
jpr_25_100_2,9,19,1212,28.2374
jpr_20_20_8,13,8,568,11.9178
jpr_25_40_4,10,13,559,19.9463
jpr_15_100_2,14,13,723,23.9252
jpr_15_60_8,15,11,768,19.9669
jpr_20_60_5,12,14,867,20.553
jpr_20_20_9,13,7,454,10.0951
jpr_15_60_9,15,12,825,20.0546
jpr_15_100_3,14,13,805,23.201
jpr_20_60_6,12,13,732,21.3689
jpr_25_40_5,10,13,729,29.2455
jpr_25_100_3,9,19,1243,42.5417
jpr_20_20_10,13,8,521,27.6615
jpr_15_60_10,15,11,593,21.8834
jpr_15_100_4,14,13,866,26.6956
jpr_20_60_7,12,14,876,23.084
jpr_25_40_6,10,13,726,21.6377
jpr_25_100_4,9,18,969,28.7646
jpr_20_40_1,13,12,793,20.6198
jpr_15_80_1,15,12,661,24.5757
jpr_15_100_5,14,13,835,23.672
jpr_20_60_8,12,13,844,25.3475
jpr_25_40_7,10,13,949,25.8826
jpr_20_40_2,13,10,713,18.6636
jpr_25_100_5,9,18,834,31.1017
jpr_25_40_8,10,13,822,18.3845
jpr_15_100_6,14,13,971,23.9583
jpr_15_80_2,15,12,702,28.2385
jpr_20_60_9,12,13,901,23.0118
jpr_20_40_3,13,12,848,24.6047
jpr_25_100_6,9,18,1187,28.5763
jpr_15_80_3,15,12,884,15.4584
jpr_25_40_9,10,14,828,19.6724
jpr_15_100_7,14,14,865,25.3128
jpr_20_60_10,12,14,762,23.8702
jpr_20_40_4,13,11,564,19.4814
jpr_15_80_4,15,12,776,20.4784
jpr_25_40_10,10,14,804,23.9732
jpr_20_40_5,13,12,615,16.2872
jpr_20_80_1,12,15,1058,26.0404
jpr_15_100_8,14,13,863,29.4742
jpr_25_100_7,9,19,944,47.4056
jpr_15_80_5,15,12,828,40.3361
jpr_20_40_6,13,11,726,21.5609
jpr_15_100_9,14,14,877,24.2117
jpr_20_80_2,12,14,892,24.7681
jpr_25_100_8,9,17,897,30.3521
jpr_25_80_1,10,16,1309,52.3371
jpr_15_80_6,15,12,697,22.5376
jpr_20_40_7,13,11,680,20.8326
jpr_15_100_10,14,13,767,22.6272
jpr_20_80_3,12,14,939,24.899
jpr_15_80_7,15,12,862,21.4659
jpr_25_100_9,9,18,1344,32.2743
jpr_25_80_2,10,17,917,32.1352
jpr_20_20_1,14,9,430,15.124
jpr_20_40_8,13,12,745,23.6341
jpr_20_80_4,12,15,921,27.2694
jpr_20_20_2,14,9,501,17.9113
jpr_15_80_8,15,12,852,22.094
jpr_20_40_9,13,11,725,22.3151
jpr_25_100_10,9,18,1238,31.072
jpr_25_80_3,10,17,1162,30.9783
jpr_20_80_5,12,15,856,27.4021
jpr_20_20_3,14,10,662,18.1991
jpr_15_80_9,15,12,777,22.8794
jpr_20_40_10,13,12,763,18.7207
jpr_20_80_6,12,13,840,14.4246
jpr_25_80_4,10,16,888,25.2441
jpr_20_20_4,14,8,557,13.1533
jpr_15_80_10,15,12,750,17.2271
jpr_20_60_1,13,14,1093,23.1207
jpr_25_150_1,9,19,1387,49.0601
jpr_20_20_5,14,9,487,17.8186
jpr_20_80_7,12,14,844,24.4486
jpr_25_80_5,10,17,1085,29.8734
jpr_15_100_1,15,13,837,24.1172
jpr_20_20_6,14,9,555,24.0082
jpr_20_60_2,13,13,827,37.488
jpr_25_150_2,9,19,1210,34.5424
jpr_20_80_8,12,15,983,31.2203
jpr_25_80_6,10,15,993,27.945
jpr_15_100_2,15,13,723,25.7294
jpr_20_20_7,14,8,410,16.7611
jpr_20_60_3,13,15,785,28.2782
jpr_20_80_9,12,14,925,29.3532
jpr_20_20_8,14,8,568,14.975
jpr_25_150_3,9,21,1457,37.7334
jpr_25_80_7,10,17,1154,31.6163
jpr_15_100_3,15,13,805,27.0253
jpr_20_20_9,14,7,454,13.5124
jpr_20_60_4,13,13,984,36.9826
jpr_20_80_10,12,14,849,25.5741
jpr_15_100_4,15,13,866,25.7088
jpr_25_80_8,10,16,1039,28.4225
jpr_20_20_10,14,8,564,15.3936
jpr_25_150_4,9,19,1152,37.9207
jpr_20_60_5,13,14,867,26.5218
jpr_15_100_5,15,13,835,26.0243
jpr_25_80_9,10,16,986,28.3259
jpr_20_40_1,14,12,793,26.3384
jpr_20_100_1,12,16,933,39.4474
jpr_25_150_5,9,21,1290,43.3054
jpr_20_60_6,13,13,732,28.3958
jpr_20_40_2,14,10,713,20.7084
jpr_15_100_6,15,13,971,29.063
jpr_25_80_10,10,16,1137,34.5744
jpr_20_100_2,12,16,984,31.2981
jpr_20_60_7,13,14,876,23.5152
jpr_15_100_7,15,14,865,17.6224
jpr_25_150_6,9,20,1151,29.5151
jpr_20_40_3,14,12,839,23.2342
jpr_20_100_3,12,14,969,25.7714
jpr_25_100_1,10,18,1223,31.7665
jpr_20_40_4,14,11,564,17.9197
jpr_20_60_8,13,13,844,27.7756
jpr_25_150_7,9,20,1132,28.4344
jpr_15_100_8,15,13,863,27.7565
jpr_20_100_4,12,16,1014,21.4311
jpr_20_40_5,14,11,594,19.5199
jpr_15_100_9,15,14,877,15.357
jpr_25_100_2,10,19,1212,30.8004
jpr_20_60_9,13,13,901,23.0912
jpr_20_100_5,12,16,929,23.9981
jpr_15_100_10,15,13,767,22.409
jpr_20_40_6,14,11,726,22.0197
jpr_25_150_8,9,19,1066,51.812
jpr_20_60_10,13,14,762,25.7268
jpr_25_100_3,10,19,1243,36.5409
jpr_20_20_1,15,9,430,16.5663
jpr_20_100_6,12,14,773,29.8832
jpr_20_40_7,14,11,680,21.22
jpr_20_20_2,15,9,501,15.6343
jpr_20_80_1,13,15,1058,28.7091
jpr_25_150_9,9,20,1277,37.8689
jpr_20_40_8,14,12,745,21.7597
jpr_25_100_4,10,18,969,31.7715
jpr_20_100_7,12,16,1102,32.3083
jpr_20_20_3,15,10,662,17.5132
jpr_20_80_2,13,14,892,26.9863
jpr_20_40_9,14,11,725,19.9516
jpr_20_20_4,15,8,557,14.2863
jpr_25_100_5,10,18,834,32.7647
jpr_25_150_10,9,20,1540,40.1568
jpr_20_100_8,12,15,1077,29.4022
jpr_20_40_10,14,13,767,25.6702
jpr_20_80_3,13,14,939,29.5685
jpr_20_20_5,15,9,487,16.7063
jpr_20_100_9,12,16,1042,25.2829
jpr_25_100_6,10,18,1187,34.4694
jpr_20_20_6,15,9,555,16.4342
jpr_20_60_1,14,14,1093,22.4382
jpr_25_200_1,9,21,1446,38.1812
jpr_20_80_4,13,15,921,25.6831
jpr_20_20_7,15,8,410,14.0587
jpr_20_100_10,12,16,1115,30.6006
jpr_20_60_2,14,14,866,23.675
jpr_20_80_5,13,15,856,23.2564
jpr_25_100_7,10,19,944,40.3989
jpr_20_20_8,15,8,568,15.6385
jpr_25_200_2,9,22,1226,42.6445
jpr_20_120_1,12,16,959,30.3434
jpr_20_60_3,14,15,785,29.5044
jpr_20_20_9,15,7,454,13.5897
jpr_20_80_6,13,13,840,26.5832
jpr_25_100_8,10,17,897,31.2686
jpr_20_20_10,15,8,521,14.2737
jpr_25_200_3,9,21,1220,40.1921
jpr_20_120_2,12,16,1068,30.7042
jpr_20_60_4,14,14,984,31.3497
jpr_20_80_7,13,14,844,27.8163
jpr_25_100_9,10,18,1344,33.0648
jpr_20_40_1,15,12,801,23.8887
jpr_20_60_5,14,14,867,26.9208
jpr_20_80_8,13,15,983,27.7993
jpr_25_200_4,9,22,1592,42.1138
jpr_20_40_2,15,10,713,21.5316
jpr_20_120_3,12,15,897,41.7545
jpr_25_100_10,10,18,1238,35.9345
jpr_20_60_6,14,13,732,23.576
jpr_20_80_9,13,14,925,27.3854
jpr_20_40_3,15,11,819,29.7006
jpr_25_200_5,9,20,1304,39.2461
jpr_25_150_1,10,21,1448,33.5033
jpr_20_60_7,14,14,876,27.5126
jpr_20_80_10,13,15,891,24.1633
jpr_20_120_4,12,16,1138,50.7114
jpr_20_40_4,15,11,564,19.0167
jpr_20_60_8,14,13,844,26.3251
jpr_20_120_5,12,16,1261,23.487
jpr_25_200_6,9,21,1458,38.8898
jpr_25_150_2,10,19,1210,34.8069
jpr_20_100_1,13,16,933,31.7083
jpr_20_40_5,15,11,594,27.8355
jpr_20_60_9,14,13,901,24.1196
jpr_20_40_6,15,11,726,21.4317
jpr_20_120_6,12,16,1011,33.3337
jpr_20_100_2,13,16,984,36.1011
jpr_25_200_7,9,20,1313,38.7513
jpr_20_40_7,15,11,680,23.3332
jpr_20_60_10,14,14,762,31.1014
jpr_20_120_7,12,16,1000,31.2865
jpr_25_150_3,10,20,1431,70.5632
jpr_20_100_3,13,14,969,31.8533
jpr_20_40_8,15,12,745,24.5142
jpr_20_80_1,14,15,1058,36.364
jpr_20_120_8,12,16,1065,33.3923
jpr_25_200_8,9,21,1662,64.838
jpr_25_150_4,10,19,1152,39.7453
jpr_20_40_9,15,11,725,23.2749
jpr_20_100_4,13,15,1010,38.8418
jpr_20_80_2,14,14,892,30.5951
jpr_20_120_9,12,16,964,33.7547
jpr_20_40_10,15,12,763,24.3045
jpr_25_200_9,9,21,1371,38.9219
jpr_20_100_5,13,16,929,27.0459
jpr_25_150_5,10,20,1213,39.6277
jpr_20_80_3,14,14,939,27.3527
jpr_20_60_1,15,14,1093,28.0656
jpr_20_100_6,13,14,773,17.2306
jpr_20_120_10,12,17,802,31.5266
jpr_20_80_4,14,15,921,22.5613
jpr_25_200_10,9,21,1152,38.8429
jpr_25_150_6,10,20,1151,35.4111
jpr_25_40_1,12,13,837,21.8737
jpr_20_100_7,13,16,1102,33.6297
jpr_20_80_5,14,15,856,30.4323
jpr_20_60_2,15,13,827,44.925
jpr_25_40_2,12,14,863,24.5029
jpr_25_150_7,10,20,1132,35.5283
jpr_20_80_6,14,13,840,27.1274
jpr_20_100_8,13,15,1077,40.3692
jpr_20_60_3,15,15,785,34.3181
jpr_25_40_3,12,13,977,28.4041
jpr_25_150_8,10,20,1082,49.6726
jpr_25_40_4,12,13,532,24.2291
jpr_20_60_4,15,13,984,32.8482
jpr_20_100_9,13,16,1042,36.5981
jpr_20_80_7,14,14,844,29.8353
jpr_25_40_5,12,13,729,22.4449
jpr_20_60_5,15,14,867,29.1084
jpr_20_100_10,13,16,1115,31.7253
jpr_25_150_9,10,20,1277,40.8539
jpr_20_80_8,14,15,983,34.4385
jpr_25_40_6,12,13,726,18.2904
jpr_20_60_6,15,13,732,18.4418
jpr_20_80_9,14,14,925,19.1089
jpr_20_120_1,13,16,959,32.0977
jpr_25_40_7,12,13,949,15.118
jpr_25_150_10,10,20,1521,37.3492
jpr_20_60_7,15,14,876,27.0599
jpr_25_40_8,12,13,822,19.1076
jpr_20_120_2,13,16,1068,23.0338
jpr_20_80_10,14,14,849,26.7091
jpr_20_60_8,15,13,844,25.6006
jpr_25_200_1,10,21,1446,40.3791
jpr_25_40_9,12,14,804,25.2363
jpr_20_120_3,13,15,897,31.9969
jpr_20_100_1,14,16,933,37.7619
jpr_20_60_9,15,13,901,24.4259
jpr_25_40_10,12,14,804,27.0064
jpr_20_100_2,14,16,984,25.6204
jpr_20_120_4,13,16,1117,36.3752
jpr_20_60_10,15,14,762,23.4096
jpr_25_200_2,10,22,1226,51.3847
jpr_25_80_1,12,16,1309,38.843
jpr_20_100_3,14,14,969,28.2334
jpr_20_120_5,13,16,1261,31.7861
jpr_20_80_1,15,15,1058,33.5527
jpr_25_200_3,10,21,1220,45.2638
jpr_20_100_4,14,16,1014,30.4863
jpr_25_80_2,12,17,917,32.6684
jpr_20_80_2,15,14,892,31.3275
jpr_20_120_6,13,16,1011,34.0696
jpr_25_200_4,10,22,1592,32.9164
jpr_25_80_3,12,17,1162,24.3726
jpr_20_100_5,14,16,929,29.6923
jpr_20_80_3,15,14,939,23.2813
jpr_20_120_7,13,16,1000,27.7493
jpr_25_80_4,12,16,888,21.2849
jpr_20_80_4,15,15,921,21.9411
jpr_25_200_5,10,20,1304,37.144
jpr_20_100_6,14,14,773,29.9817
jpr_20_120_8,13,16,1065,27.2381
jpr_20_80_5,15,15,856,23.0408
jpr_25_80_5,12,17,1085,34.5096
jpr_20_100_7,14,16,1102,30.8108
jpr_25_200_6,10,21,1458,41.2499
jpr_20_120_9,13,16,964,32.6983
jpr_20_80_6,15,13,840,22.8663
jpr_25_80_6,12,15,993,27.8027
jpr_20_100_8,14,15,1077,29.9586
jpr_20_120_10,13,17,802,25.1135
jpr_20_80_7,15,14,844,28.8273
jpr_25_200_7,10,20,1313,42.4489
jpr_25_80_7,12,17,1154,33.3381
jpr_25_40_1,13,13,863,25.4322
jpr_20_100_9,14,16,1042,31.5096
jpr_20_80_8,15,15,983,34.3729
jpr_25_40_2,13,13,939,25.6093
jpr_25_80_8,12,16,1039,31.1607
jpr_20_100_10,14,16,1115,24.3391
jpr_20_80_9,15,14,925,20.8703
jpr_25_200_8,10,21,1662,61.0062
jpr_25_40_3,13,13,977,19.4127
jpr_20_120_1,14,16,959,22.613
jpr_25_80_9,12,16,986,29.0563
jpr_20_80_10,15,14,849,25.9603
jpr_25_40_4,13,13,532,24.9991
jpr_25_200_9,10,21,1371,34.4836
jpr_25_80_10,12,16,1085,25.6708
jpr_20_120_2,14,16,1068,32.3334
jpr_20_100_1,15,16,933,27.7196
jpr_25_40_5,13,13,729,27.4068
jpr_20_100_2,15,16,984,25.0224
jpr_25_200_10,10,21,1152,47.336
jpr_20_120_3,14,15,897,34.4818
jpr_25_100_1,12,18,1223,37.6349
jpr_25_40_6,13,13,726,28.0635
jpr_20_120_4,14,16,1117,24.3571
jpr_20_100_3,15,14,969,35.5086
jpr_25_100_2,12,19,1212,27.6954
jpr_25_40_7,13,13,949,27.4009
jpr_20_100_4,15,15,1010,27.606
jpr_20_120_5,14,16,1261,36.8467
jpr_25_40_8,13,13,822,22.5906
jpr_25_100_3,12,19,1243,35.6626
jpr_20_100_5,15,16,929,23.949
jpr_25_40_9,13,14,804,19.4482
jpr_20_120_6,14,16,1011,22.2562
jpr_25_100_4,12,18,969,26.6211
jpr_20_100_6,15,14,773,26.0093
jpr_25_40_10,13,14,804,25.6858
jpr_20_120_7,14,16,1000,25.2648
jpr_25_100_5,12,18,834,26.5554
jpr_20_100_7,15,16,1102,34.0228
jpr_25_80_1,13,16,1309,38.9194
jpr_20_120_8,14,16,1065,41.9132
jpr_25_100_6,12,18,1187,34.0521
jpr_25_80_2,13,17,917,25.4516
jpr_20_100_8,15,15,1077,37.5566
jpr_20_120_9,14,16,964,33.4773
jpr_25_100_7,12,19,944,38.5767
jpr_25_80_3,13,17,1169,29.999
jpr_20_100_9,15,16,1042,31.03
jpr_20_120_10,14,17,802,34.0858
jpr_25_100_8,12,17,897,32.5585
jpr_25_80_4,13,16,888,33.2837
jpr_25_40_1,14,13,837,21.0816
jpr_20_100_10,15,16,1115,31.1009
jpr_25_100_9,12,18,1344,27.5064
jpr_25_40_2,14,14,863,23.2388
jpr_25_80_5,13,17,1085,33.6088
jpr_20_120_1,15,16,959,36.6803
jpr_25_100_10,12,18,1238,41.5121
jpr_25_40_3,14,13,977,33.7202
jpr_25_80_6,13,15,993,35.8964
jpr_20_120_2,15,16,1068,39.2889
jpr_25_40_4,14,13,532,26.2074
jpr_25_150_1,12,21,1448,49.645
jpr_25_80_7,13,17,1154,42.1527
jpr_25_40_5,14,13,729,22.8667
jpr_20_120_3,15,15,897,62.562
jpr_25_40_6,14,13,726,27.048
jpr_25_80_8,13,16,1039,36.6163
jpr_25_150_2,12,19,1210,43.4265
jpr_25_40_7,14,13,949,20.0187
jpr_20_120_4,15,16,1117,25.3984
jpr_25_80_9,13,16,986,28.8324
jpr_25_150_3,12,21,1457,31.164
jpr_25_40_8,14,13,822,17.3435
jpr_20_120_5,15,16,1261,36.549
jpr_25_80_10,13,16,1085,28.8227
jpr_25_40_9,14,14,804,26.473
jpr_25_150_4,12,19,1152,44.949
jpr_20_120_6,15,16,1014,25.4812
jpr_25_100_1,13,18,1223,36.8788
jpr_25_40_10,14,14,804,27.8351
jpr_20_120_7,15,16,1000,27.3282
jpr_25_150_5,12,20,1213,50.4561
jpr_25_100_2,13,19,1212,33.5725
jpr_25_80_1,14,17,1337,37.47
jpr_20_120_8,15,17,1067,33.1258
jpr_25_150_6,12,20,1151,32.0895
jpr_25_80_2,14,17,917,24.9396
jpr_20_120_9,15,16,964,28.2398
jpr_25_100_3,13,19,1243,47.3837
jpr_25_150_7,12,20,1132,29.3389
jpr_25_80_3,14,17,1162,26.2487
jpr_20_120_10,15,17,802,26.0561
jpr_25_100_4,13,18,969,26.2107
jpr_25_40_1,15,13,837,18.439
jpr_25_80_4,14,16,888,43.0625
jpr_25_100_5,13,18,834,24.3804
jpr_25_150_8,12,20,1082,47.521
jpr_25_40_2,15,14,863,20.8866
jpr_25_100_6,13,18,1187,24.0572
jpr_25_40_3,15,13,977,18.9279
jpr_25_80_5,14,17,1085,46.7889
jpr_25_150_9,12,20,1277,47.6626
jpr_25_100_7,13,18,922,35.0595
jpr_25_40_4,15,13,532,24.6677
jpr_25_80_6,14,15,993,28.6247
jpr_25_150_10,12,20,1540,36.2273
jpr_25_40_5,15,13,729,30.2851
jpr_25_100_8,13,17,897,35.7386
jpr_25_80_7,14,17,1154,25.4171
jpr_25_40_6,15,13,726,23.4615
jpr_25_200_1,12,21,1446,33.341
jpr_25_80_8,14,15,1059,23.7851
jpr_25_100_9,13,16,1270,40.2022
jpr_25_40_7,15,13,949,18.8924
jpr_25_200_2,12,22,1226,34.0648
jpr_25_40_8,15,13,822,18.333
jpr_25_80_9,14,16,986,33.3468
jpr_25_100_10,13,18,1238,42.7268
jpr_25_200_3,12,21,1220,30.2942
jpr_25_80_10,14,16,1085,25.2646
jpr_25_40_9,15,14,828,33.7396
jpr_25_100_1,14,18,1223,28.594
jpr_25_200_4,12,22,1592,35.6874
jpr_25_150_1,13,21,1448,52.9792
jpr_25_40_10,15,14,804,31.1497
jpr_25_100_2,14,19,1212,40.7869
jpr_25_200_5,12,20,1304,49.4681
jpr_25_80_1,15,16,1309,38.0974
jpr_25_150_2,13,19,1210,42.6531
jpr_25_100_3,14,20,1255,34.888
jpr_25_80_2,15,17,917,29.6173
jpr_25_200_6,12,21,1458,36.3633
jpr_25_150_3,13,21,1457,41.7498
jpr_25_100_4,14,18,969,26.9941
jpr_25_80_3,15,17,1162,41.4467
jpr_25_150_4,13,19,1152,28.921
jpr_25_100_5,14,18,834,27.5338
jpr_25_200_7,12,20,1313,53.0781
jpr_25_80_4,15,16,888,26.3482
jpr_25_150_5,13,20,1213,44.4635
jpr_25_100_6,14,18,1187,42.0535
jpr_25_80_5,15,17,1085,31.9836
jpr_25_200_8,12,21,1662,62.36
jpr_25_150_6,13,20,1151,35.0088
jpr_25_80_6,15,15,971,37.1385
jpr_25_100_7,14,19,951,45.0889
jpr_25_200_9,12,21,1371,36.7965
jpr_25_150_7,13,20,1132,36.4436
jpr_25_100_8,14,17,897,26.7507
jpr_25_80_7,15,17,1154,27.9115
jpr_25_200_10,12,21,1152,41.0148
jpr_25_150_8,13,20,1082,48.1352
jpr_25_80_8,15,16,1039,38.4188
jpr_25_100_9,14,16,1270,48.1129
jpr_25_150_9,13,20,1277,32.9264
jpr_25_100_10,14,18,1238,34.6705
jpr_25_80_9,15,15,985,41.4355
jpr_25_150_10,13,20,1540,30.692
jpr_25_80_10,15,16,1085,33.3619
jpr_25_150_1,14,21,1448,49.0408
jpr_25_200_1,13,21,1446,36.9671
jpr_25_100_1,15,18,1223,27.9929
jpr_25_150_2,14,19,1210,29.8002
jpr_25_200_2,13,22,1219,35.8558
jpr_25_100_2,15,19,1212,30.0245
jpr_25_150_3,14,19,1384,32.3482
jpr_25_100_3,15,19,1243,37.9417
jpr_25_200_3,13,21,1220,44.9654
jpr_25_150_4,14,19,1152,30.8469
jpr_25_100_4,15,18,969,27.5623
jpr_25_200_4,13,22,1592,34.4177
jpr_25_150_5,14,20,1213,48.3146
jpr_25_100_5,15,18,834,33.5821
jpr_25_200_5,13,20,1304,39.6206
jpr_25_150_6,14,20,1151,48.7935
jpr_25_100_6,15,18,1187,43.4628
jpr_25_200_6,13,21,1458,35.958
jpr_25_100_7,15,18,922,28.7971
jpr_25_150_7,14,20,1132,30.8655
jpr_25_200_7,13,20,1313,44.3694
jpr_25_100_8,15,17,897,27.4823
jpr_25_150_8,14,20,1082,29.8588
jpr_25_100_9,15,18,1344,26.9601
jpr_25_150_9,14,20,1277,34.1179
jpr_25_200_8,13,21,1662,69.7476
jpr_25_100_10,15,18,1238,30.3733
jpr_25_150_10,14,20,1521,35.2039
jpr_25_200_9,13,21,1371,38.3887
jpr_25_150_1,15,21,1448,42.8067
jpr_25_200_1,14,21,1446,38.4539
jpr_25_200_10,13,21,1152,33.6813
jpr_25_200_2,14,22,1226,39.1139
jpr_25_150_2,15,19,1210,50.1162
jpr_25_200_3,14,21,1220,41.3254
jpr_25_150_3,15,21,1457,36.9035
jpr_25_150_4,15,19,1152,31.0388
jpr_25_200_4,14,22,1592,37.2554
jpr_25_150_5,15,20,1213,33.3333
jpr_25_200_5,14,20,1304,33.2017
jpr_25_150_6,15,20,1151,32.1614
jpr_25_200_6,14,21,1458,34.5237
jpr_25_150_7,15,20,1132,34.044
jpr_25_200_7,14,20,1313,35.7265
jpr_25_150_8,15,20,1082,36.4657
jpr_25_200_8,14,22,1708,40.0382
jpr_25_150_9,15,20,1277,30.9695
jpr_25_200_9,14,21,1371,32.427
jpr_25_150_10,15,20,1521,35.3291
jpr_25_200_10,14,21,1152,36.6977
jpr_25_200_1,15,21,1446,37.0203
jpr_25_200_2,15,22,1226,44.1965
jpr_25_200_3,15,21,1220,42.5896
jpr_25_200_4,15,22,1592,37.9423
jpr_25_200_5,15,20,1304,31.8375
jpr_25_200_6,15,21,1458,33.8688
jpr_25_200_7,15,20,1313,32.5697
jpr_25_200_8,15,22,1708,35.3432
jpr_25_200_9,15,21,1371,34.3583
jpr_25_200_10,15,21,1152,31.6816
jpr_20_20_1,11,9,430,5.18164
jpr_20_20_2,11,9,501,5.12596
jpr_20_20_3,11,10,662,5.92392
jpr_20_20_4,11,8,557,4.64324
jpr_20_20_5,11,9,487,5.25967
jpr_20_20_6,11,9,555,5.23
jpr_20_20_7,11,8,410,4.41026
jpr_20_20_8,11,8,568,4.53476
jpr_20_20_9,11,7,454,4.07803
jpr_20_20_10,11,8,564,4.7134
