jpr_100_1000_5,10,82,4947,375.904
jpr_100_1000_4,10,86,5393,499.622
jpr_100_1000_10,10,85,5648,284.521
jpr_100_100_1,10,44,2661,107.041
jpr_100_1000_1,10,86,5644,264.088
jpr_100_100_10,10,42,2428,108.41
jpr_100_100_2,10,42,2335,109.032
jpr_100_100_3,10,39,2311,125.86
jpr_100_1000_2,10,84,5110,259.193
jpr_100_100_4,10,38,2355,118.266
jpr_100_100_5,10,43,2189,106.654
jpr_100_100_6,10,42,2553,109.597
jpr_100_100_7,10,40,2154,84.3899
jpr_100_100_8,10,43,2695,178.121
jpr_100_100_9,10,40,2269,85.0954
jpr_100_1000_3,10,84,5561,259.944
jpr_100_1000_6,10,84,5222,298.859
jpr_100_1000_7,10,83,5418,258.026
jpr_100_1000_9,10,84,5294,292.813
jpr_100_1000_8,10,83,5451,725.847
jpr_100_2000_2,10,91,5708,360.975
jpr_100_2000_10,10,91,6142,456.144
jpr_100_2000_3,10,91,6193,356.632
jpr_100_2000_1,10,91,6086,386.987
jpr_100_250_10,10,59,3524,311.121
jpr_100_250_1,10,60,3883,320.522
jpr_100_2000_5,10,91,5724,372.683
jpr_100_250_3,10,62,3762,305.191
jpr_100_250_4,10,59,3232,172.535
jpr_100_250_5,10,56,3481,173.914
jpr_100_250_7,10,58,3712,199.269
jpr_100_250_2,10,61,3917,326.758
jpr_100_2000_4,10,92,6163,356.937
jpr_100_250_6,10,62,3809,165.813
jpr_100_250_9,10,59,3986,275.443
jpr_100_250_8,10,62,3964,220.729
jpr_100_2000_6,10,91,6234,358.585
jpr_100_500_3,10,73,4463,219.302
jpr_100_500_10,10,75,4723,214.321
jpr_100_500_1,10,75,4364,308.809
jpr_100_500_2,10,72,4443,214.863
jpr_100_500_4,10,72,4614,218.645
jpr_100_500_7,10,72,4190,199.344
jpr_100_500_5,10,74,4612,275.957
jpr_100_500_8,10,73,4448,319.501
jpr_100_500_6,10,72,4953,225.919
jpr_100_500_9,10,74,4606,383.104
jpr_100_2000_7,10,91,6060,353.599
jpr_100_750_1,10,77,5047,487.067
jpr_100_750_3,10,78,5140,236.379
jpr_100_750_10,10,81,5587,385.607
jpr_100_750_2,10,79,4988,329.158
jpr_100_750_8,10,82,5113,290.978
jpr_100_750_7,10,79,5141,467.615
jpr_100_2000_8,10,91,5685,560.057
jpr_100_750_5,10,80,5535,271.205
jpr_100_750_4,10,82,5485,410.678
jpr_100_750_9,10,81,4983,311.014
jpr_100_750_6,10,79,5397,254.88
jpr_150_1000_5,10,115,6793,871.433
jpr_100_2000_9,10,92,6389,409.912
jpr_150_1000_4,10,118,7357,648.961
jpr_150_1000_1,10,116,7223,683.233
jpr_150_150_1,10,65,3991,264.58
jpr_150_150_10,10,65,3822,227.705
jpr_150_150_2,10,64,3682,287.302
jpr_150_150_3,10,60,4086,345.557
jpr_150_150_4,10,62,3607,237.518
jpr_150_150_5,10,63,3769,218.626
jpr_150_150_6,10,66,3859,274.923
jpr_150_150_7,10,58,3711,280.482
jpr_150_150_8,10,68,3656,378.53
jpr_150_150_9,10,65,3755,304.534
jpr_150_1000_10,10,118,7399,764.407
jpr_150_1000_7,10,119,7794,544.248
jpr_150_1000_6,10,116,7067,638.044
jpr_150_1000_2,10,118,7843,739.422
jpr_150_1000_3,10,119,7884,561.563
jpr_150_1000_9,10,114,7424,597.612
jpr_150_1000_8,10,119,7553,552.078
jpr_150_2000_3,10,129,8169,673.659
jpr_150_2000_4,10,129,8404,923.968
jpr_150_2000_5,10,130,8900,657.973
jpr_150_250_1,10,80,4886,498.494
jpr_150_250_10,10,81,4515,464.735
jpr_150_250_2,10,78,4829,343.304
jpr_150_250_3,10,82,4760,365.115
jpr_150_250_4,10,78,4389,400.425
jpr_150_250_5,10,78,4518,318.411
jpr_150_250_6,10,80,5210,392.039
jpr_150_250_7,10,75,4595,294.215
jpr_150_250_8,10,80,5096,409.114
jpr_150_250_9,10,77,4933,420.815
jpr_150_2000_1,10,131,8546,1078.94
jpr_150_2000_10,10,129,8943,692.063
jpr_150_2000_6,10,130,8191,982.884
jpr_150_2000_2,10,130,8042,942.596
jpr_150_2000_7,10,131,8377,1661.06
jpr_150_2000_8,10,128,8621,797.777
jpr_150_2000_9,10,129,8564,927.062
jpr_150_3000_1,10,135,8988,850.351
jpr_150_3000_10,10,138,9672,798.069
jpr_150_3000_2,10,137,9232,786.818
jpr_150_3000_3,10,138,9294,922.905
jpr_150_500_10,10,98,6113,591.631
jpr_150_500_1,10,101,6208,641.854
jpr_150_500_3,10,99,5884,480.074
jpr_150_500_2,10,102,6103,1072.21
jpr_150_500_4,10,99,6088,561.387
jpr_150_500_5,10,103,6359,409.634
jpr_150_500_7,10,99,6081,800.87
jpr_150_3000_4,10,134,8990,904.833
jpr_150_500_6,10,102,6517,673.808
jpr_150_500_9,10,100,6231,603.566
jpr_150_500_8,10,101,5970,857.871
jpr_150_3000_5,10,135,8975,1118.34
jpr_150_750_1,10,110,7003,533.15
jpr_150_750_2,10,109,6746,628.149
jpr_150_750_10,10,110,7314,1121.58
jpr_150_750_4,10,109,7368,470.454
jpr_150_750_5,10,111,7273,480.922
jpr_150_750_6,10,107,7362,556.372
jpr_150_750_3,10,114,6943,662.407
jpr_150_3000_6,10,135,8483,990.843
jpr_150_750_7,10,111,6962,523.963
jpr_150_750_9,10,109,7128,599.034
jpr_150_750_8,10,110,7130,539.078
jpr_200_1000_10,10,146,9242,1266.25
jpr_150_3000_7,10,136,8558,965.725
jpr_200_1000_1,10,145,8811,984.774
jpr_200_1000_3,10,145,9401,1234.27
jpr_200_1000_2,10,149,9883,1441.79
jpr_200_1000_5,10,147,8852,1312.49
jpr_150_3000_8,10,134,8607,793.458
jpr_200_1000_7,10,142,9110,1812.26
jpr_200_1000_8,10,145,8908,1094.9
jpr_150_3000_9,10,137,8600,780.364
jpr_200_1000_6,10,149,9211,1532.73
jpr_200_1000_9,10,141,9050,1234.42
jpr_200_1000_4,10,145,9228,848.873
jpr_200_2000_1,10,165,10695,1963.92
jpr_200_2000_10,10,166,11276,1695.26
jpr_200_2000_2,10,166,10638,1552.29
jpr_200_250_1,10,94,5764,581.01
jpr_200_250_10,10,89,5070,526.705
jpr_200_250_2,10,93,5341,566.242
jpr_200_250_3,10,89,5104,1245.99
jpr_200_250_4,10,95,5266,577.768
jpr_200_250_5,10,88,5047,458.217
jpr_200_2000_3,10,163,10756,1804.52
jpr_200_250_6,10,87,5448,721.633
jpr_200_250_7,10,91,5529,707.188
jpr_200_250_8,10,94,5766,592.04
jpr_200_250_9,10,94,5664,668.178
jpr_200_2000_4,10,165,10381,1013.82
jpr_200_2000_5,10,167,10273,1668.67
jpr_200_2000_6,10,167,10550,2226.25
jpr_200_2000_7,10,164,10527,2230.75
jpr_200_2000_8,10,168,10668,2167.54
jpr_200_2000_9,10,165,11021,1804.05
jpr_200_3000_1,10,175,11042,2310.73
jpr_200_3000_10,10,175,11441,1509.42
jpr_200_3000_2,10,174,11486,1953.07
jpr_200_500_1,10,124,7207,935.904
jpr_200_500_10,10,124,7933,687.685
jpr_200_500_2,10,121,7496,1092.97
jpr_200_500_3,10,125,7548,849.097
jpr_200_3000_3,10,176,11675,1356.8
jpr_200_500_4,10,121,7491,756.577
jpr_200_500_5,10,116,6973,795.744
jpr_200_500_6,10,122,7871,1631.99
jpr_200_500_7,10,123,7394,667.726
jpr_200_500_9,10,118,7194,716.124
jpr_200_500_8,10,124,7481,846.489
jpr_200_750_10,10,136,8861,1063.1
jpr_200_3000_4,10,176,12323,1510.18
jpr_200_3000_5,10,173,11841,1572.01
jpr_200_750_1,10,135,8625,1192.19
jpr_200_750_2,10,137,8432,969.97
jpr_200_750_3,10,134,8526,1283.95
jpr_200_750_5,10,133,8823,1008.38
jpr_200_750_7,10,137,8446,937.17
jpr_200_750_6,10,137,8741,1136.37
jpr_200_750_4,10,140,9185,1015.42
jpr_200_750_8,10,137,8731,1357.48
jpr_200_750_9,10,139,8944,1432.1
jpr_200_3000_6,10,176,11923,2086.27
jpr_200_3000_7,10,174,11694,1812.04
jpr_250_1000_1,10,173,10338,2956.46
jpr_200_3000_8,10,175,11346,1637.65
jpr_200_3000_9,10,175,11289,1642.07
jpr_250_1000_5,10,168,10429,1657.62
jpr_250_1000_10,10,177,11362,1552.87
jpr_250_1000_2,10,172,11555,1749.53
jpr_250_1000_3,10,175,11332,2052.59
jpr_250_1000_7,10,175,10917,3230.49
jpr_250_1000_4,10,173,10646,1413.32
jpr_250_1000_6,10,173,10991,2371.3
jpr_250_1000_8,10,181,10985,1680.88
jpr_250_1000_9,10,172,10577,3087.04
jpr_250_2000_1,10,200,13230,1822.43
jpr_250_2000_10,10,203,13285,2310.54
jpr_250_2000_2,10,201,12740,2274.97
jpr_250_250_1,10,106,6283,786.324
jpr_250_250_10,10,103,5842,829.388
jpr_250_250_2,10,107,6216,1018.99
jpr_250_250_3,10,103,6140,1018.22
jpr_250_250_4,10,101,5495,1008.1
jpr_250_250_5,10,103,5963,842.351
jpr_250_250_6,10,102,6265,711.032
jpr_250_250_7,10,101,6261,1115.91
jpr_250_250_8,10,104,6340,926.908
jpr_250_250_9,10,104,6154,663.11
jpr_250_2000_3,10,203,13218,2118.86
jpr_250_2000_4,10,201,12847,2122.94
jpr_250_2000_5,10,202,12784,2083.91
jpr_250_2000_6,10,201,12638,2289.61
jpr_250_2000_7,10,198,13001,1946.02
jpr_250_2000_8,10,198,12886,2481.53
jpr_250_2000_9,10,202,13162,2298.12
jpr_250_3000_1,10,214,13598,4331.73
jpr_250_3000_10,10,217,14628,2231.69
jpr_250_3000_2,10,216,14778,2260.48
jpr_250_3000_3,10,211,13555,2535.06
jpr_250_3000_4,10,214,14771,3254.87
jpr_250_3000_5,10,212,14311,1684.43
jpr_250_3000_6,10,214,14154,3037.25
jpr_250_3000_7,10,212,13781,3258.48
jpr_250_3000_8,10,212,13796,3157.97
jpr_250_3000_9,10,214,14196,2775.66
jpr_250_5000_1,10,227,14942,2131.85
jpr_250_5000_10,10,226,15578,3206.78
jpr_250_5000_2,10,227,14905,3787.01
jpr_250_500_1,10,139,8336,1533.39
jpr_250_500_10,10,142,8342,2216.12
jpr_250_500_2,10,141,8377,1261.81
jpr_250_500_3,10,144,8540,1440.96
jpr_250_500_4,10,139,8462,1342.04
jpr_250_500_5,10,142,8540,1122.82
jpr_250_500_6,10,139,8666,1546.57
jpr_250_500_7,10,139,8343,1146.84
jpr_250_500_8,10,141,8589,1751.06
jpr_250_500_9,10,137,8283,1186.47
jpr_250_5000_3,10,224,14643,3665.5
jpr_250_750_10,10,160,10069,1895.48
jpr_250_750_2,10,156,9519,1159.26
jpr_250_750_3,10,159,9696,2605.17
jpr_250_750_1,10,158,10465,1975.99
jpr_250_750_5,10,159,10228,1855.14
jpr_250_750_6,10,158,10064,2038.94
jpr_250_750_4,10,159,10579,2058.25
jpr_250_5000_4,10,226,14458,2421.24
jpr_250_5000_5,10,226,15441,3254.69
jpr_250_5000_6,10,225,15362,3950.22
jpr_250_750_9,10,158,9923,1637.25
jpr_250_750_8,10,159,10014,2138.31
jpr_250_750_7,10,164,9970,1882.11
jpr_250_5000_7,10,226,14823,2912.09
jpr_250_5000_8,10,226,14572,3017.47
jpr_300_1000_5,10,192,11434,4773.87
jpr_300_1000_10,10,194,12180,3320.83
jpr_250_5000_9,10,227,15398,2346.64
jpr_300_1000_6,10,192,12118,2322.8
jpr_300_1000_7,10,193,12405,3599.76
jpr_300_1000_8,10,193,12038,2512.07
jpr_300_1000_1,10,196,12110,3069.42
jpr_300_1000_2,10,202,12512,3513.61
jpr_300_1000_3,10,201,13145,2478.07
jpr_300_1000_4,10,197,12268,4415.77
jpr_300_1000_9,10,199,12323,5149.05
jpr_300_2000_1,10,234,15074,5402.6
jpr_300_2000_10,10,233,14934,4805.09
jpr_300_2000_2,10,232,14650,3393.81
jpr_300_2000_3,10,230,15011,3563.16
jpr_300_2000_4,10,235,14368,3291.67
jpr_300_2000_5,10,230,14266,6695.51
jpr_300_2000_6,10,235,14838,4550.66
jpr_300_2000_7,10,236,15724,3878.52
jpr_300_2000_8,10,230,14937,2920.58
jpr_300_2000_9,10,236,15453,2089.52
jpr_300_3000_1,10,252,16152,4175.07
jpr_300_3000_10,10,247,16301,7041.62
jpr_300_3000_2,10,249,16753,6748.42
jpr_300_300_1,10,127,7886,1268.43
jpr_300_300_10,10,126,7538,2123.75
jpr_300_300_2,10,129,7047,1032.37
jpr_300_300_3,10,123,7702,1571.32
jpr_300_300_4,10,128,7453,1201.97
jpr_300_300_5,10,122,7499,1527.63
jpr_300_300_6,10,122,7988,1131.02
jpr_300_300_7,10,123,7504,1448.48
jpr_300_300_8,10,126,7646,1320.95
jpr_300_300_9,10,128,6990,1777.65
jpr_300_3000_3,10,250,15856,4329.02
jpr_300_3000_4,10,251,16378,5490.94
jpr_300_3000_5,10,249,16576,3239.91
jpr_300_3000_6,10,251,16473,5203.81
jpr_300_3000_7,10,249,16355,2763.86
jpr_300_3000_8,10,249,16271,4559.02
jpr_300_3000_9,10,246,16680,2838.97
jpr_300_5000_1,10,265,17590,2822.97
jpr_300_5000_10,10,263,16892,4265.6
jpr_300_5000_2,10,268,17286,4729.39
jpr_300_500_1,10,159,9117,1704.56
jpr_300_500_10,10,159,9116,2664.65
jpr_300_500_2,10,158,9814,1969.63
jpr_300_500_3,10,153,9708,2284.76
jpr_300_500_4,10,158,9450,1987.13
jpr_300_500_5,10,159,9266,2019.4
jpr_300_500_6,10,156,9284,1315.39
jpr_300_500_7,10,150,8786,1977.06
jpr_300_500_8,10,150,9448,2457.53
jpr_300_500_9,10,154,9419,1906.32
jpr_300_750_1,10,183,11378,2233.64
jpr_300_750_10,10,181,11151,1940.92
jpr_300_750_2,10,183,10982,3410.56
jpr_300_750_3,10,183,10869,3383.63
jpr_300_750_4,10,175,11256,2041.73
jpr_300_750_5,10,180,11063,2162.23
jpr_300_750_6,10,178,11438,5040.38
jpr_300_750_7,10,178,10739,2423.87
jpr_300_750_8,10,180,11057,2524.88
jpr_300_750_9,10,178,11484,1952.23
jpr_300_5000_3,10,266,17771,4169.79
jpr_50_1000_1,10,47,3319,102.857
jpr_50_1000_10,10,47,3279,103.103
jpr_50_1000_2,10,47,3348,107.887
jpr_50_1000_4,10,46,3343,100.952
jpr_50_1000_5,10,47,3000,102.588
jpr_50_1000_6,10,47,3109,102.225
jpr_50_1000_3,10,47,3367,102.927
jpr_50_1000_7,10,47,3283,109.128
jpr_50_1000_8,10,46,2995,100.684
jpr_50_100_1,10,30,1862,42.3706
jpr_50_100_10,10,29,1829,36.7523
jpr_50_1000_9,10,47,3083,102.547
jpr_50_100_2,10,28,1588,37.0593
jpr_50_100_3,10,27,1643,39.8749
jpr_50_100_4,10,28,1821,37.2948
jpr_50_100_5,10,27,1502,35.919
jpr_50_100_6,10,29,1825,40.3521
jpr_50_100_7,10,26,1493,34.1231
jpr_50_100_8,10,28,1832,36.0976
jpr_50_100_9,10,27,1487,33.5435
jpr_50_250_10,10,39,2518,55.3207
jpr_50_250_1,10,38,2520,59.1342
jpr_50_250_2,10,37,2391,52.9271
jpr_50_250_4,10,37,2029,57.0694
jpr_50_250_5,10,36,2211,59.0281
jpr_50_250_3,10,38,2476,58.4277
jpr_50_250_6,10,37,2392,63.9204
jpr_50_250_8,10,36,2383,56.6407
jpr_50_250_9,10,36,2365,68.9576
jpr_50_250_7,10,38,2730,53.6466
jpr_50_500_1,10,44,2643,73.3954
jpr_300_5000_4,10,262,17984,6743.09
jpr_50_500_10,10,43,2948,108.666
jpr_50_500_2,10,44,2964,72.5183
jpr_50_500_3,10,43,3088,72.1633
jpr_50_500_4,10,44,2708,84.1983
jpr_50_500_5,10,42,2669,70.6253
jpr_50_500_8,10,42,2489,71.2657
jpr_50_500_7,10,44,3079,73.2367
jpr_50_50_1,10,20,1258,23.1452
jpr_50_500_6,10,42,2777,70.4138
jpr_50_50_10,10,22,1483,24.3402
jpr_50_50_2,10,21,1238,40.0482
jpr_50_50_3,10,19,1178,24.4753
jpr_50_50_4,10,22,1136,25.259
jpr_50_50_5,10,20,1081,23.0492
jpr_50_50_6,10,19,1235,22.3245
jpr_50_50_7,10,18,1045,21.3368
jpr_50_50_8,10,22,1133,27.1515
jpr_50_50_9,10,21,1092,23.8628
jpr_50_500_9,10,43,2597,72.8937
jpr_50_750_2,10,46,2778,87.9382
jpr_50_750_1,10,46,3199,92.1999
jpr_50_750_10,10,46,3391,88.8302
jpr_50_750_3,10,45,3080,86.0592
jpr_50_750_4,10,46,3313,88.5584
jpr_50_750_5,10,46,2944,88.0586
jpr_50_750_6,10,45,3067,87.4549
jpr_50_750_7,10,45,2811,86.1783
jpr_50_750_9,10,46,2772,88.6317
jpr_50_750_8,10,46,2932,89.111
jpr_300_5000_5,10,264,17756,5243.11
jpr_300_5000_6,10,262,17034,6169.58
jpr_300_5000_7,10,265,17467,4946.4
jpr_300_5000_8,10,267,17702,7138.02
jpr_300_5000_9,10,267,17827,3614.06
